Date,ADANIENT.NS,ADANIPORTS.NS,APOLLOHOSP.NS,ASIANPAINT.NS,AXISBANK.NS,BAJAJ-AUTO.NS,BAJAJFINSV.NS,BAJFINANCE.NS,BHARTIARTL.NS,BPCL.NS,BRITANNIA.NS,CIPLA.NS,COALINDIA.NS,DIVISLAB.NS,DRREDDY.NS,EICHERMOT.NS,GRASIM.NS,HCLTECH.NS,HDFCBANK.NS,HDFCLIFE.NS,HEROMOTOCO.NS,HINDALCO.NS,HINDUNILVR.NS,ICICIBANK.NS,INDUSINDBK.NS,INFY.NS,ITC.NS,JSWSTEEL.NS,KOTAKBANK.NS,LT.NS,LTM.NS,M&M.NS,MARUTI.NS,NESTLEIND.NS,NTPC.NS,ONGC.NS,POWERGRID.NS,RELIANCE.NS,SBILIFE.NS,SBIN.NS,SUNPHARMA.NS,TATACONSUM.NS,TATASTEEL.NS,TCS.NS,TECHM.NS,TITAN.NS,TMPV.NS,ULTRACEMCO.NS,UPL.NS,WIPRO.NS
2019-01-01,155.23696899414062,371.7185363769531,1240.771240234375,1295.0108642578125,623.9168090820312,2200.991943359375,650.1537475585938,259.2041320800781,280.4254455566406,111.28396606445312,2756.300537109375,491.0970764160156,129.75637817382812,1405.730712890625,498.2218322753906,2178.05712890625,797.1151123046875,375.3894348144531,504.39251708984375,378.8808288574219,2410.2626953125,212.41726684570312,1607.5006103515625,350.95703125,1532.775146484375,541.725830078125,196.50267028808594,280.3340148925781,248.91534423828125,1283.00634765625,1546.2274169921875,724.51708984375,7004.46142578125,501.66998291015625,92.17314910888672,94.7482681274414,75.1998519897461,496.1963806152344,589.6654052734375,271.5511779785156,402.7559509277344,205.28201293945312,41.323265075683594,1561.0008544921875,556.5626220703125,906.1699829101562,170.38226318359375,3878.70263671875,468.16668701171875,112.1473388671875
2019-01-02,152.86770629882812,364.3605651855469,1233.2760009765625,1306.105224609375,616.7059326171875,2173.02197265625,636.40185546875,255.02850341796875,274.4132080078125,108.48062133789062,2768.55859375,483.1163330078125,127.17737579345703,1401.3958740234375,497.07525634765625,1987.174072265625,779.9009399414062,370.1095886230469,499.7902526855469,383.53839111328125,2347.802001953125,204.59764099121094,1592.774169921875,351.777099609375,1514.5233154296875,544.9840698242188,195.0430450439453,266.26885986328125,246.95460510253906,1268.4134521484375,1564.3658447265625,694.8656005859375,6808.7119140625,502.5967102050781,91.11939239501953,93.8231430053711,73.41385650634766,489.7339172363281,592.4717407226562,266.3847961425781,408.7941589355469,201.06582641601562,39.552555084228516,1577.818115234375,551.1060791015625,910.222412109375,165.56893920898438,3875.70361328125,470.03070068359375,111.76969146728516
2019-01-03,150.5477752685547,361.3027648925781,1241.0162353515625,1310.826171875,604.671142578125,2180.5703125,636.3321533203125,252.31146240234375,275.15924072265625,106.82897186279297,2785.479736328125,481.0977478027344,126.26400756835938,1369.9552001953125,492.5459899902344,1897.8876953125,764.7905883789062,370.8918151855469,495.8689270019531,383.68548583984375,2323.218017578125,199.49578857421875,1596.1656494140625,350.474609375,1498.6728515625,545.0655517578125,193.8265838623047,260.68890380859375,245.8896484375,1241.2744140625,1568.5169677734375,672.9431762695312,6748.84912109375,510.41876220703125,88.88790893554688,90.85627746582031,72.58666229248047,483.6919250488281,590.8470458984375,263.8469543457031,405.124755859375,196.80274963378906,38.55903625488281,1558.6624755859375,535.007568359375,909.2947387695312,163.11314392089844,3773.105712890625,463.91064453125,111.75251770019531
2019-01-04,150.59713745117188,365.17279052734375,1266.8326416015625,1308.5130615234375,616.25830078125,2207.086669921875,639.0385131835938,251.32125854492188,283.0146789550781,108.93523406982422,2773.754638671875,481.4732666015625,127.06988525390625,1391.4873046875,496.8745422363281,1887.7601318359375,770.9590454101562,364.6343688964844,497.195556640625,385.8426513671875,2302.565185546875,201.11692810058594,1590.185791015625,352.3560791015625,1487.241455078125,538.467529296875,195.2863006591797,265.57708740234375,248.41770935058594,1235.0906982421875,1527.95361328125,679.7822265625,6777.46923828125,494.2074890136719,90.34457397460938,92.96180725097656,73.65824127197266,486.3034362792969,593.60400390625,269.7837219238281,402.9881591796875,200.3162384033203,39.07182312011719,1539.7117919921875,527.1516723632812,906.6092529296875,167.9264678955078,3787.1337890625,469.9685363769531,111.39202880859375
2019-01-07,149.31378173828125,364.6950378417969,1256.1533203125,1318.096435546875,634.0120849609375,2146.02099609375,638.7096557617188,249.13101196289062,285.2089538574219,107.75330352783203,2792.4970703125,482.6468811035156,125.99531555175781,1415.7822265625,488.9723205566406,1862.1064453125,784.8260498046875,368.23236083984375,497.947021484375,385.4013977050781,2279.52294921875,198.8759765625,1593.0863037109375,354.7680969238281,1497.760498046875,547.1427612304688,195.77284240722656,267.32952880859375,248.1489715576172,1231.308837890625,1542.8436279296875,683.4827880859375,6896.96044921875,491.2425231933594,92.11116790771484,94.3335952758789,74.6170654296875,489.0035705566406,593.2102661132812,268.56005859375,400.2012023925781,201.3937225341797,38.899559020996094,1556.9803466796875,532.105224609375,921.8424072265625,172.2486572265625,3798.936279296875,474.5352478027344,111.32337188720703
2019-01-08,151.485595703125,361.923828125,1224.213134765625,1323.05322265625,647.3896484375,2175.322998046875,642.2883911132812,247.51637268066406,288.9830322265625,106.66229248046875,2744.30908203125,482.2713317871094,125.35054779052734,1389.9150390625,491.23687744140625,1882.2247314453125,800.0797729492188,369.6403503417969,493.8026123046875,387.01934814453125,2289.040283203125,196.92105102539062,1580.5020751953125,366.7802429199219,1515.6280517578125,545.7986450195312,197.58006286621094,271.0648193359375,244.62559509277344,1229.8851318359375,1523.4417724609375,677.7211303710938,6969.51806640625,501.2303771972656,91.0884017944336,94.07836151123047,74.20345306396484,488.95928955078125,603.1060791015625,276.7174987792969,416.22601318359375,201.58114624023438,39.36827087402344,1553.4122314453125,533.9239501953125,923.8929443359375,176.7672882080078,3788.826904296875,467.3590393066406,111.76969146728516
2019-01-09,147.43812561035156,360.53826904296875,1241.7508544921875,1323.7615966796875,666.4859619140625,2176.977294921875,637.9071044921875,246.27735900878906,293.5909423828125,103.05587005615234,2747.062744140625,478.93817138671875,125.00133514404297,1403.634521484375,497.4669494628906,1905.3621826171875,798.8365478515625,367.00042724609375,497.0429992675781,388.29400634765625,2263.72509765625,196.1581573486328,1593.1312255859375,368.806396484375,1538.6829833984375,550.7268676757812,201.85488891601562,268.15960693359375,246.48683166503906,1233.3106689453125,1584.30908203125,680.43798828125,7019.5439453125,512.4728393554688,90.84044647216797,92.70658874511719,74.29743957519531,491.65936279296875,633.0890502929688,276.7174987792969,416.8763122558594,199.19195556640625,38.39478302001953,1547.997314453125,536.9037475585938,930.5330200195312,179.81246948242188,3693.00048828125,475.18768310546875,112.95416259765625
2019-01-10,149.1656951904297,363.3571472167969,1259.3865966796875,1318.4267578125,659.6729125976562,2199.902587890625,635.2006225585938,245.33099365234375,296.04852294921875,101.70722198486328,2743.776123046875,481.895751953125,125.18937683105469,1448.6043701171875,496.95098876953125,1930.250732421875,784.3956909179688,366.00311279296875,495.093994140625,398.78582763671875,2249.8916015625,194.53701782226562,1594.2020263671875,366.1531066894531,1504.2445068359375,553.6592407226562,201.29884338378906,266.822265625,242.76438903808594,1239.1387939453125,1615.216552734375,686.90234375,6924.64404296875,519.9580688476562,91.80123901367188,91.39860534667969,73.56425476074219,490.22076416015625,625.0148315429688,276.9441223144531,413.02099609375,200.6441650390625,38.490928649902344,1549.3101806640625,537.5617065429688,943.9595947265625,182.4647216796875,3693.919677734375,480.3446350097656,111.83834838867188
2019-01-11,149.5605926513672,360.3949279785156,1266.5391845703125,1325.319580078125,662.9053955078125,2196.39111328125,635.1707153320312,245.28712463378906,294.1175537109375,102.22244262695312,2750.7939453125,479.0321350097656,124.78641510009766,1434.02734375,494.60992431640625,1925.6966552734375,778.7055053710938,367.64569091796875,495.8923645019531,398.6877746582031,2234.2861328125,196.3011932373047,1579.2081298828125,365.23651123046875,1455.4927978515625,556.7545166015625,205.2956085205078,266.361083984375,243.49095153808594,1218.673583984375,1562.2454833984375,681.9370727539062,6858.03662109375,513.41796875,91.73924255371094,92.2918472290039,73.07545471191406,486.0378723144531,628.707275390625,274.4062805175781,412.835205078125,198.53610229492188,37.994171142578125,1511.5731201171875,541.1605834960938,936.7335205078125,177.11111450195312,3647.482421875,486.77532958984375,112.85115051269531
2019-01-14,146.45091247558594,357.8149108886719,1295.8338623046875,1311.1094970703125,655.6448364257812,2178.793701171875,634.8865966796875,248.2724609375,291.0456237792969,101.51026153564453,2765.71630859375,480.6752014160156,124.06107330322266,1458.1318359375,492.8231201171875,1923.1424560546875,778.179443359375,366.5311584472656,493.4856262207031,384.4208679199219,2209.43310546875,196.5872802734375,1574.2991943359375,360.2193908691406,1425.6173095703125,571.7424926757812,204.56578063964844,261.841796875,241.2117156982422,1186.9078369140625,1560.4405517578125,678.7984619140625,6940.6650390625,511.3979187011719,90.22059631347656,91.52620697021484,72.37986755371094,485.4845886230469,610.5894775390625,272.2762756347656,418.82708740234375,200.03515625,37.72575378417969,1487.536376953125,526.1842651367188,934.9759521484375,179.17396545410156,3653.673828125,478.66705322265625,107.30643463134766
2019-01-15,146.74703979492188,368.0395202636719,1302.251220703125,1327.491455078125,657.0371704101562,2200.346435546875,648.9324951171875,254.0675811767578,296.4434814453125,103.55589294433594,2828.1162109375,483.49188232421875,125.00133514404297,1450.2716064453125,495.8807678222656,1937.9552001953125,779.9009399414062,370.63763427734375,498.240478515625,379.9594421386719,2243.30322265625,198.8282470703125,1597.459716796875,359.6404724121094,1436.328125,591.8623046875,206.1297149658203,269.4046936035156,241.5401611328125,1193.1363525390625,1562.7415771484375,681.000244140625,6890.4970703125,513.857421875,90.37555694580078,92.61088562011719,72.36105346679688,500.0252685546875,614.3311767578125,273.40924072265625,420.31353759765625,200.7847137451172,38.06227493286133,1532.28759765625,546.6170043945312,945.5218505859375,182.07180786132812,3703.062255859375,482.1153869628906,113.22882843017578
2019-01-16,146.54962158203125,372.00518798828125,1320.327880859375,1312.1954345703125,660.4188842773438,2193.566162109375,644.4614868164062,250.71636962890625,293.10821533203125,105.23788452148438,2820.876708984375,480.2526550292969,124.67893981933594,1447.985107421875,500.11383056640625,1947.1153564453125,790.2294311523438,366.94183349609375,497.84124755859375,379.9594421386719,2219.335693359375,198.73292541503906,1582.019287109375,362.1007995605469,1466.5880126953125,600.1708374023438,204.3920135498047,264.1936950683594,239.42015075683594,1194.24853515625,1596.31103515625,680.3911743164062,6848.43310546875,503.5302429199219,90.71647644042969,93.37652587890625,72.19186401367188,502.7916564941406,611.8695678710938,274.7688293457031,421.5675964355469,202.7991180419922,38.022216796875,1534.21533203125,541.702392578125,938.5889282226562,182.17002868652344,3760.48046875,475.9953918457031,115.54627227783203
2019-01-17,147.09259033203125,376.97412109375,1325.5694580078125,1312.0535888671875,673.0006713867188,2203.4140625,633.9097290039062,247.40415954589844,291.44061279296875,107.64725494384766,2848.723388671875,478.46875,124.67893981933594,1434.2177734375,500.5342712402344,1912.77099609375,791.9508056640625,373.3752746582031,500.6824951171875,383.2442626953125,2237.638427734375,196.44424438476562,1563.2318115234375,361.4254455566406,1463.03369140625,597.3605346679688,204.322509765625,266.5455627441406,242.84400939941406,1197.7188720703125,1607.004638671875,688.2607421875,6872.79150390625,508.5310363769531,89.81769561767578,92.51517486572266,72.90625762939453,502.1498718261719,613.7896728515625,269.55712890625,396.2530822753906,204.3919219970703,37.91004180908203,1557.358154296875,546.075439453125,938.9307861328125,181.62974548339844,3721.250244140625,477.8282775878906,115.15144348144531
2019-01-18,144.87136840820312,381.5608825683594,1338.6495361328125,1322.298095703125,661.0156860351562,2196.2294921875,623.0338745117188,248.0871124267578,273.0966491699219,107.34419250488281,2816.96875,478.2809143066406,123.57748413085938,1437.83837890625,496.2629699707031,1889.5584716796875,788.9382934570312,377.9118957519531,500.20111083984375,376.2333679199219,2233.900634765625,199.11434936523438,1556.62744140625,358.9169006347656,1457.1739501953125,595.4055786132812,202.58474731445312,263.40972900390625,246.87498474121094,1172.6708984375,1630.8731689453125,688.5418701171875,6893.1201171875,512.2975463867188,89.44577026367188,93.63175964355469,72.79344940185547,524.2374877929688,610.68798828125,267.33648681640625,362.9959411621094,202.6117401123047,37.70973205566406,1562.5784912109375,548.8617553710938,938.3449096679688,180.0580596923828,3695.61279296875,475.96435546875,118.8421859741211
2019-01-21,144.0816192626953,378.5986328125,1299.2139892578125,1342.739990234375,656.7388305664062,2167.049072265625,636.456787109375,253.09194946289062,273.2721862792969,106.54104614257812,2796.5830078125,478.14007568359375,123.0401840209961,1426.4530029296875,496.8363952636719,1880.6612548828125,780.0443115234375,377.69677734375,504.40411376953125,376.3804626464844,2153.36865234375,198.01768493652344,1559.12646484375,358.62744140625,1448.2401123046875,606.8502807617188,201.5073699951172,262.4874267578125,252.32925415039062,1169.6898193359375,1606.1019287109375,684.1854858398438,6753.01806640625,512.6094970703125,88.88790893554688,92.32376861572266,71.90985107421875,547.85205078125,608.1771240234375,265.070556640625,370.0096130371094,197.224365234375,37.793861389160156,1569.197021484375,552.5380859375,940.1025390625,178.2898712158203,3724.24951171875,477.890380859375,115.97541809082031
2019-01-22,143.83482360839844,373.2474670410156,1267.616455078125,1328.435302734375,658.0318603515625,2170.076416015625,641.540771484375,255.79440307617188,267.5671081542969,107.22295379638672,2801.24609375,476.1214904785156,122.36857604980469,1432.59814453125,504.57611083984375,1880.248291015625,769.237548828125,367.9195861816406,501.5160827636719,376.3804626464844,2176.98876953125,194.10789489746094,1562.07177734375,356.0705871582031,1442.476318359375,607.1353149414062,201.40309143066406,256.4002380371094,257.13653564453125,1157.7667236328125,1604.297119140625,663.761962890625,6622.2841796875,511.75787353515625,88.51597595214844,92.1004409790039,71.32704162597656,546.7235107421875,610.3925170898438,263.0765380859375,389.19287109375,198.72348022460938,36.58000183105469,1563.606689453125,552.770263671875,959.5343627929688,177.65139770507812,3734.843017578125,474.25567626953125,118.96234893798828
2019-01-23,141.16941833496094,368.0872802734375,1267.6656494140625,1318.6158447265625,658.0318603515625,2158.573486328125,647.28271484375,257.009033203125,266.5577392578125,108.23819732666016,2845.8369140625,478.18707275390625,121.1865463256836,1432.2646484375,505.8087158203125,1886.403564453125,748.0067138671875,369.3665466308594,494.3661193847656,366.0847473144531,2154.6787109375,195.91976928710938,1577.244384765625,354.4786376953125,1436.1361083984375,595.9759521484375,192.74920654296875,259.0748596191406,254.1008758544922,1158.03369140625,1585.4820556640625,651.91064453125,6600.3154296875,515.3717041015625,87.2452621459961,91.43050384521484,70.04865264892578,542.8060913085938,610.4910278320312,259.8135681152344,400.3869934082031,197.3180694580078,37.224998474121094,1541.984375,557.8009643554688,939.5166015625,177.06199645996094,3725.313232421875,473.9761047363281,120.6961669921875
2019-01-24,140.72515869140625,364.02618408203125,1288.04443359375,1323.6201171875,660.0708618164062,2140.451171875,638.7245483398438,257.1358642578125,264.75848388671875,107.26841735839844,2857.38427734375,470.11248779296875,120.2731704711914,1422.6895751953125,509.9556884765625,1888.8870849609375,751.4973754882812,370.1487121582031,493.62646484375,354.1712341308594,2150.247802734375,195.538330078125,1570.3721923828125,351.9700927734375,1431.621337890625,599.53857421875,193.86135864257812,261.61126708984375,252.35911560058594,1152.60546875,1576.5030517578125,653.2692260742188,6595.818359375,520.72314453125,86.81135559082031,90.4096450805664,70.21786499023438,552.16796875,608.7678833007812,261.0824890136719,392.95526123046875,197.50547790527344,36.916526794433594,1563.318603515625,563.2575073242188,946.8402099609375,172.29776000976562,3667.314697265625,464.3455505371094,120.76481628417969
2019-01-25,135.5917205810547,357.2415771484375,1266.14697265625,1295.577392578125,666.1378784179688,2120.02880859375,630.176513671875,253.61387634277344,269.89300537109375,108.32913970947266,2848.32373046875,476.6378479003906,118.71497344970703,1424.6903076171875,510.710693359375,1882.7225341796875,726.4410400390625,379.1243591308594,492.1589660644531,352.40618896484375,2057.73193359375,194.9661407470703,1567.96240234375,344.6373596191406,1426.433837890625,598.1873168945312,194.06988525390625,253.31053161621094,252.0406036376953,1143.796630859375,1546.2274169921875,640.3406372070312,6101.923828125,517.6353149414062,85.72660064697266,90.60106658935547,69.87944793701172,551.526123046875,610.09716796875,258.6805419921875,392.3978576660156,193.99197387695312,36.28755569458008,1579.1446533203125,564.2637329101562,954.9937133789062,170.18580627441406,3396.525390625,467.918212890625,121.34845733642578
2019-01-28,134.65386962890625,311.6128845214844,1240.18310546875,1302.517333984375,652.7603759765625,2070.949951171875,603.1961059570312,239.85299682617188,267.8304138183594,105.67736053466797,2845.481201171875,462.084716796875,120.9985122680664,1403.8251953125,501.6044616699219,1876.848876953125,700.8109130859375,382.4094543457031,489.37646484375,360.1524963378906,2002.592529296875,190.7225799560547,1555.645751953125,331.4674377441406,1386.85595703125,596.2214965820312,190.97674560546875,246.94662475585938,250.90594482421875,1157.1435546875,1536.5267333984375,630.5504150390625,6099.7216796875,517.4075927734375,85.91255950927734,90.37775421142578,70.61265563964844,544.2446899414062,590.0592651367188,255.2363739013672,382.5042724609375,196.05320739746094,35.710670471191406,1607.261474609375,568.9849243164062,936.098876953125,169.25259399414062,3264.613525390625,472.2363586425781,121.93214416503906
2019-01-29,138.99754333496094,333.73443603515625,1273.34814453125,1315.5472412109375,657.1864013671875,2072.644775390625,621.3541259765625,245.41880798339844,270.2002258300781,104.52570343017578,2824.6962890625,474.1966857910156,119.57466888427734,1433.69384765625,509.57354736328125,1772.6041259765625,701.4803466796875,386.5745544433594,483.142333984375,353.2887268066406,2029.333984375,190.29344177246094,1567.8731689453125,334.65142822265625,1404.2913818359375,596.1806640625,193.54852294921875,249.89801025390625,249.10446166992188,1137.2125244140625,1543.8363037109375,627.3651123046875,6114.61767578125,519.1611328125,85.85057067871094,89.99493408203125,69.78545379638672,535.8788452148438,596.8042602539062,254.32997131347656,392.3978576660156,191.9307098388672,35.55844497680664,1630.075439453125,566.159912109375,943.3735961914062,170.5296173095703,3298.66796875,472.3916931152344,123.73968505859375
2019-01-30,138.1090850830078,323.1275634765625,1292.8944091796875,1312.8089599609375,687.2234497070312,2017.794921875,622.7647705078125,253.2187957763672,266.5577392578125,103.85897827148438,2850.233642578125,474.90081787109375,120.9985122680664,1432.121826171875,509.3728942871094,1776.5384521484375,693.3514404296875,398.287841796875,477.76519775390625,363.19219970703125,2012.1483154296875,196.2535400390625,1547.032958984375,353.0314025878906,1417.9803466796875,594.5425415039062,191.49798583984375,248.00726318359375,243.29188537597656,1151.8048095703125,1562.8319091796875,635.796875,6134.5712890625,519.0494995117188,85.97456359863281,89.13360595703125,70.34947967529297,529.2614135742188,590.74853515625,260.5386962890625,388.2639465332031,191.602783203125,37.453338623046875,1628.9654541015625,553.0797729492188,946.1078491210938,171.51193237304688,3330.158203125,476.7720642089844,125.0652084350586
2019-01-31,135.394287109375,323.6053161621094,1298.822021484375,1333.77001953125,718.8023681640625,2062.070556640625,607.2832641601562,251.20411682128906,268.92755126953125,104.69239807128906,2840.373779296875,485.69830322265625,120.70296478271484,1435.0274658203125,519.9599609375,1784.6702880859375,689.5260620117188,393.1253662109375,488.3902587890625,364.3688049316406,2014.422119140625,198.8282470703125,1573.7188720703125,351.6324157714844,1446.2706298828125,613.9129028320312,193.68759155273438,253.26443481445312,249.97036743164062,1169.4676513671875,1589.001708984375,637.1083984375,6221.6025390625,523.658447265625,86.59441375732422,90.12254333496094,70.91345977783203,543.182373046875,585.8743896484375,266.1582336425781,393.3733215332031,190.94692993164062,38.19447326660156,1655.8492431640625,566.4694213867188,972.3750610351562,177.99517822265625,3404.79736328125,488.67034912109375,127.11376190185547
2019-02-01,141.16941833496094,323.41424560546875,1314.1064453125,1375.8812255859375,713.3816528320312,2100.978515625,607.7868041992188,256.42852783203125,273.71099853515625,103.34375762939453,2887.718017578125,489.50091552734375,119.92389678955078,1459.94189453125,533.4235229492188,1846.4246826171875,687.5655517578125,408.2410888671875,490.8557434082031,368.1439514160156,2163.386962890625,201.59378051757812,1605.89404296875,342.17706298828125,1455.4927978515625,620.0557250976562,195.21676635742188,253.58721923828125,249.96041870117188,1178.6324462890625,1596.1304931640625,644.9312133789062,6522.46484375,526.331787109375,86.87333679199219,90.47346496582031,71.51506042480469,553.2745361328125,581.8865356445312,257.774169921875,393.18743896484375,191.22799682617188,38.034236907958984,1668.8800048828125,577.8468627929688,968.224853515625,178.43722534179688,3370.259033203125,484.5386047363281,127.92285919189453
2019-02-04,121.52413177490234,320.73858642578125,1270.5069580078125,1365.636962890625,716.6141967773438,2133.065185546875,599.0391845703125,253.1163330078125,269.0592041015625,102.60126495361328,2901.041748046875,478.46875,119.3328628540039,1533.398681640625,522.7120361328125,1890.07958984375,675.8980102539062,408.6125793457031,494.2487487792969,368.8793029785156,2142.502685546875,194.7277374267578,1608.8394775390625,342.0805969238281,1445.40625,619.1137084960938,192.61016845703125,252.24989318847656,253.2449493408203,1163.3277587890625,1583.4517822265625,631.8619995117188,6546.7294921875,525.29345703125,85.07575225830078,93.31272888183594,69.40946960449219,571.4005126953125,580.7049560546875,257.3663635253906,385.3376770019531,187.2460479736328,38.142398834228516,1685.5692138671875,579.8204345703125,1001.6204833984375,177.06199645996094,3335.2861328125,478.9777526855469,127.819580078125
2019-02-05,122.659423828125,324.7042541503906,1264.7264404296875,1369.413330078125,725.5656127929688,2188.07666015625,599.8267211914062,254.00901794433594,270.5074157714844,102.41944122314453,2813.148681640625,476.96649169921875,116.27032470703125,1539.782470703125,539.1948852539062,1923.0718994140625,673.2203979492188,410.55224609375,496.39727783203125,368.9283447265625,2199.838623046875,195.2522430419922,1625.6632080078125,340.2474365234375,1481.04541015625,618.2537231445312,190.55966186523438,252.2959442138672,254.62838745117188,1160.83642578125,1637.6866455078125,641.6521606445312,6645.470703125,528.6500854492188,85.5716323852539,91.20719909667969,69.97344207763672,571.6881713867188,575.0430908203125,258.0007629394531,380.78570556640625,174.22265625,37.233009338378906,1680.8829345703125,581.2523803710938,1041.607177734375,172.69070434570312,3349.072021484375,494.5418395996094,126.85553741455078
2019-02-06,121.32669830322266,315.674072265625,1277.6590576171875,1387.400146484375,721.8358764648438,2236.10595703125,618.9217529296875,264.51141357421875,270.9901428222656,102.82855224609375,2825.895263671875,502.2701416015625,118.17770385742188,1575.12890625,533.1272583007812,1981.722900390625,701.4803466796875,413.471435546875,498.41656494140625,362.4078063964844,2219.489990234375,201.59378051757812,1633.249755859375,346.66351318359375,1465.963623046875,625.1747436523438,193.0272216796875,257.5992126464844,254.6980438232422,1169.556396484375,1668.593994140625,651.2080688476562,6729.59716796875,529.103271484375,87.24526977539062,93.5998306274414,70.2366714477539,579.9655151367188,570.5137329101562,261.9888610839844,387.00982666015625,176.56500244140625,38.86750793457031,1705.75244140625,627.9615478515625,1034.1370849609375,175.3429412841797,3396.09033203125,500.32012939453125,128.14663696289062
2019-02-07,122.3632583618164,317.585205078125,1269.6251220703125,1390.2801513671875,726.212158203125,2303.46826171875,623.3528442382812,263.08221435546875,273.0966491699219,102.85887145996094,2854.94189453125,500.3453369140625,120.46121978759766,1591.2305908203125,539.26171875,2056.839111328125,719.8900146484375,416.4886474609375,497.1485900878906,361.23114013671875,2264.9580078125,199.49578857421875,1641.3714599609375,346.036376953125,1455.300537109375,625.7479858398438,194.83447265625,251.88095092773438,255.70335388183594,1153.2286376953125,1688.5369873046875,656.6419067382812,6841.22021484375,533.5802001953125,86.5134506225586,94.36547088623047,69.40946960449219,571.17919921875,568.396728515625,260.49334716796875,404.00994873046875,179.04791259765625,39.183990478515625,1712.4112548828125,623.0467529296875,1031.940185546875,179.61599731445312,3454.33056640625,502.6500549316406,128.62867736816406
2019-02-08,122.16580963134766,316.77294921875,1232.394287109375,1367.9501953125,715.5201416015625,2301.692138671875,616.3348999023438,264.1114501953125,274.9398498535156,102.25274658203125,2762.47412109375,501.6129150390625,117.47920989990234,1605.47412109375,529.30517578125,1957.6043701171875,686.6091918945312,418.663330078125,498.41656494140625,357.9462585449219,2264.80419921875,196.34889221191406,1621.9593505859375,342.61126708984375,1440.02685546875,623.208984375,191.49798583984375,242.42735290527344,258.6593322753906,1122.7083740234375,1661.013427734375,639.0289306640625,6683.55224609375,512.0379638671875,84.0316390991211,91.97285461425781,68.05587005615234,565.5577392578125,568.6920776367188,259.2243957519531,400.4333801269531,173.98843383789062,37.5575065612793,1694.73583984375,623.472412109375,1028.4735107421875,148.0346221923828,3441.995361328125,504.6383361816406,128.31878662109375
2019-02-11,116.68685913085938,314.19293212890625,1099.1954345703125,1356.9029541015625,707.0161743164062,2303.46826171875,607.7169189453125,259.2382507324219,274.0181884765625,101.10112762451172,2760.297607421875,510.1099548339844,117.55980682373047,1557.7415771484375,499.80810546875,1948.7540283203125,685.3660278320312,422.9344482421875,502.4083251953125,349.6607360839844,2268.887451171875,190.19808959960938,1610.8028564453125,337.73883056640625,1451.50634765625,624.76513671875,192.61016845703125,241.27444458007812,259.08734130859375,1109.138916015625,1619.9088134765625,606.6607055664062,6724.4443359375,493.85675048828125,82.9498291015625,88.1765365600586,68.56346130371094,554.7351684570312,558.1561279296875,254.2393035888672,398.1109924316406,168.4136962890625,38.51496887207031,1698.435546875,626.4522094726562,1031.5494384765625,149.95013427734375,3337.123779296875,500.69293212890625,128.43931579589844
2019-02-12,115.4528579711914,312.2817687988281,1109.336181640625,1371.06591796875,701.7944946289062,2286.315185546875,607.7318725585938,255.7846221923828,273.1844177246094,102.82855224609375,2672.4052734375,510.1099548339844,119.8432846069336,1560.6949462890625,506.9075927734375,1984.84521484375,687.469970703125,414.88214111328125,500.0719909667969,346.4739990234375,2198.59912109375,189.1491241455078,1601.60986328125,332.19110107421875,1438.24951171875,614.6500244140625,191.35902404785156,250.63583374023438,258.5101013183594,1109.450439453125,1613.5472412109375,607.7380981445312,6710.01708984375,491.1378479003906,84.79528045654297,87.69800567626953,68.14985656738281,556.1294555664062,565.8857421875,249.6167755126953,405.5892639160156,174.78485107421875,39.051795959472656,1686.67919921875,623.1629028320312,1041.1676025390625,149.11517333984375,3339.97802734375,494.6971435546875,129.11070251464844
2019-02-14,116.58815002441406,333.5911560058594,1129.0294189453125,1321.1175537109375,691.251708984375,2278.84814453125,601.6708984375,254.55540466308594,264.01239013671875,95.66117095947266,2597.791748046875,509.7344665527344,116.70015716552734,1560.07568359375,509.7264404296875,1879.572021484375,687.5177001953125,415.8617858886719,495.4932556152344,352.5042724609375,2180.261474609375,182.85523986816406,1593.1759033203125,331.8533935546875,1457.750244140625,606.1318359375,193.166259765625,258.84429931640625,256.1512145996094,1092.321533203125,1596.4915771484375,594.341064453125,6574.17724609375,484.0785217285156,83.52255249023438,84.31642150878906,65.78108215332031,541.8765258789062,559.830078125,242.09385681152344,409.58380126953125,176.9866180419922,38.66319274902344,1680.923828125,623.743408203125,1017.7322387695312,157.02281188964844,3381.14306640625,510.1370849609375,129.14512634277344
2019-02-15,118.26638793945312,334.59442138671875,1119.672607421875,1315.8302001953125,682.8970336914062,2281.148681640625,600.6591796875,249.8626708984375,267.34765625,99.3585433959961,2538.944580078125,507.5279846191406,118.17770385742188,1544.7366943359375,489.87054443359375,1900.014404296875,675.8980102539062,414.2748107910156,493.25079345703125,351.5237731933594,2117.630615234375,177.9441375732422,1582.242431640625,330.11669921875,1450.0653076171875,607.6881103515625,194.69546508789062,246.16265869140625,255.524169921875,1106.1136474609375,1607.2301025390625,587.923583984375,6492.251953125,479.8269348144531,86.7043685913086,86.13482666015625,68.24386596679688,550.8400268554688,560.1255493164062,238.3323974609375,392.86236572265625,174.4100341796875,37.45734786987305,1668.6744384765625,618.9059448242188,1014.558837890625,158.79095458984375,3327.497802734375,508.4594421386719,129.4894256591797
2019-02-18,115.99581909179688,331.87103271484375,1094.2476806640625,1303.0367431640625,689.5609130859375,2254.95458984375,586.673095703125,248.7261505126953,265.54840087890625,99.3282241821289,2586.3330078125,508.09136962890625,115.59871673583984,1500.3385009765625,490.2909851074219,1892.6055908203125,669.29931640625,409.98406982421875,490.7265625,343.7774963378906,2107.5,175.98924255371094,1563.589111328125,326.8362731933594,1457.2698974609375,606.9508666992188,190.9419708251953,241.55113220214844,254.21035766601562,1107.3592529296875,1577.4056396484375,585.2535400390625,6410.4208984375,471.355712890625,87.4679946899414,87.47470092773438,67.96186065673828,540.061767578125,558.7469482421875,235.61322021484375,385.19830322265625,171.2244873046875,37.30111312866211,1619.8399658203125,621.84716796875,1003.182861328125,160.0188446044922,3317.6298828125,510.63409423828125,129.31727600097656
2019-02-19,116.7362289428711,324.4653015136719,1093.8067626953125,1300.9593505859375,689.3121948242188,2250.39404296875,595.1065063476562,249.73587036132812,266.5577392578125,101.60116577148438,2552.44580078125,506.6830139160156,115.11511993408203,1512.8194580078125,484.8157958984375,1916.5128173828125,686.9917602539062,407.1432189941406,489.3529968261719,340.0514221191406,2070.824462890625,177.896484375,1551.1385498046875,331.1780090332031,1422.20703125,593.2320556640625,191.77606201171875,246.11654663085938,254.88717651367188,1119.638671875,1568.56201171875,592.6547241210938,6374.6806640625,478.9137878417969,85.08163452148438,88.78265380859375,67.47306060791016,538.291259765625,553.82373046875,238.2870330810547,384.26934814453125,172.86410522460938,37.73377227783203,1565.9906005859375,612.2112426757812,1004.5988159179688,160.8538360595703,3354.731689453125,507.2789611816406,125.13406372070312
2019-02-20,118.51317596435547,338.9900817871094,1106.739501953125,1318.9461669921875,696.5728149414062,2239.779052734375,597.967529296875,254.2577667236328,271.2095642089844,103.37408447265625,2595.748779296875,508.04443359375,115.49122619628906,1486.8095703125,482.5702819824219,1927.663818359375,698.802734375,414.5490417480469,495.05889892578125,339.5611572265625,2060.53662109375,184.04727172851562,1547.1666259765625,333.0594177246094,1422.495361328125,606.6642456054688,191.74131774902344,252.7571258544922,256.7384338378906,1135.877685546875,1566.125732421875,593.544677734375,6417.16552734375,479.2052917480469,87.30890655517578,91.90904235839844,68.35665893554688,546.369384765625,552.9866943359375,242.63771057128906,392.3514099121094,176.7992401123047,39.35224914550781,1574.170654296875,628.774169921875,1008.4558715820312,161.88525390625,3457.03955078125,511.193359375,128.14663696289062
2019-02-21,117.87149810791016,339.9456481933594,1128.88232421875,1319.7962646484375,693.4398193359375,2271.462158203125,614.9791870117188,258.9943542480469,271.9994812011719,105.00250244140625,2666.187255859375,512.175537109375,114.81962585449219,1476.7578125,494.2564392089844,1920.04833984375,715.1561279296875,412.76617431640625,496.83160400390625,349.9058837890625,2074.2802734375,185.38233947753906,1566.0880126953125,338.94488525390625,1413.6094970703125,600.7262573242188,191.1852264404297,255.52401733398438,256.6189880371094,1142.5953369140625,1557.146728515625,594.1536865234375,6371.8701171875,483.7664794921875,86.8316421508789,93.75935363769531,68.35665893554688,551.9244384765625,553.2821655273438,242.90957641601562,399.17938232421875,178.62623596191406,39.96919631958008,1573.7186279296875,635.1594848632812,1017.9764404296875,166.69859313964844,3513.0546875,513.3678588867188,128.9557342529297
2019-02-22,126.4107894897461,338.56005859375,1123.003662109375,1319.7962646484375,698.263671875,2273.80322265625,617.6258544921875,257.5992736816406,275.4664001464844,107.78963470458984,2676.135498046875,508.2321472167969,115.49122619628906,1491.0491943359375,504.4232177734375,1933.9456787109375,725.5802612304688,417.76214599609375,491.090576171875,355.4458923339844,2104.59423828125,187.33724975585938,1578.449462890625,339.6684875488281,1405.2041015625,601.9548950195312,190.6638946533203,263.64031982421875,246.4171600341797,1139.2587890625,1547.7615966796875,605.7706298828125,6475.716796875,486.65850830078125,88.89981079101562,94.8121109008789,68.39425659179688,545.484130859375,551.2635498046875,245.58340454101562,399.92254638671875,177.31454467773438,40.24562072753906,1583.1318359375,639.3002319335938,1017.0975952148438,171.2172393798828,3507.685546875,514.0514526367188,130.4017791748047
2019-02-25,130.3101806640625,310.1317138671875,1163.4189453125,1320.220947265625,699.90478515625,2298.584716796875,631.3726806640625,259.29193115234375,278.4505920410156,105.23738861083984,2707.57958984375,514.8045654296875,115.16885375976562,1519.393310546875,509.65960693359375,1944.2138671875,744.659423828125,424.07073974609375,499.0622863769531,347.69964599609375,2130.2353515625,187.38491821289062,1579.8770751953125,343.0936584472656,1432.4857177734375,618.2947387695312,192.3321533203125,265.43878173828125,247.0242919921875,1135.254638671875,1538.0157470703125,609.6116943359375,6487.42724609375,493.31719970703125,89.3134536743164,94.26976776123047,68.41307067871094,545.4618530273438,552.3958740234375,244.85830688476562,405.124755859375,179.04791259765625,40.4699592590332,1632.0484619140625,642.8992309570312,1018.464599609375,172.64158630371094,3595.626953125,526.6641235351562,132.6913604736328
2019-02-26,130.40890502929688,309.12835693359375,1133.927978515625,1323.7615966796875,706.3200073242188,2308.069580078125,643.2454223632812,259.29193115234375,276.8707580566406,105.42527770996094,2730.052490234375,516.7763671875,118.2851333618164,1544.831787109375,506.0093688964844,1936.2510986328125,746.9069213867188,414.9016418457031,495.598876953125,346.8171691894531,2111.8193359375,187.38491821289062,1581.7515869140625,335.95391845703125,1419.901611328125,608.1386108398438,191.49798583984375,262.3952331542969,246.06878662109375,1126.3564453125,1533.548828125,610.1738891601562,6468.12841796875,492.0760192871094,89.44071960449219,94.11026000976562,68.13105010986328,540.1281127929688,550.8204345703125,241.4140625,404.79962158203125,179.56320190429688,40.34977722167969,1676.07373046875,644.9501953125,1013.924072265625,179.41954040527344,3665.23486328125,531.2620239257812,133.46600341796875
2019-02-27,130.55697631835938,310.80059814453125,1126.041259765625,1327.2550048828125,714.32666015625,2352.7890625,639.9756469726562,257.75537109375,280.9959411621094,103.56199645996094,2716.817626953125,518.1846313476562,118.98360443115234,1561.0284423828125,505.8374328613281,1916.3204345703125,748.2457885742188,415.4894104003906,491.2784729003906,343.2381896972656,2103.57373046875,186.8604278564453,1549.8446044921875,333.3971252441406,1418.556640625,602.2005004882812,191.22000122070312,261.9340515136719,242.08755493164062,1143.1292724609375,1557.4173583984375,614.7176513671875,6528.27294921875,487.945068359375,88.29527282714844,94.42928314208984,68.22505950927734,541.5667114257812,554.66064453125,242.5923309326172,411.2560119628906,180.54696655273438,40.63020706176758,1692.023193359375,638.990478515625,992.3439331054688,174.21328735351562,3762.511962890625,540.1158447265625,128.90411376953125
2019-02-28,127.20054626464844,311.3740234375,1117.81103515625,1326.7830810546875,705.7232055664062,2341.407470703125,644.2223510742188,258.4383239746094,279.15277099609375,105.70710754394531,2715.3076171875,520.6727294921875,122.66412353515625,1576.0819091796875,502.9230651855469,1865.740478515625,743.1292724609375,412.9620361328125,487.82672119140625,345.3953857421875,2063.952880859375,186.66970825195312,1546.408203125,337.8353271484375,1415.8189697265625,601.4223022460938,191.88031005859375,259.2593688964844,241.48043823242188,1150.47021484375,1551.7320556640625,605.1148071289062,6398.2412109375,484.57720947265625,89.88617706298828,98.33213806152344,68.75147247314453,544.9086303710938,569.6767578125,243.8612823486328,413.531982421875,181.48391723632812,40.097389221191406,1630.6510009765625,642.5122680664062,1001.0834350585938,174.31150817871094,3701.94970703125,545.2728881835938,127.01048278808594
2019-03-01,132.13653564453125,318.3974609375,1128.539306640625,1314.650146484375,698.61181640625,2311.4599609375,642.044189453125,259.58465576171875,270.024658203125,108.36896514892578,2733.383544921875,517.8560791015625,125.00133514404297,1590.89697265625,505.66546630859375,1873.2099609375,757.1876220703125,412.45269775390625,489.1886901855469,355.8871765136719,2101.25634765625,187.0511474609375,1548.1932373046875,341.7911071777344,1454.484130859375,607.647216796875,193.37477111816406,260.1816711425781,244.03839111328125,1164.3511962890625,1544.061767578125,608.675048828125,6497.02978515625,476.0171813964844,90.99980163574219,98.62983703613281,68.88307189941406,542.6954345703125,598.5765380859375,247.3961944580078,415.5757141113281,184.8568572998047,40.670265197753906,1640.4757080078125,643.7892456054688,997.3238525390625,177.11111450195312,3752.112060546875,540.3954467773438,129.3516845703125
2019-03-05,139.98475646972656,324.1786804199219,1167.7786865234375,1325.50830078125,728.1018676757812,2343.949951171875,652.3269653320312,262.9407653808594,270.2002258300781,113.52046966552734,2725.92236328125,515.1331787109375,129.5683135986328,1585.0853271484375,507.2133483886719,2019.3917236328125,774.7842407226562,412.43310546875,494.7654113769531,368.97735595703125,2195.536865234375,189.53054809570312,1539.2235107421875,350.474609375,1480.9013671875,599.9482421875,196.39845275878906,268.57464599609375,246.92474365234375,1161.904296875,1508.7327880859375,615.27978515625,6668.0947265625,478.4833679199219,93.54525756835938,102.53264617919922,68.807861328125,547.8301391601562,598.4288330078125,250.5684814453125,423.51837158203125,185.0911102294922,41.80400466918945,1634.4739990234375,626.9166259765625,1010.6529541015625,190.617919921875,3833.232177734375,543.9681396484375,125.18572235107422
2019-03-06,137.46737670898438,322.0763854980469,1168.611572265625,1315.9248046875,716.7135620117188,2363.202392578125,658.8463745117188,269.92120361328125,271.5606384277344,116.71470642089844,2688.61572265625,514.100341796875,130.42796325683594,1625.291259765625,514.7716064453125,2019.25537109375,784.300048828125,408.7889099121094,494.09613037109375,382.45977783203125,2172.133056640625,193.34498596191406,1517.0894775390625,358.8686828613281,1474.4169921875,599.9482421875,198.6227569580078,267.4217834472656,247.09396362304688,1171.8701171875,1488.8795166015625,617.2940063476562,6611.087890625,470.04864501953125,94.78617858886719,102.40037536621094,69.37186431884766,559.84765625,598.6257934570312,252.0640411376953,427.83819580078125,185.46588134765625,41.731895446777344,1643.927978515625,637.4039916992188,1031.1099853515625,185.46078491210938,3849.14697265625,545.1176147460938,127.36622619628906
2019-03-07,135.1474609375,325.7553405761719,1162.9288330078125,1317.5771484375,729.792724609375,2356.986328125,657.7847290039062,266.80902099609375,270.024658203125,116.08837890625,2703.71630859375,508.279052734375,126.26400756835938,1572.890380859375,512.3064575195312,2020.903076171875,774.8321533203125,405.3799133300781,499.32061767578125,383.4893493652344,2144.05712890625,191.29473876953125,1522.0872802734375,357.7590637207031,1470.958984375,592.1264038085938,201.6463623046875,267.191162109375,246.27780151367188,1203.369140625,1480.306640625,629.37939453125,6584.99755859375,464.7018127441406,93.03617095947266,100.58125305175781,70.3682632446289,562.260009765625,583.0189208984375,255.372314453125,418.87353515625,184.20101928710938,41.75592803955078,1655.19140625,625.5621948242188,1018.7578125,185.95193481445312,3785.440673828125,541.8245239257812,123.41830444335938
2019-03-08,136.4308319091797,326.9498291015625,1148.18359375,1305.2081298828125,729.4446411132812,2385.885009765625,659.6240844726562,270.0772705078125,270.94622802734375,115.0392837524414,2728.009521484375,506.96466064453125,126.21025085449219,1569.5555419921875,499.7507019042969,2053.726806640625,771.8197631835938,395.387939453125,499.7197265625,384.0777282714844,2152.107177734375,186.47900390625,1518.695556640625,357.56610107421875,1458.2305908203125,583.4443359375,202.96705627441406,264.1475830078125,246.6162109375,1191.8016357421875,1487.5262451171875,627.8336181640625,6527.52392578125,459.7738952636719,96.85433959960938,99.4897689819336,70.31185913085938,560.86572265625,578.1448364257812,254.87379455566406,422.6358947753906,181.01544189453125,40.69029998779297,1662.9195556640625,627.9615478515625,1028.424560546875,177.99517822265625,3842.71337890625,547.851318359375,118.29978942871094
2019-03-11,137.2699737548828,335.69329833984375,1179.682861328125,1340.568359375,730.5386962890625,2422.088134765625,676.2368774414062,272.2967834472656,292.9765319824219,121.2085189819336,2783.303466796875,507.1054992675781,130.77723693847656,1610.76171875,501.8719787597656,2157.14990234375,791.3770751953125,393.56585693359375,499.7785339355469,382.90106201171875,2210.537109375,191.72386169433594,1530.611083984375,362.6315002441406,1454.9644775390625,582.5433959960938,203.62742614746094,269.91192626953125,248.7362060546875,1198.1636962890625,1486.7139892578125,638.04541015625,6634.5087890625,468.77569580078125,96.34525299072266,101.20967102050781,73.056640625,577.2432861328125,612.9034423828125,260.4480285644531,426.8162536621094,189.72891235351562,41.71586608886719,1656.4248046875,624.7108764648438,1044.0484619140625,178.63369750976562,3917.352294921875,557.1401977539062,119.2408676147461
2019-03-12,146.50022888183594,345.0101623535156,1133.830078125,1348.405029296875,738.5452270507812,2418.49658203125,683.9426879882812,268.5894470214844,308.7751770019531,122.19499969482422,2784.8134765625,505.83795166015625,130.53543090820312,1619.622314453125,509.64996337890625,2109.213134765625,794.5328979492188,397.0729064941406,509.7695617675781,364.31982421875,2205.588623046875,193.96484375,1548.3270263671875,374.547119140625,1507.2705078125,579.021728515625,204.70481872558594,269.12799072265625,251.48324584960938,1235.8466796875,1471.28271484375,644.462890625,6705.05224609375,474.9742736816406,96.24980163574219,100.4489517211914,73.82745361328125,589.30517578125,613.3466186523438,260.0401611328125,436.8955993652344,191.97755432128906,42.076419830322266,1654.49267578125,622.8146362304688,1060.892578125,181.53152465820312,3962.435791015625,558.13427734375,119.97535705566406
2019-03-13,145.4636993408203,350.83917236328125,1094.9822998046875,1348.5941162109375,734.0198364257812,2429.716552734375,687.6609497070312,275.9162902832031,296.4434814453125,121.83484649658203,2777.530029296875,500.25140380859375,128.22508239746094,1588.2293701171875,507.5477600097656,2138.8203125,787.2168579101562,402.9505310058594,522.813232421875,359.0248718261719,2201.819091796875,192.91587829589844,1559.7510986328125,378.11700439453125,1571.920654296875,580.2503662109375,204.98281860351562,264.0092468261719,251.06521606445312,1226.6817626953125,1473.2230224609375,640.9965209960938,6643.08056640625,488.3822326660156,94.30890655517578,99.05977630615234,73.22586059570312,596.3652954101562,605.9122924804688,265.70501708984375,424.0758056640625,190.05685424804688,41.16302490234375,1644.668212890625,611.3983764648438,1052.9342041015625,178.48634338378906,3894.617431640625,566.1492919921875,118.3916015625
2019-03-14,143.686767578125,349.7402648925781,1109.0419921875,1354.68408203125,736.6057739257812,2435.24609375,691.0404052734375,273.960205078125,300.5248107910156,122.2262954711914,2797.471435546875,500.20458984375,130.66976928710938,1614.429931640625,506.02850341796875,2124.044921875,796.541259765625,394.4867858886719,522.390625,361.07354736328125,2161.02099609375,191.43777465820312,1550.5584716796875,374.2576599121094,1616.445556640625,580.1683349609375,205.39987182617188,264.6087341308594,252.59796142578125,1227.7049560546875,1494.3392333984375,642.5891723632812,6638.63134765625,489.11102294921875,97.7770767211914,99.9197769165039,72.71422576904297,593.820068359375,605.4693603515625,264.5720520019531,433.0404052734375,193.19557189941406,41.475502014160156,1633.898193359375,610.2376098632812,1060.794921875,176.3743896484375,3835.119140625,561.5204467773438,117.90957641601562
2019-03-15,140.03411865234375,350.79144287109375,1101.4000244140625,1352.6068115234375,731.1354370117188,2440.856201171875,690.626708984375,279.0968017578125,296.3995666503906,124.10526275634766,2723.87939453125,500.06365966796875,131.2876739501953,1627.2921142578125,508.1306457519531,2123.33642578125,793.6244506835938,403.32275390625,529.02392578125,364.5207824707031,2148.572998046875,189.816650390625,1515.839599609375,381.39739990234375,1636.1866455078125,588.5225830078125,202.1329345703125,266.038330078125,263.7851867675781,1242.6092529296875,1460.6796875,650.7396850585938,6636.4765625,468.64361572265625,100.57705688476562,103.19414520263672,74.90418243408203,585.0115966796875,605.6168823242188,270.4635314941406,431.36822509765625,190.384765625,41.29922866821289,1677.1009521484375,618.6351318359375,1071.4385986328125,176.81640625,3788.633544921875,573.7605590820312,120.93939971923828
2019-03-18,142.05787658691406,352.60699462890625,1096.990966796875,1364.9287109375,742.9713134765625,2425.8017578125,694.220458984375,285.8089294433594,290.2118225097656,127.00198364257812,2774.33251953125,501.8475646972656,131.20709228515625,1609.5234375,510.1468811035156,2089.442138671875,782.8177490234375,397.03369140625,531.0079956054688,361.9107666015625,2096.4658203125,190.05503845214844,1515.0809326171875,384.0506896972656,1648.242431640625,581.6835327148438,204.04444885253906,272.0332946777344,267.4677734375,1226.9486083984375,1414.97265625,640.9965209960938,6458.4794921875,476.2358703613281,101.02252197265625,102.30113983154297,76.37704467773438,597.5824584960938,601.43212890625,270.9620361328125,431.8792419433594,187.62081909179688,42.08042907714844,1663.001953125,610.3536376953125,1073.928466796875,179.026611328125,3840.971923828125,576.0283203125,118.25387573242188
2019-03-19,140.18218994140625,349.5013732910156,1116.8311767578125,1372.765380859375,756.7963256835938,2401.221923828125,695.3817138671875,284.9649658203125,295.5657653808594,127.70660400390625,2776.153076171875,501.0494689941406,130.50857543945312,1615.8590087890625,517.647705078125,2043.2142333984375,786.4041137695312,406.02642822265625,532.4873657226562,358.66046142578125,2052.9189453125,192.9635772705078,1516.9554443359375,384.38836669921875,1657.272216796875,591.5530395507812,208.14549255371094,266.08441162109375,268.283935546875,1208.307373046875,1475.930419921875,645.8681640625,6394.0263671875,487.6399230957031,103.01432037353516,103.85564422607422,77.13288879394531,609.3123779296875,602.5152587890625,274.67822265625,435.64154052734375,190.47845458984375,42.264705657958984,1663.001953125,615.0361938476562,1082.9609375,179.61599731445312,3848.5185546875,578.6378784179688,118.18502044677734
2019-03-20,137.66482543945312,344.5802001953125,1142.403076171875,1374.8896484375,751.6741333007812,2381.001220703125,693.1735229492188,279.86260986328125,293.1520690917969,121.86617279052734,2743.021240234375,500.6739501953125,127.33854675292969,1596.1846923828125,525.855712890625,2003.672607421875,781.95703125,406.712158203125,539.8251342773438,358.4635009765625,2049.07080078125,197.5408935546875,1506.156005859375,379.08184814453125,1645.9368896484375,605.2310180664062,207.76319885253906,260.3661193847656,269.0503234863281,1219.830078125,1498.8509521484375,635.75,6251.9560546875,479.58563232421875,98.69979858398438,100.4489517211914,76.51272583007812,608.8253784179688,603.45068359375,275.3579406738281,441.029541015625,185.60643005371094,41.1510009765625,1656.6302490234375,611.3211059570312,1076.41845703125,177.01287841796875,3794.63134765625,581.1852416992188,120.06715393066406
2019-03-22,136.48020935058594,344.7234802246094,1127.3143310546875,1389.14697265625,752.9669799804688,2381.081787109375,693.82666015625,276.74560546875,291.0017395019531,118.67194366455078,2752.34814453125,494.6179504394531,127.77925872802734,1585.0377197265625,525.7889404296875,2013.8936767578125,784.300048828125,401.5791015625,534.4597778320312,357.5770263671875,2044.4765625,199.40045166015625,1497.6771240234375,378.0204772949219,1631.7197265625,608.6300048828125,207.276611328125,263.5480651855469,265.9947509765625,1241.0074462890625,1499.437744140625,635.9374389648438,6138.7412109375,482.79632568359375,102.82341766357422,100.77969360351562,76.93910217285156,593.9085693359375,606.06005859375,270.1462707519531,439.6361389160156,183.4046173095703,41.53559494018555,1648.9022216796875,610.4697875976562,1076.6138916015625,172.29776000976562,3801.838623046875,580.9057006835938,119.60810089111328
2019-03-25,132.63014221191406,345.2968444824219,1123.836669921875,1376.211669921875,741.6782836914062,2387.700927734375,689.5599975585938,278.02850341796875,287.0081787109375,120.15946197509766,2745.375,494.6650085449219,130.67144775390625,1625.1485595703125,531.4550170898438,1986.145751953125,779.8052368164062,398.75775146484375,535.6690063476562,353.8343505859375,2022.8006591796875,195.91976928710938,1493.928466796875,370.0124206542969,1617.262451171875,602.2005004882812,205.08709716796875,257.1380615234375,260.50067138671875,1225.03564453125,1503.04736328125,622.6340942382812,6110.54248046875,479.5013122558594,103.35798645019531,104.94713592529297,78.29570007324219,586.2509765625,601.6782836914062,266.4754333496094,431.64691162109375,184.24786376953125,41.27519607543945,1631.30859375,611.1276245117188,1074.2213134765625,168.27029418945312,3745.049560546875,567.0812377929688,117.74891662597656
2019-03-26,136.52955627441406,352.2248229980469,1128.5885009765625,1402.17724609375,753.0167236328125,2383.5439453125,696.597900390625,286.2771911621094,287.7103576660156,120.22208404541016,2752.83642578125,496.9652404785156,130.2582550048828,1627.1490478515625,531.7225952148438,2007.8038330078125,800.1753540039062,405.3995056152344,542.7249755859375,363.97906494140625,2021.819580078125,198.8282470703125,1502.8094482421875,380.2396240234375,1647.1378173828125,596.0577392578125,203.940185546875,259.48992919921875,267.3284606933594,1221.52099609375,1505.123046875,627.3182983398438,6169.65625,486.9522705078125,107.519775390625,106.54483795166016,78.62516021728516,605.19580078125,600.2504272460938,275.0860595703125,436.4311218261719,183.68568420410156,41.61170959472656,1629.9930419921875,596.5382690429688,1089.50341796875,170.0384521484375,3797.82421875,561.2408447265625,117.0603256225586
2019-03-27,135.73980712890625,350.0269470214844,1130.4010009765625,1389.90283203125,755.2048950195312,2405.5810546875,695.850341796875,287.34063720703125,283.05853271484375,118.67194366455078,2750.837890625,493.3974304199219,129.15650939941406,1587.181396484375,528.4165649414062,1969.50634765625,792.4290161132812,408.749755859375,539.9307861328125,366.0966491699219,1997.2777099609375,198.01768493652344,1500.13134765625,379.37127685546875,1733.2099609375,597.65478515625,203.73167419433594,265.162109375,265.3179626464844,1215.87060546875,1507.9205322265625,618.3712768554688,6106.23291015625,496.065673828125,104.61796569824219,106.57811737060547,77.59800720214844,597.228515625,609.2108764648438,279.88983154296875,431.8327331542969,184.20101928710938,41.3272705078125,1617.866943359375,592.04931640625,1090.2357177734375,166.845947265625,3774.943603515625,560.3710327148438,116.85374450683594
2019-03-28,136.03594970703125,364.3605651855469,1159.010009765625,1413.4603271484375,776.4895629882812,2380.315185546875,693.0789794921875,292.2772521972656,289.5973815917969,120.8327407836914,2750.527099609375,493.4912414550781,130.06546020507812,1576.3677978515625,519.2720336914062,1962.4493408203125,793.911376953125,424.32550048828125,540.7174682617188,365.94891357421875,1983.5733642578125,192.9635772705078,1502.898193359375,386.4627685546875,1749.3963623046875,604.2891235351562,208.52781677246094,265.8537902832031,266.8905334472656,1233.8890380859375,1509.905517578125,614.5302124023438,6179.5400390625,504.31365966796875,103.66343688964844,103.78219604492188,76.84217834472656,601.9866333007812,606.7493896484375,289.1349182128906,441.67987060546875,186.40277099609375,40.566104888916016,1644.503662109375,597.2734985351562,1107.5679931640625,167.53355407714844,3781.716064453125,577.2398681640625,116.945556640625
2019-04-01,149.51121520996094,366.0328063964844,1243.80810546875,1409.447509765625,761.4710083007812,2353.5556640625,713.639404296875,292.8235168457031,299.1204833984375,122.72737121582031,2709.045654296875,493.53826904296875,130.23074340820312,1641.869140625,534.1019897460938,1882.576904296875,819.9239501953125,435.23822021484375,542.83056640625,378.06353759765625,2009.2933349609375,205.88499450683594,1508.3427734375,384.24365234375,1674.419677734375,618.45849609375,206.61630249023438,269.58917236328125,266.6217956542969,1256.5791015625,1547.942138671875,619.1676635742188,6408.54638671875,497.1199645996094,103.16707611083984,104.68087005615234,75.79566192626953,616.0847778320312,589.0253295898438,292.5338439941406,444.8383483886719,194.97576904296875,42.877647399902344,1670.2774658203125,607.9544067382812,1093.9951171875,184.0364227294922,3921.560546875,580.5018310546875,120.11306762695312
2019-04-02,149.70864868164062,362.8316650390625,1229.895751953125,1434.515869140625,763.2612915039062,2303.064697265625,725.6815795898438,298.0674133300781,312.8564453125,119.1573257446289,2659.61376953125,490.7215270996094,130.23074340820312,1618.764892578125,534.8567504882812,1932.8238525390625,808.7347412109375,432.04473876953125,538.8507080078125,374.51776123046875,2018.2852783203125,206.8863067626953,1505.798828125,383.18231201171875,1704.6790771484375,621.98046875,207.06809997558594,264.7931823730469,266.63177490234375,1254.399169921875,1547.9873046875,626.3814086914062,6454.4521484375,491.2745361328125,103.20523071289062,104.8473129272461,77.44297790527344,615.1331176757812,591.93017578125,298.1986999511719,436.3382263183594,198.53610229492188,42.517093658447266,1709.45166015625,613.3334350585938,1085.743896484375,199.36048889160156,3894.955810546875,576.0283203125,120.11306762695312
2019-04-03,145.66114807128906,365.02947998046875,1234.2554931640625,1414.026611328125,757.39306640625,2298.3828125,737.8384399414062,297.169921875,307.1953125,113.73966979980469,2655.97216796875,488.6559143066406,128.9636993408203,1596.61376953125,528.4451904296875,1897.06591796875,795.3936767578125,439.09783935546875,538.3575439453125,378.8514404296875,2026.5311279296875,205.9326934814453,1491.2064208984375,378.3099365234375,1703.7667236328125,616.9842529296875,205.85169982910156,267.3756103515625,265.5866394042969,1226.1923828125,1537.023193359375,616.8724365234375,6626.078125,501.1552429199219,102.9379653930664,103.48260498046875,77.88871002197266,608.7147827148438,594.6964111328125,290.4945068359375,429.1851806640625,195.20999145507812,42.90168380737305,1709.45166015625,601.9173583984375,1074.612060546875,197.788818359375,3871.349853515625,574.257568359375,120.11306762695312
2019-04-04,145.6117706298828,361.446044921875,1230.826416015625,1434.232421875,758.03955078125,2307.908203125,729.5643920898438,296.53082275390625,313.1636962890625,110.95252990722656,2701.895263671875,489.1723327636719,129.34930419921875,1620.67041015625,529.6204833984375,1924.0018310546875,798.4539184570312,430.261962890625,536.2911376953125,372.59716796875,2071.099609375,200.68783569335938,1487.4132080078125,375.0777893066406,1667.791259765625,612.5614624023438,204.9132843017578,265.43878173828125,263.3372802734375,1217.87255859375,1508.326416015625,612.0943603515625,6663.73779296875,499.2468566894531,103.58704376220703,103.34949493408203,77.2685546875,598.9104614257812,587.5337524414062,291.67279052734375,432.5294189453125,198.02078247070312,42.517093658447266,1656.17822265625,599.440673828125,1080.0802001953125,202.50389099121094,3947.150146484375,578.76220703125,118.91950225830078
2019-04-05,145.01942443847656,369.95068359375,1219.8043212890625,1429.936279296875,758.0892944335938,2309.96630859375,737.4646606445312,303.8235168457031,313.0320129394531,112.14254760742188,2659.480712890625,499.5942687988281,129.29421997070312,1637.7720947265625,526.3717041015625,1970.083740234375,811.8906860351562,428.2048034667969,541.3749389648438,380.3780822753906,2056.3349609375,205.408203125,1480.76416015625,376.8144226074219,1698.3389892578125,621.8984985351562,204.7395477294922,271.3876037597656,265.9350280761719,1222.4107666015625,1491.1806640625,616.63818359375,6658.68017578125,500.1076354980469,102.9379653930664,104.21488189697266,76.08635711669922,599.2866821289062,604.7240600585938,287.367431640625,430.2535095214844,197.9739227294922,44.011383056640625,1683.96630859375,601.5690307617188,1080.373291015625,201.52159118652344,4054.004638671875,584.6646728515625,120.31964874267578
2019-04-08,140.1328582763672,363.02276611328125,1212.0638427734375,1412.846435546875,750.5302124023438,2303.266357421875,732.4253540039062,295.0333557128906,311.5399475097656,109.91910552978516,2639.450927734375,493.30352783203125,128.33016967773438,1604.8548583984375,528.1585083007812,1935.560791015625,803.76171875,429.59564208984375,537.5709228515625,379.59014892578125,2031.5577392578125,204.50225830078125,1485.940673828125,373.4858093261719,1682.056396484375,628.4098510742188,203.48834228515625,267.8367614746094,267.38818359375,1222.27734375,1483.826416015625,624.8825073242188,6679.0546875,494.1800842285156,103.51068878173828,105.24671936035156,76.88092803955078,588.3756103515625,612.331298828125,283.5153503417969,429.6032409667969,198.34866333007812,43.9913444519043,1702.42236328125,609.2314453125,1078.4202880859375,197.00296020507812,4031.221435546875,588.2683715820312,121.05413818359375
2019-04-09,144.13096618652344,363.7872619628906,1234.059814453125,1364.220703125,759.2828369140625,2360.94189453125,735.6103515625,293.5308532714844,308.599609375,111.5788803100586,2631.8115234375,499.5002746582031,131.33251953125,1634.771240234375,526.1710205078125,1966.9661865234375,809.0695190429688,438.137939453125,537.0661010742188,375.9951477050781,2060.457763671875,207.0770263671875,1499.8638916015625,383.18231201171875,1697.5224609375,622.9632568359375,205.9559326171875,268.89739990234375,267.0299072265625,1223.6563720703125,1497.94873046875,625.6788330078125,6760.65283203125,491.4223937988281,103.77796936035156,104.88057708740234,76.88092803955078,590.6774291992188,610.75048828125,285.2828063964844,437.4994812011719,196.99014282226562,44.31184005737305,1719.482177734375,611.05029296875,1072.7080078125,202.25833129882812,4027.68994140625,586.9325561523438,125.69064331054688
2019-04-10,141.02130126953125,366.4150390625,1221.029052734375,1331.1737060546875,756.7465209960938,2375.552734375,740.0065307617188,292.5211486816406,298.41827392578125,112.03295135498047,2628.169921875,513.0675659179688,132.24148559570312,1641.154541015625,528.4070434570312,1969.468505859375,810.3126831054688,430.5166015625,525.3491821289062,371.3659973144531,2037.4864501953125,201.87982177734375,1512.0467529296875,380.33612060546875,1678.6461181640625,616.4928588867188,204.8437957763672,266.1304931640625,268.7119140625,1220.4088134765625,1487.2103271484375,627.92724609375,6732.3603515625,492.4197998046875,102.78523254394531,105.18014526367188,76.99723052978516,589.3272705078125,613.8626708984375,281.793212890625,438.42840576171875,195.63160705566406,43.61878204345703,1677.3477783203125,611.6306762695312,1074.3192138671875,212.22882080078125,3996.586669921875,575.3138427734375,128.99586486816406
2019-04-11,139.19500732421875,362.5927734375,1215.2972412109375,1343.7314453125,748.24267578125,2416.558837890625,753.9078979492188,297.35040283203125,303.99169921875,113.26991271972656,2616.844970703125,511.56524658203125,132.7372589111328,1637.2008056640625,537.3411254882812,1971.759765625,811.6994018554688,426.656982421875,530.0805053710938,388.15899658203125,2042.7490234375,201.4983673095703,1526.5499267578125,376.33203125,1672.114013671875,608.3025512695312,206.0254669189453,264.700927734375,267.3782653808594,1226.1480712890625,1496.73046875,630.2693481445312,6733.765625,490.2405090332031,103.81613159179688,105.5795669555664,75.95071411132812,596.1439208984375,617.419189453125,285.418701171875,432.48297119140625,201.06582641601562,42.92171096801758,1660.2889404296875,604.4327392578125,1079.0550537109375,214.34078979492188,4005.389892578125,573.2013549804688,129.1335906982422
2019-04-12,139.58987426757812,368.517333984375,1238.7137451171875,1358.3663330078125,760.2276611328125,2428.22314453125,751.3261108398438,293.5406494140625,300.1297912597656,113.09768676757812,2650.820068359375,520.9544067382812,132.65467834472656,1650.253173828125,536.4429321289062,2005.8460693359375,816.1941528320312,424.5409851074219,531.9003295898438,399.2393798828125,2073.219970703125,200.02029418945312,1536.590576171875,380.7220153808594,1668.4156494140625,612.4386596679688,212.5245819091797,264.5626220703125,267.4280090332031,1210.9322509765625,1485.3603515625,635.3753051757812,6878.9736328125,499.7911071777344,103.81613159179688,104.91385650634766,76.37704467773438,594.5061645507812,617.666259765625,285.7359924316406,432.01849365234375,201.58114624023438,42.75746536254883,1656.17822265625,607.8383178710938,1071.194580078125,212.1305694580078,4030.8828125,575.2205810546875,130.09762573242188
2019-04-15,141.12002563476562,369.85516357421875,1245.6700439453125,1351.66259765625,758.7357788085938,2449.9375,748.5648193359375,294.85284423828125,305.1766052246094,112.23651123046875,2663.388916015625,531.7049560546875,137.72283935546875,1662.40087890625,533.7197265625,2003.1043701171875,828.1963500976562,432.2994689941406,537.4300537109375,399.337890625,2120.968505859375,202.88113403320312,1536.9476318359375,378.93707275390625,1680.0390625,595.8528442382812,212.35081481933594,269.4508056640625,273.47943115234375,1207.3731689453125,1464.334228515625,640.0595703125,6888.0146484375,499.62261962890625,104.42706298828125,104.14832305908203,76.7646713256836,593.2003173828125,615.8385620117188,286.0532531738281,426.07305908203125,202.9865264892578,44.31985855102539,1737.4046630859375,617.009765625,1064.505615234375,227.65113830566406,4087.76806640625,577.6748657226562,132.0715789794922
2019-04-16,141.21876525878906,378.0730285644531,1249.39306640625,1377.5806884765625,766.9412231445312,2476.8984375,755.5228881835938,295.8527526855469,306.0981750488281,111.95464324951172,2682.975341796875,525.1795043945312,138.60427856445312,1633.5802001953125,539.8924560546875,1997.3387451171875,844.9802856445312,433.7885437011719,541.2457885742188,402.3911437988281,2151.557373046875,204.97909545898438,1551.674072265625,392.6859436035156,1743.6807861328125,593.0681762695312,213.53248596191406,268.57464599609375,275.9776306152344,1229.1734619140625,1472.0950927734375,644.6500244140625,6987.3642578125,508.0802307128906,105.0379638671875,106.81111907958984,76.2995376586914,594.7939453125,610.2566528320312,286.189208984375,429.6960754394531,202.09642028808594,44.3278694152832,1752.6141357421875,617.7064208984375,1093.7022705078125,226.42324829101562,4116.55078125,580.2532958984375,128.94996643066406
2019-04-18,136.8257293701172,373.1996154785156,1245.86572265625,1387.589111328125,767.040771484375,2477.74609375,754.7453002929688,294.0918273925781,304.518310546875,113.64570617675781,2662.76708984375,527.2451171875,138.5216522216797,1642.869384765625,534.9236450195312,1974.1778564453125,829.391845703125,432.0644836425781,538.5689086914062,400.2243347167969,2153.049560546875,197.58859252929688,1552.8790283203125,390.1773681640625,1694.8328857421875,587.2940673828125,211.586181640625,275.90692138671875,272.64337158203125,1210.7542724609375,1489.150634765625,641.4180297851562,6976.96630859375,498.90985107421875,103.35798645019531,106.91096496582031,75.3111572265625,613.4732055664062,607.4904174804688,281.70257568359375,430.2999267578125,195.67843627929688,43.514617919921875,1767.617431640625,619.4478149414062,1098.9263916015625,232.07154846191406,4121.29052734375,580.3465576171875,130.7403106689453
2019-04-22,133.41986083984375,373.67742919921875,1207.1163330078125,1362.80419921875,751.4254150390625,2462.973876953125,744.9361572265625,291.8284606933594,306.6687316894531,106.50566864013672,2664.899169921875,526.8226318359375,138.85218811035156,1621.0992431640625,534.27392578125,1915.6724853515625,826.1881103515625,431.45703125,532.7103881835938,391.2615051269531,2112.17236328125,191.10400390625,1552.834228515625,380.62554931640625,1624.4190673828125,590.5701904296875,209.77894592285156,268.6207580566406,270.0655517578125,1210.2650146484375,1504.80712890625,630.8784790039062,6858.73828125,495.51458740234375,103.85432434082031,105.11357879638672,75.50496673583984,595.5021362304688,608.8734741210938,281.0227966308594,422.21783447265625,196.14691162109375,42.8015251159668,1776.98974609375,623.3176879882812,1097.266357421875,230.69631958007812,4067.98486328125,582.3657836914062,132.32406616210938
2019-04-23,130.8038330078125,373.5340881347656,1217.74658203125,1351.1434326171875,749.1875,2453.2470703125,747.1591796875,296.1015930175781,302.5472717285156,105.33132934570312,2656.771728515625,527.385986328125,140.7527618408203,1607.2366943359375,539.3286743164062,1907.6016845703125,831.4956665039062,431.8096923828125,527.2158813476562,391.8031921386719,2071.767333984375,191.0563507080078,1556.7164306640625,382.55517578125,1586.3299560546875,596.4262084960938,210.89111328125,265.8999328613281,269.7967834472656,1199.6317138671875,1521.3662109375,623.7115478515625,6603.59423828125,496.8944396972656,102.0597915649414,109.00788879394531,74.80728912353516,603.6908569335938,592.9674682617188,276.67218017578125,435.2698669433594,196.3811492919922,41.932193756103516,1771.728271484375,623.0081787109375,1102.9786376953125,227.55288696289062,4061.598876953125,585.7521362304688,133.63238525390625
2019-04-24,134.40707397460938,374.3463439941406,1203.93212890625,1369.13037109375,748.7896118164062,2482.831298828125,761.4044189453125,301.7601318359375,310.194580078125,109.29280090332031,2645.402099609375,524.4284057617188,139.92640686035156,1660.352294921875,546.4473876953125,1927.9454345703125,842.1112060546875,446.2881774902344,535.3049926757812,393.97003173828125,2051.23046875,191.3900909423828,1564.213623046875,386.9934387207031,1632.3441162109375,603.1834106445312,213.0111846923828,269.63525390625,272.06610107421875,1210.7100830078125,1532.646484375,625.9599609375,6573.42822265625,493.39678955078125,102.28890228271484,112.26982879638672,74.40028381347656,615.0446166992188,602.94580078125,281.6572570800781,436.01318359375,195.7252960205078,42.08443832397461,1795.0770263671875,633.68896484375,1122.11767578125,219.64529418945312,4251.6064453125,589.1383056640625,134.52755737304688
2019-04-25,133.02499389648438,371.9573669433594,1221.029052734375,1367.147216796875,736.9042358398438,2492.7197265625,764.5496215820312,300.5845642089844,314.01824951171875,112.18950653076172,2637.4521484375,521.6585693359375,138.63185119628906,1635.1998291015625,558.9647216796875,1909.977294921875,884.4295654296875,444.23101806640625,531.4776611328125,393.0836181640625,2051.50537109375,187.43260192871094,1547.79150390625,381.4938659667969,1617.1661376953125,596.7129516601562,211.41241455078125,264.33203125,270.8020324707031,1205.81591796875,1543.791015625,623.1493530273438,6469.01904296875,493.9911804199219,101.4870376586914,112.40293884277344,74.24524688720703,607.4754028320312,606.9469604492188,277.5332946777344,428.2562255859375,197.8802032470703,40.92265701293945,1804.572509765625,631.9474487304688,1114.452392578125,217.9262237548828,4468.65478515625,599.638671875,135.51454162597656
2019-04-26,129.7178955078125,374.3463439941406,1214.1217041015625,1367.902587890625,755.8016357421875,2457.6865234375,769.7083740234375,302.1308288574219,311.1026611328125,116.1979751586914,2636.074951171875,533.254150390625,137.99830627441406,1640.9638671875,552.7251586914062,1909.0804443359375,873.5750732421875,446.6017761230469,535.5867919921875,393.62530517578125,2045.026123046875,191.8192138671875,1559.5281982421875,392.87890625,1631.959716796875,604.4529418945312,211.69044494628906,271.1570739746094,274.5543518066406,1208.52978515625,1542.978759765625,617.809326171875,6410.560546875,499.6750793457031,102.40342712402344,112.10340881347656,73.95455169677734,616.5051879882812,629.5709838867188,283.24346923828125,431.135986328125,199.7540740966797,43.686885833740234,1840.376220703125,637.1717529296875,1110.7418212890625,211.78677368164062,4459.89892578125,602.900634765625,135.33090209960938
2019-04-30,125.423583984375,375.3496398925781,1191.8809814453125,1381.499267578125,762.7141723632812,2408.81005859375,749.691162109375,302.04302978515625,306.1796875,118.95379638671875,2572.431884765625,530.484375,138.90728759765625,1664.3062744140625,560.6560668945312,1912.6160888671875,861.8598022460938,463.68597412109375,544.1572875976562,398.4514465332031,1972.6571044921875,196.49192810058594,1568.7655029296875,393.1683349609375,1543.24609375,615.3871459960938,209.4661865234375,284.39215087890625,276.00750732421875,1199.9432373046875,1549.2957763671875,604.552734375,6245.25732421875,497.8056640625,102.36524200439453,112.63594818115234,72.24909210205078,616.5051879882812,632.1396484375,280.93218994140625,425.1441650390625,196.00636291503906,44.64435577392578,1858.2987060546875,647.1172485351562,1131.29638671875,210.509765625,4466.52587890625,602.1549682617188,137.05238342285156
2019-05-02,125.0286865234375,377.7386169433594,1170.375244140625,1356.4307861328125,748.2923583984375,2446.30517578125,755.512939453125,305.53570556640625,309.90777587890625,118.51537322998047,2472.058837890625,531.0477294921875,139.01744079589844,1633.29443359375,558.0092163085938,1931.095947265625,860.042724609375,454.55615234375,553.1622924804688,410.9107666015625,2003.9527587890625,195.20455932617188,1538.286376953125,381.6385803222656,1499.82568359375,598.5557250976562,212.00328063964844,282.82421875,279.9489440917969,1209.01904296875,1553.266357421875,605.1148071289062,6261.0439453125,483.3992004394531,101.63980102539062,112.43623352050781,73.72199249267578,621.9276123046875,642.661376953125,279.30072021484375,420.08123779296875,193.28927612304688,44.464073181152344,1821.3433837890625,647.8137817382812,1111.3763427734375,203.63357543945312,4466.0419921875,598.8930053710938,134.802978515625
2019-05-03,126.65757751464844,370.0462646484375,1175.029052734375,1358.272216796875,753.2156372070312,2469.875244140625,760.03369140625,303.59429931640625,316.83819580078125,119.23563385009766,2394.86962890625,530.0149536132812,138.8797149658203,1621.4803466796875,555.6300048828125,1911.1182861328125,859.4210815429688,447.8946838378906,556.0151977539062,408.0052185058594,2014.7119140625,195.5860137939453,1511.510986328125,387.6688232421875,1495.3106689453125,592.6586303710938,211.48193359375,284.853271484375,282.2281188964844,1213.334716796875,1515.9969482421875,605.0211791992188,6286.103515625,478.65179443359375,103.43431091308594,113.3349380493164,73.97393035888672,623.6095581054688,656.1469116210938,280.97747802734375,421.056640625,191.1343231201172,43.891197204589844,1752.7784423828125,632.64404296875,1118.114013671875,205.74554443359375,4417.37939453125,602.900634765625,133.5405731201172
2019-05-06,123.99212646484375,362.9272155761719,1166.211181640625,1333.9588623046875,743.4188232421875,2442.793701171875,764.3950805664062,296.0284118652344,318.7499694824219,122.2419662475586,2368.088623046875,528.9352416992188,138.46658325195312,1614.572998046875,558.1430053710938,1910.88818359375,857.412841796875,445.15191650390625,546.740234375,404.9027404785156,1987.931884765625,189.67359924316406,1489.5107421875,387.1864013671875,1468.0770263671875,588.3997192382812,213.39346313476562,273.6473083496094,280.7550964355469,1203.6358642578125,1534.8572998046875,598.18212890625,6285.77587890625,474.136474609375,103.09070587158203,113.26837158203125,73.81889343261719,613.0084228515625,652.046875,279.8445129394531,420.9637756347656,189.8694305419922,42.941749572753906,1774.0302734375,634.7723999023438,1057.3773193359375,196.2662353515625,4371.47412109375,590.1323852539062,133.51763916015625
2019-05-07,120.78374481201172,355.378173828125,1141.3740234375,1310.354248046875,737.8489379882812,2448.3232421875,753.8281860351562,294.3454895019531,310.62469482421875,118.64061737060547,2354.365478515625,523.864990234375,137.06179809570312,1609.3328857421875,562.3186645507812,1911.197998046875,834.2691040039062,443.4669189453125,545.3079833984375,403.08062744140625,1984.82958984375,191.1516876220703,1515.036376953125,372.9068908691406,1456.1171875,593.436767578125,209.84848022460938,265.7154846191406,280.3072204589844,1216.004150390625,1548.0323486328125,595.8400268554688,6278.60888671875,479.3105163574219,102.40342712402344,114.30018615722656,74.24524688720703,594.6832275390625,654.12158203125,276.8534851074219,416.3653564453125,187.15232849121094,42.513092041015625,1769.1795654296875,630.5156860351562,1060.9412841796875,187.57273864746094,4383.7607421875,590.9711303710938,134.89479064941406
2019-05-08,119.3523178100586,353.3714294433594,1146.6162109375,1308.3712158203125,731.5332641601562,2387.539794921875,732.2758178710938,285.0040588378906,310.194580078125,118.93811798095703,2353.432373046875,523.9120483398438,137.22705078125,1589.6585693359375,554.3018188476562,1909.6346435546875,832.9302368164062,443.7999572753906,541.7623291015625,404.0655212402344,1963.1151123046875,190.7225799560547,1507.1822509765625,368.7581481933594,1430.13232421875,589.1777954101562,208.97962951660156,266.776123046875,279.122802734375,1210.44287109375,1530.5709228515625,582.3961791992188,6230.03466796875,471.13299560546875,99.8834228515625,112.43623352050781,73.64445495605469,575.1849975585938,642.7106323242188,270.3275451660156,407.9581298828125,186.87124633789062,41.87611389160156,1769.91943359375,620.95703125,1063.089599609375,181.8262176513672,4360.92822265625,597.4949951171875,133.51763916015625
2019-05-09,118.56254577636719,347.73358154296875,1145.93017578125,1278.629150390625,727.0575561523438,2407.841064453125,744.3928833007812,289.886962890625,301.54351806640625,115.25849914550781,2373.7734375,523.6773071289062,133.48098754882812,1548.738037109375,554.3209838867188,1911.9210205078125,831.0654296875,445.3674011230469,537.923095703125,403.37603759765625,1992.9974365234375,188.9583740234375,1520.6146240234375,367.98626708984375,1418.4127197265625,590.5701904296875,208.4235382080078,263.2713928222656,275.7984619140625,1206.9725341796875,1519.8321533203125,585.9561767578125,6206.4267578125,474.0541076660156,97.51617431640625,112.76907348632812,72.83050537109375,556.151611328125,644.3901977539062,271.27923583984375,408.1439208984375,186.0748748779297,41.59568405151367,1786.1156005859375,626.645751953125,1078.468994140625,183.05410766601562,4332.63037109375,589.5731811523438,133.6094512939453
2019-05-10,118.46382141113281,355.999267578125,1162.537353515625,1266.2127685546875,731.0856323242188,2394.36083984375,736.05908203125,285.1553039550781,309.8122253417969,113.66138458251953,2388.118896484375,521.6116943359375,132.902587890625,1572.3662109375,549.6961669921875,1911.2734375,820.1630249023438,425.794921875,539.2381591796875,403.8685302734375,1969.083740234375,186.71737670898438,1506.066650390625,371.5561828613281,1383.20556640625,587.130126953125,206.96383666992188,265.0237731933594,278.3166198730469,1206.127197265625,1531.7889404296875,589.0477294921875,6212.65673828125,468.0587158203125,96.98162078857422,110.70542907714844,71.9196548461914,553.8056640625,634.3131713867188,279.2100830078125,406.6575927734375,185.981201171875,39.003719329833984,1755.9024658203125,625.6782836914062,1105.4686279296875,182.61204528808594,4289.91796875,595.8485717773438,133.28810119628906
2019-05-13,116.09453582763672,348.5458068847656,1148.5755615234375,1258.14013671875,728.1515502929688,2399.648193359375,732.4353637695312,286.0333251953125,304.6024475097656,111.20307922363281,2377.459716796875,513.3023071289062,133.37083435058594,1548.35693359375,535.6212158203125,1760.8193359375,801.3707885742188,424.619384765625,537.0543212890625,396.580078125,1971.7933349609375,183.2843780517578,1519.052734375,363.0656433105469,1338.440673828125,589.4644165039062,201.09031677246094,255.38568115234375,276.5648498535156,1172.4482421875,1543.38525390625,578.601806640625,6130.3564453125,471.2109069824219,94.34707641601562,109.24089813232422,70.79558563232422,545.3512573242188,612.5289916992188,278.1677551269531,369.8238525390625,187.2460479736328,37.84193420410156,1750.106201171875,632.5665893554688,1117.7723388671875,177.5531463623047,4197.23583984375,592.2139282226562,132.71426391601562
2019-05-14,121.77095031738281,354.0881652832031,1119.378662109375,1246.5736083984375,727.4056396484375,2370.951171875,734.2646484375,281.1553039550781,321.7611389160156,112.29914093017578,2396.15771484375,522.0341796875,133.20553588867188,1540.9254150390625,536.5479736328125,1805.8123779296875,808.6390380859375,418.4282531738281,537.2188110351562,385.15496826171875,1971.0081787109375,183.9995880126953,1515.928955078125,367.0214538574219,1376.2890625,584.6729736328125,204.60055541992188,259.1671142578125,275.2909240722656,1193.9371337890625,1549.7921142578125,575.46337890625,6160.75634765625,466.5718994140625,95.91252136230469,109.27417755126953,70.40798950195312,557.9221801757812,608.181884765625,285.1921691894531,389.65740966796875,187.62081909179688,37.62160110473633,1720.1807861328125,611.4759521484375,1127.5858154296875,181.23681640625,4280.291015625,593.4254150390625,130.6485137939453
2019-05-15,115.89710998535156,344.1501770019531,1133.046142578125,1233.071533203125,718.0563354492188,2352.587158203125,743.1367797851562,292.95037841796875,316.6470031738281,112.59663391113281,2387.408447265625,521.7525634765625,129.5145721435547,1532.8271484375,537.6851806640625,1877.82080078125,779.2313842773438,418.2715148925781,536.9368896484375,382.4464111328125,1958.1678466796875,181.80628967285156,1491.4298095703125,363.7892761230469,1324.7037353515625,586.515869140625,206.47727966308594,247.63836669921875,277.84881591796875,1179.7000732421875,1586.5201416015625,571.1539306640625,6083.5146484375,469.7696838378906,94.65251922607422,108.34220123291016,69.18704986572266,556.350830078125,621.272216796875,282.88092041015625,380.6463623046875,186.68389892578125,37.09278869628906,1722.6885986328125,611.6694946289062,1135.641845703125,166.4530029296875,4201.009765625,602.3724365234375,129.91400146484375
2019-05-16,117.27918243408203,354.9959716796875,1113.450927734375,1231.6082763671875,727.9029541015625,2375.350341796875,759.3607788085938,303.4186706542969,310.86370849609375,117.60718536376953,2412.67919921875,516.5885620117188,127.88941955566406,1562.791015625,535.2868041992188,1906.695556640625,784.300048828125,420.9410705566406,542.5606689453125,374.1730651855469,1979.2930908203125,185.57305908203125,1506.7362060546875,369.04754638671875,1304.7225341796875,600.4395751953125,204.8785858154297,254.509521484375,281.302490234375,1189.7994384765625,1627.263427734375,567.03173828125,6070.3056640625,470.3187561035156,96.0270767211914,110.47245025634766,70.48551940917969,560.091064453125,623.3469848632812,286.189208984375,383.1080627441406,206.87478637695312,37.597557067871094,1733.6636962890625,610.9340209960938,1158.5401611328125,172.29776000976562,4365.9111328125,603.2112426757812,130.9927978515625
2019-05-17,117.77278137207031,350.79144287109375,1118.1048583984375,1246.337646484375,744.9107666015625,2453.973388671875,796.7932739257812,322.0575866699219,313.9704284667969,117.81074523925781,2468.68359375,510.9080810546875,130.09300231933594,1555.55029296875,524.5848999023438,1966.0177001953125,792.7637939453125,417.1919250488281,554.6416015625,376.7830505371094,2059.59423828125,182.80760192871094,1550.1121826171875,375.994384765625,1319.4681396484375,592.9043579101562,209.5009307861328,254.924560546875,290.6285095214844,1211.822021484375,1613.6822509765625,580.5225219726562,6283.15234375,478.7866516113281,95.8361587524414,111.40438842773438,70.6017837524414,560.9985961914062,622.1614379882812,289.36151123046875,380.04254150390625,220.5540008544922,37.613590240478516,1722.7296142578125,607.4512329101562,1162.4949951171875,173.7221221923828,4346.56103515625,603.0869750976562,131.4748077392578
2019-05-20,150.00482177734375,382.3254089355469,1174.049560546875,1297.277099609375,778.1803588867188,2426.729736328125,820.9225463867188,332.4429626464844,325.1068420410156,122.69602966308594,2488.1806640625,530.906982421875,130.9468994140625,1581.2742919921875,494.848876953125,1999.84130859375,851.435546875,421.45147705078125,571.1368408203125,391.0644836425781,2130.982177734375,189.53054809570312,1581.974853515625,393.3612976074219,1435.7999267578125,591.6759033203125,213.39346313476562,263.3175048828125,299.0985412597656,1291.5037841796875,1587.8736572265625,612.0007934570312,6637.0390625,492.6255798339844,98.69979858398438,117.16270446777344,72.88864135742188,586.8927612304688,637.9192504882812,312.4288330078125,384.1300048828125,220.97564697265625,38.76334762573242,1762.6025390625,603.1944580078125,1202.677001953125,186.78689575195312,4618.80322265625,633.03466796875,133.24217224121094
2019-05-21,152.67025756835938,370.3807067871094,1148.96728515625,1281.981201171875,768.7813110351562,2404.93505859375,815.97802734375,334.9551696777344,316.0734558105469,117.26271057128906,2530.372802734375,525.1795043945312,130.67144775390625,1616.33544921875,509.6785888671875,1962.7078857421875,827.8137817382812,414.6009216308594,564.4096069335938,397.1217956542969,2086.80615234375,186.90811157226562,1593.3543701171875,386.0768737792969,1390.74658203125,580.9463500976562,212.62884521484375,257.69140625,296.1822509765625,1289.412841796875,1604.74853515625,598.7910766601562,6441.0078125,485.3540344238281,98.20344543457031,116.33056640625,71.2994613647461,593.04541015625,651.75048828125,305.9482421875,379.81024169921875,217.83688354492188,37.86196517944336,1734.4857177734375,598.3184204101562,1215.126953125,173.67300415039062,4488.728515625,621.2296142578125,131.704345703125
2019-05-22,155.92800903320312,368.80401611328125,1139.41455078125,1292.0838623046875,774.9478759765625,2459.7451171875,819.5816650390625,336.47711181640625,320.3750305175781,120.33169555664062,2533.88134765625,519.2174682617188,132.902587890625,1600.805419921875,507.9108581542969,1993.02880859375,819.9239501953125,416.5244445800781,564.8909301757812,392.0987243652344,2120.14404296875,188.8153533935547,1578.2261962890625,391.093994140625,1459.0950927734375,581.3150634765625,212.50225830078125,255.4318389892578,297.6453857421875,1300.0904541015625,1607.3656005859375,600.1025390625,6463.91259765625,489.53314208984375,98.96707153320312,117.8283920288086,70.58241271972656,593.3109741210938,651.7010498046875,309.1659240722656,391.2830810546875,219.28916931152344,37.89801788330078,1711.466064453125,580.4396362304688,1211.904541015625,175.93234252929688,4496.08203125,630.4251098632812,129.95989990234375
2019-05-23,158.98834228515625,389.4444274902344,1126.8248291015625,1291.4228515625,772.2127075195312,2474.11376953125,798.8219604492188,329.53564453125,323.8641662597656,120.3630142211914,2521.490234375,530.2496337890625,134.50013732910156,1650.5865478515625,504.0028381347656,1908.1885986328125,847.8494262695312,418.6445007324219,547.5973510742188,400.175048828125,2154.581787109375,182.85523986816406,1565.329345703125,396.4005432128906,1535.801025390625,574.1893310546875,204.31410217285156,254.509521484375,298.5411682128906,1313.4375,1588.189697265625,599.119140625,6491.501953125,493.9476623535156,99.15799713134766,115.93116760253906,71.57078552246094,590.4338989257812,663.3095703125,310.16290283203125,383.61907958984375,215.775634765625,37.233009338378906,1688.693115234375,575.2927856445312,1191.5450439453125,172.05218505859375,4531.48974609375,628.9029541015625,129.54678344726562
2019-05-24,154.39785766601562,392.0244445800781,1146.811767578125,1307.23828125,788.9220581054688,2484.5263671875,812.6185913085938,338.3307800292969,337.62939453125,123.8390884399414,2532.46044921875,535.7422485351562,134.9132843017578,1682.218017578125,509.0862731933594,1957.909423828125,870.3234252929688,418.4677734375,557.2830810546875,401.8002014160156,2221.29541015625,186.71737670898438,1561.536376953125,416.5654602050781,1583.9764404296875,580.8645629882812,205.90921020507812,265.62322998046875,300.919921875,1373.9888916015625,1584.0382080078125,623.430419921875,6645.0478515625,487.68023681640625,98.6234359741211,116.09759521484375,71.9583969116211,591.7396850585938,677.7335815429688,322.0818176269531,386.22015380859375,222.47088623046875,38.7913932800293,1683.7193603515625,569.5265502929688,1191.2034912109375,179.07574462890625,4643.85888671875,634.2774047851562,129.86810302734375
2019-05-27,155.18760681152344,394.07891845703125,1174.5390625,1290.5731201171875,809.510498046875,2475.64697265625,818.7344360351562,336.48681640625,334.0924377441406,125.89027404785156,2572.875732421875,543.347412109375,134.4726104736328,1518.15478515625,507.95867919921875,1961.355712890625,894.4711303710938,417.7807922363281,565.5015258789062,416.2293395996094,2215.6025390625,191.29473876953125,1581.4837646484375,420.18359375,1549.2979736328125,579.9635620117188,206.19277954101562,265.39263916015625,304.44329833984375,1420.124755859375,1560.575927734375,636.4526977539062,6621.9091796875,504.8907165527344,101.71615600585938,115.59829711914062,72.61732482910156,580.1425170898438,690.4781494140625,327.8373107910156,385.3841247558594,221.05027770996094,41.06687545776367,1689.5972900390625,561.9418334960938,1211.758056640625,178.1425323486328,4683.47705078125,636.5140991210938,128.766357421875
2019-05-28,155.63185119628906,394.3178405761719,1166.701171875,1288.2127685546875,804.0402221679688,2411.958251953125,810.3108520507812,332.6624755859375,330.3643493652344,125.87462615966797,2564.39306640625,542.6432495117188,138.10848999023438,1541.40185546875,506.8025207519531,1952.2235107421875,871.1842041015625,420.5679931640625,567.3446655273438,418.5439147949219,2154.266845703125,192.4867706298828,1585.90185546875,419.0257873535156,1555.8782958984375,596.3442993164062,204.81036376953125,270.18865966796875,300.7806396484375,1400.993896484375,1609.2154541015625,628.2083129882812,6608.98046875,508.04510498046875,101.25800323486328,116.69671630859375,73.72199249267578,585.9411010742188,690.3299560546875,326.3417663574219,383.4332580566406,224.74392700195312,40.62620162963867,1704.88916015625,570.5327758789062,1202.5792236328125,177.06199645996094,4617.59326171875,635.74658203125,129.8910675048828
2019-05-29,153.16384887695312,388.48883056640625,1178.9482421875,1282.4530029296875,800.3600463867188,2361.507080078125,810.6298828125,332.6087951660156,323.8641662597656,124.99773406982422,2591.040771484375,529.8741455078125,138.10848999023438,1514.010498046875,498.9289855957031,1917.822998046875,870.7538452148438,425.9463806152344,567.5089721679688,419.2333984375,2140.44482421875,190.05503845214844,1589.4271240234375,408.41265869140625,1545.311279296875,596.0986328125,204.24322509765625,258.7520751953125,301.3578796386719,1381.373779296875,1647.7484130859375,629.7073364257812,6456.0908203125,512.6565551757812,99.95977783203125,114.20036315917969,73.7026138305664,581.2048950195312,671.8058471679688,316.009033203125,393.69842529296875,221.95001220703125,39.524513244628906,1732.6773681640625,571.8485717773438,1205.6064453125,173.23098754882812,4566.2216796875,624.1340942382812,131.1534881591797
2019-05-30,156.07608032226562,391.11663818359375,1178.6541748046875,1297.890869140625,803.1947021484375,2377.24755859375,820.1150512695312,339.67218017578125,331.4158935546875,127.65962219238281,2564.52587890625,527.6207885742188,139.34796142578125,1510.53271484375,506.8884582519531,1867.8436279296875,871.6622924804688,423.2768859863281,572.8275146484375,429.0333557128906,2132.356201171875,189.33982849121094,1592.4617919921875,411.2107238769531,1524.4176025390625,600.8081665039062,204.6331329345703,255.10902404785156,305.6277160644531,1386.8463134765625,1646.6654052734375,619.9171142578125,6433.84130859375,517.894775390625,103.16707611083984,112.80238342285156,74.10958099365234,588.596923828125,671.7070922851562,320.4503173828125,383.4332580566406,224.31771850585938,39.095855712890625,1764.53466796875,568.8688354492188,1211.4163818359375,172.05218505859375,4604.00048828125,629.6742553710938,132.2093048095703
2019-05-31,152.76898193359375,397.9012145996094,1213.729736328125,1328.7659912109375,803.9406127929688,2361.829833984375,816.2322387695312,338.25274658203125,333.42333984375,128.1920166015625,2595.4375,524.7101440429688,139.6510009765625,1517.0592041015625,511.84765625,1873.1258544921875,847.4188842773438,428.91046142578125,569.4932250976562,434.9921569824219,2104.908203125,187.8617401123047,1596.255126953125,408.7986145019531,1542.1412353515625,604.2481689453125,197.47291564941406,250.58973693847656,303.0001220703125,1385.9122314453125,1610.83984375,606.1921997070312,6435.85498046875,526.0196533203125,101.75434112548828,114.46663665771484,73.37315368652344,588.7741088867188,685.8841552734375,319.49859619140625,380.7392883300781,231.08941650390625,39.1239013671875,1805.8466796875,588.4888305664062,1206.6805419921875,169.54730224609375,4605.16162109375,625.354736328125,131.4748077392578
2019-06-03,157.01390075683594,405.8802795410156,1329.831787109375,1377.81689453125,808.2672119140625,2449.573974609375,832.1971435546875,342.54046630859375,337.1991882324219,130.61900329589844,2638.295654296875,533.5358276367188,143.72756958007812,1539.8775634765625,520.5907592773438,1873.1630859375,855.9782104492188,437.8022766113281,576.9484252929688,437.30670166015625,2230.563232421875,190.150390625,1641.951416015625,408.0267639160156,1597.1851806640625,609.8994140625,197.47291564941406,253.21829223632812,304.8115539550781,1387.55810546875,1613.7276611328125,612.1412963867188,6579.23681640625,534.6365356445312,101.63980102539062,114.59974670410156,74.82665252685547,602.0751953125,687.2178955078125,322.1724548339844,387.1955871582031,231.9891357421875,39.873043060302734,1843.45849609375,586.360595703125,1236.4630126953125,171.4136962890625,4607.28955078125,630.4568481445312,133.72418212890625
2019-06-04,155.58248901367188,406.64471435546875,1305.337646484375,1342.173583984375,818.3624267578125,2408.6484375,828.6832275390625,344.50146484375,336.8645935058594,127.87882995605469,2631.9892578125,528.2780151367188,145.1048126220703,1511.390380859375,509.3632507324219,1882.1119384765625,847.801513671875,426.28009033203125,575.8212280273438,436.0263671875,2161.80615234375,188.62460327148438,1620.4420166015625,404.3603820800781,1573.5057373046875,602.241455078125,197.96914672851562,252.8954620361328,304.8315124511719,1396.81201171875,1601.951171875,609.6585693359375,6606.310546875,528.5014038085938,103.12887573242188,113.56793975830078,74.78790283203125,598.2906494140625,689.9840698242188,319.407958984375,381.9468994140625,240.03939819335938,39.873043060302734,1809.31298828125,579.16259765625,1218.6424560546875,170.18580627441406,4539.27783203125,632.8670043945312,134.84890747070312
2019-06-06,151.18946838378906,407.3614501953125,1314.988037109375,1348.829833984375,803.3438110351562,2414.904541015625,809.9769897460938,336.8722229003906,338.202880859375,124.34014129638672,2577.1396484375,525.6019287109375,148.27243041992188,1505.674072265625,507.824951171875,1885.90087890625,831.5914306640625,423.66937255859375,569.0234985351562,435.5831298828125,2190.1181640625,185.81146240234375,1640.2113037109375,397.07586669921875,1462.697509765625,602.4871826171875,195.48789978027344,245.9781951904297,301.42755126953125,1348.8516845703125,1607.0948486328125,594.0599365234375,6547.197265625,530.8323364257812,104.27434539794922,112.76907348632812,75.75690460205078,587.5346069335938,687.9588012695312,305.3591003417969,375.44415283203125,239.13967895507812,38.82744216918945,1795.2239990234375,571.1907348632812,1239.5877685546875,166.69859313964844,4422.41015625,633.6494750976562,133.81600952148438
2019-06-07,149.41253662109375,406.310302734375,1369.9039306640625,1339.19921875,799.663818359375,2390.48583984375,817.6677856445312,342.3843994140625,341.357421875,126.20342254638672,2575.31884765625,515.9312744140625,146.28919982910156,1492.2401123046875,493.186279296875,1877.82080078125,833.4085083007812,423.8265075683594,574.7293701171875,444.5951843261719,2169.738525390625,185.76377868652344,1633.9635009765625,401.9483337402344,1491.083984375,605.3538818359375,195.1334228515625,242.01229858398438,300.93988037109375,1347.0274658203125,1628.9781494140625,603.3816528320312,6509.302734375,526.2826538085938,103.20523071289062,111.50426483154297,74.3227767944336,582.0238037109375,690.0335083007812,310.0269470214844,370.89215087890625,243.40155029296875,38.62713623046875,1808.194091796875,581.0588989257812,1239.099609375,166.5021209716797,4424.0068359375,638.1880493164062,135.4456787109375
2019-06-10,148.03042602539062,406.8358459472656,1351.1903076171875,1343.212158203125,809.7592163085938,2413.41064453125,827.8458251953125,343.3746032714844,347.427490234375,122.02275085449219,2659.703125,520.6727294921875,142.84613037109375,1487.2857666015625,502.4643859863281,1890.3753662109375,842.4937133789062,428.38031005859375,572.9800415039062,443.3639831542969,2155.7587890625,189.05372619628906,1653.3756103515625,401.4659118652344,1490.5557861328125,617.1480712890625,198.07550048828125,246.11654663085938,299.10845947265625,1363.2664794921875,1621.9847412109375,606.0986328125,6529.6318359375,535.1830444335938,103.09070587158203,109.60700988769531,75.3111572265625,583.9049682617188,690.6756591796875,312.0662841796875,373.4932556152344,239.32908630371094,38.94361877441406,1849.4261474609375,594.5646362304688,1246.9599609375,163.26048278808594,4448.19287109375,636.2787475585938,136.3867645263672
2019-06-11,151.6337127685547,407.3614501953125,1352.023193359375,1345.9501953125,810.4055786132812,2411.271728515625,824.4763793945312,346.52099609375,347.2362976074219,121.19287109375,2647.267578125,525.6489868164062,142.54315185546875,1482.283935546875,497.9925231933594,1890.4271240234375,851.2443237304688,434.9364929199219,574.9054565429688,438.5871276855469,2180.22216796875,190.3411407470703,1642.0408935546875,406.5312805175781,1527.971923828125,618.2947387695312,198.39453125,252.11154174804688,300.1236877441406,1356.326171875,1626.09033203125,596.6363525390625,6537.4541015625,531.7314453125,103.31978607177734,112.66925811767578,75.05921936035156,588.3313598632812,692.5528564453125,314.60418701171875,362.2527160644531,241.83885192871094,39.460418701171875,1867.0794677734375,589.8433227539062,1254.722900390625,167.73001098632812,4435.51953125,647.6095581054688,136.6621856689453
2019-06-12,151.23878479003906,406.0714416503906,1353.7867431640625,1345.903076171875,809.162353515625,2376.84375,821.9791870117188,342.0331726074219,344.0339660644531,119.31392669677734,2662.012451171875,527.2919921875,141.57908630371094,1462.0382080078125,494.9061584472656,1887.9810791015625,849.5228881835938,435.0150146484375,569.892333984375,434.3027038574219,2142.447509765625,190.05503845214844,1648.5560302734375,403.299072265625,1508.0390625,617.393798828125,198.46542358398438,250.17466735839844,295.30645751953125,1342.9346923828125,1614.810546875,592.2799072265625,6419.13330078125,535.0503540039062,102.63251495361328,113.7343521118164,74.0902099609375,589.6592407226562,691.5155029296875,311.79437255859375,363.5997314453125,241.64944458007812,40.53005599975586,1873.79248046875,578.8917846679688,1258.5313720703125,166.06008911132812,4420.37890625,639.0018920898438,136.79991149902344
2019-06-13,151.1400909423828,406.0714416503906,1346.487548828125,1356.9620361328125,815.7267456054688,2359.206298828125,826.6395263671875,345.8039245605469,347.7142333984375,121.75656127929688,2651.042236328125,530.1087646484375,140.807861328125,1473.4713134765625,494.6290588378906,1893.248779296875,865.111328125,432.1884460449219,574.0368041992188,445.1861267089844,2124.424072265625,190.38877868652344,1647.1279296875,404.84283447265625,1430.228271484375,616.8538818359375,198.92625427246094,253.03382873535156,299.38714599609375,1350.31982421875,1587.693115234375,600.5712280273438,6356.0849609375,531.3104858398438,103.01432037353516,112.46953582763672,75.13674926757812,587.4902954101562,690.9226684570312,314.0603332519531,362.0668640136719,240.41824340820312,40.26565170288086,1868.156494140625,575.9119262695312,1264.97607421875,164.4392547607422,4421.44287109375,629.1421508789062,136.9835205078125
2019-06-14,150.49839782714844,407.45697021484375,1342.8623046875,1341.109130859375,796.87890625,2318.764892578125,820.9375610351562,343.257568359375,337.72491455078125,121.03628540039062,2632.877685546875,521.6585693359375,140.5599365234375,1450.366943359375,490.21453857421875,1856.1575927734375,859.7557983398438,426.7315673828125,571.7826538085938,441.3941955566406,2097.094482421875,189.05372619628906,1627.001953125,403.057861328125,1370.62158203125,615.0264892578125,197.11843872070312,250.17466735839844,293.385498046875,1358.105712890625,1599.2891845703125,597.0110473632812,6321.140625,525.6033325195312,101.37252044677734,112.7025146484375,75.42742919921875,583.19677734375,691.1202392578125,311.61309814453125,364.66802978515625,233.97805786132812,40.2055549621582,1868.48828125,572.93212890625,1251.744873046875,161.2958526611328,4355.220703125,629.7681884765625,137.1671600341797
2019-06-17,146.0066680908203,404.064697265625,1333.505615234375,1330.8565673828125,773.5057373046875,2289.422607421875,809.588134765625,338.1941223144531,328.83489990234375,118.42142486572266,2575.229736328125,511.8469543457031,140.64259338378906,1467.70703125,488.11236572265625,1852.476806640625,840.9635620117188,421.9814453125,568.70654296875,436.66656494140625,2079.77734375,184.61944580078125,1622.6285400390625,399.6327209472656,1344.54052734375,615.1094970703125,194.95623779296875,239.9832305908203,290.69818115234375,1333.591552734375,1594.7772216796875,585.5814208984375,6165.86181640625,525.2305297851562,100.9906997680664,109.44061279296875,75.2142562866211,567.5938720703125,691.5648193359375,306.2201843261719,355.7034606933594,232.699462890625,37.90603256225586,1864.0953369140625,570.068359375,1226.5030517578125,155.9422607421875,4310.28271484375,622.8507690429688,137.3278350830078
2019-06-18,146.05599975585938,402.6790771484375,1327.283935546875,1310.0675048828125,771.566162109375,2305.083251953125,822.0441284179688,342.3697814941406,329.93426513671875,120.73878479003906,2546.850341796875,514.1473388671875,143.42457580566406,1470.0887451171875,495.2023620605469,1852.8524169921875,841.25048828125,427.7522277832031,567.5911865234375,435.0414123535156,2095.13134765625,181.13876342773438,1615.0867919921875,407.3031005859375,1353.5224609375,623.08349609375,195.02711486816406,243.0729217529297,290.99676513671875,1339.4197998046875,1575.8714599609375,586.3778076171875,6032.22412109375,524.1668090820312,101.10523223876953,110.6055679321289,76.66777801513672,567.0184326171875,695.5660400390625,308.21417236328125,351.56951904296875,234.68833923339844,37.84193420410156,1865.463134765625,573.9381713867188,1227.918701171875,155.50021362304688,4364.60498046875,625.8243408203125,136.79991149902344
2019-06-19,140.97195434570312,389.5877380371094,1324.3939208984375,1311.1114501953125,766.54345703125,2278.6865234375,823.1156616210938,343.9502258300781,326.06280517578125,118.79719543457031,2554.35595703125,501.09649658203125,141.60665893554688,1467.6116943359375,487.481689453125,1858.37841796875,843.545654296875,425.5931396484375,570.1976318359375,430.55999755859375,2046.714599609375,181.23410034179688,1616.9610595703125,405.0357360839844,1326.9610595703125,624.5370483398438,196.51583862304688,240.30606079101562,298.1529846191406,1339.2864990234375,1564.8623046875,576.3065795898438,6018.78076171875,531.2167358398438,102.82341766357422,111.40438842773438,77.63677215576172,565.4027099609375,687.909423828125,307.1265563964844,348.5503845214844,232.32061767578125,39.58861541748047,1872.96337890625,569.3331298828125,1245.1048583984375,151.91477966308594,4339.01611328125,594.8993530273438,134.98660278320312
2019-06-20,146.54962158203125,383.3765869140625,1346.487548828125,1321.4586181640625,767.2396240234375,2338.74365234375,839.1502685546875,349.5160827636719,333.1843566894531,120.62918853759766,2517.359619140625,517.6212158203125,143.42457580566406,1527.2535400390625,490.1476745605469,1858.6085205078125,861.4772338867188,426.8690490722656,573.2691040039062,433.810302734375,2093.481689453125,185.28697204589844,1622.6695556640625,418.15740966796875,1379.074951171875,627.0288696289062,196.37405395507812,248.33009338378906,302.24371337890625,1385.5113525390625,1564.952392578125,587.548828125,6198.744140625,536.0822143554688,102.7470474243164,114.49991607666016,77.88871002197266,573.9898681640625,690.0335083007812,312.83673095703125,362.7636413574219,242.31240844726562,40.14146041870117,1887.923095703125,561.5547485351562,1275.8636474609375,156.4334259033203,4427.10205078125,544.7870483398438,131.72731018066406
2019-06-21,144.9207763671875,384.1409912109375,1320.9647216796875,1312.8675537109375,766.8915405273438,2321.186279296875,836.6183471679688,347.8868408203125,328.6437072753906,119.00077056884766,2510.831298828125,517.8560791015625,140.06414794921875,1472.7088623046875,487.615478515625,1851.66455078125,858.5603637695312,422.5113830566406,570.3984375,431.544921875,2046.5968017578125,188.4815673828125,1588.1494140625,415.64886474609375,1391.611083984375,623.125,194.4245147705078,246.39320373535156,296.56048583984375,1370.0736083984375,1534.7672119140625,587.829833984375,6011.84716796875,530.7224731445312,102.7470474243164,113.80091857910156,77.48175048828125,566.3544311523438,691.5155029296875,316.6888732910156,355.61053466796875,247.94752502441406,39.873043060302734,1864.6343994140625,573.0869750976562,1261.9490966796875,156.089599609375,4445.58056640625,557.21337890625,131.2223358154297
2019-06-24,145.8585968017578,387.9632873535156,1317.4376220703125,1306.3651123046875,758.7357788085938,2273.84326171875,832.8501586914062,345.8868408203125,329.8864440917969,119.26696014404297,2469.7939453125,516.3067626953125,141.44134521484375,1501.8153076171875,480.3247985839844,1793.3514404296875,847.9448852539062,423.1591796875,571.284423828125,433.4655456542969,2031.0867919921875,189.0060577392578,1586.171630859375,414.34637451171875,1404.0032958984375,619.2210693359375,195.84237670898438,237.76968383789062,292.738525390625,1371.1856689453125,1545.1446533203125,594.7625732421875,6051.80322265625,535.8053588867188,103.54888916015625,109.97315216064453,77.15228271484375,558.7853393554688,702.0371704101562,320.133056640625,356.2144470214844,246.19546508789062,38.95964813232422,1885.892822265625,563.6444702148438,1269.468017578125,156.4825439453125,4425.892578125,586.2916259765625,130.32716369628906
2019-06-25,148.91891479492188,387.6287841796875,1298.0382080078125,1293.9769287109375,777.4343872070312,2295.476806640625,832.0028076171875,349.2526550292969,333.2321472167969,123.1031494140625,2493.95458984375,516.4476318359375,142.32281494140625,1526.681884765625,484.6533203125,1795.1029052734375,862.7681884765625,423.59100341796875,573.8244018554688,430.90472412109375,2029.8297119140625,193.10658264160156,1578.9798583984375,418.39862060546875,1392.5718994140625,621.3806762695312,197.4375,246.30099487304688,295.3860168457031,1365.8470458984375,1554.529541015625,601.1332397460938,6110.44921875,535.5238037109375,105.72523498535156,110.63884735107422,78.14065551757812,573.5914916992188,666.223876953125,323.1694641113281,358.35101318359375,245.43780517578125,39.901092529296875,1879.51123046875,560.6259765625,1287.14208984375,157.6121826171875,4446.451171875,585.2899780273438,130.9698486328125
2019-06-26,151.8311309814453,396.51568603515625,1281.4801025390625,1290.9866943359375,784.3468627929688,2315.657470703125,838.4176025390625,353.9453430175781,330.3165588378906,122.5707778930664,2427.5126953125,522.5505981445312,143.3970489501953,1522.442138671875,492.85174560546875,1798.389404296875,879.0262451171875,423.4927673339844,583.0859985351562,435.09063720703125,2021.1519775390625,198.68521118164062,1583.0703125,423.2227783203125,1378.3065185546875,613.9882202148438,196.6576690673828,255.6162872314453,296.7197570800781,1380.261474609375,1617.15673828125,602.8663940429688,6070.9150390625,539.9456176757812,106.94705200195312,111.53754425048828,81.26087188720703,572.839111328125,708.8046875,324.61968994140625,371.0780029296875,258.2234802246094,40.9106330871582,1868.2398681640625,555.7887573242188,1278.256103515625,158.2506866455078,4447.75732421875,600.0012817382812,131.3600311279297
2019-06-27,150.893310546875,388.4410705566406,1285.88916015625,1292.363037109375,796.1329956054688,2313.356689453125,841.7471313476562,355.3355712890625,333.2799072265625,122.82131958007812,2421.295166015625,518.2315673828125,142.9012451171875,1526.1103515625,490.3005065917969,1829.1373291015625,881.5604858398438,417.2115478515625,581.7630004882812,448.28863525390625,2040.6278076171875,196.5395965576172,1595.1162109375,425.4419250488281,1393.10009765625,606.8035888671875,193.89283752441406,255.80072021484375,294.9282531738281,1379.994873046875,1640.7999267578125,616.357177734375,6076.9111328125,539.9614868164062,107.0234146118164,113.56793975830078,80.5050277709961,563.986328125,718.1901245117188,328.24517822265625,374.1899719238281,259.3126525878906,40.918643951416016,1866.871826171875,543.2890625,1297.93212890625,162.91668701171875,4449.44970703125,590.6425170898438,129.50083923339844
2019-06-28,148.57337951660156,391.9767150878906,1331.693115234375,1289.278076171875,804.1893310546875,2282.03662109375,849.796875,359.1305847167969,331.36810302734375,122.89959716796875,2437.106201171875,519.6399536132812,139.8162384033203,1521.4893798828125,487.4052429199219,1797.1640625,874.1967163085938,417.9573974609375,577.3801879882812,457.05450439453125,2027.3560791015625,197.44554138183594,1606.982666015625,421.72735595703125,1354.9632568359375,608.0077514648438,194.14093017578125,255.10902404785156,294.032470703125,1382.041259765625,1650.9068603515625,613.9681396484375,6121.8310546875,544.982421875,107.93978118896484,111.67069244384766,80.19493865966797,554.6688232421875,714.9793090820312,327.4294128417969,372.471435546875,255.42959594726562,40.413875579833984,1845.8624267578125,546.8880004882812,1303.3028564453125,159.67503356933594,4407.56005859375,586.8550415039062,128.766357421875
2019-07-01,152.12730407714844,394.89117431640625,1342.960205078125,1285.19580078125,806.0791015625,2350.569091796875,849.43798828125,360.8770446777344,333.13653564453125,117.81074523925781,2431.643310546875,521.846435546875,137.30970764160156,1534.11328125,507.356689453125,1842.84716796875,879.839111328125,411.8528747558594,587.2562255859375,462.4223327636719,2054.843017578125,199.209716796875,1600.330322265625,423.56048583984375,1377.1536865234375,607.4264526367188,194.92076110839844,254.3250732421875,294.84857177734375,1385.111083984375,1661.5550537109375,618.3245849609375,6096.724609375,542.9762573242188,108.85614776611328,107.17724609375,80.25308227539062,561.6403198242188,727.0322875976562,327.7013244628906,376.55889892578125,257.1816711425781,40.61819076538086,1856.0980224609375,545.3787231445312,1292.073486328125,165.0286407470703,4379.31005859375,593.5846557617188,129.45497131347656
2019-07-02,152.7196044921875,395.6556701660156,1328.607177734375,1277.5067138671875,798.2713623046875,2327.64404296875,844.8324584960938,362.0575256347656,338.0116882324219,118.531005859375,2459.801025390625,521.4238891601562,139.2102813720703,1540.8304443359375,502.1586608886719,1890.9385986328125,879.6478271484375,416.1319885253906,589.4889526367188,462.7178039550781,2039.5682373046875,199.6388702392578,1608.4212646484375,421.3896179199219,1360.775146484375,614.6527709960938,194.14093017578125,254.69398498535156,292.917724609375,1391.517822265625,1592.4755859375,624.1798706054688,6145.57958984375,547.3726806640625,109.16158294677734,110.2727279663086,80.36937713623047,565.9116821289062,740.7647094726562,330.37518310546875,367.4550476074219,257.41845703125,40.76641845703125,1866.49951171875,550.7965698242188,1292.8546142578125,160.8538360595703,4396.19189453125,616.1367797851562,130.48782348632812
2019-07-03,153.60806274414062,396.46783447265625,1314.44921875,1283.439697265625,801.8519897460938,2339.106689453125,840.4064331054688,362.47705078125,337.62939453125,119.37655639648438,2482.406982421875,519.4522094726562,138.24620056152344,1553.5491943359375,496.2439270019531,1845.1759033203125,887.3942260742188,412.6772155761719,588.224853515625,472.0253601074219,2032.068359375,199.0189666748047,1604.3756103515625,420.6177978515625,1412.6968994140625,607.4264526367188,196.16140747070312,255.8468475341797,293.61444091796875,1404.1529541015625,1565.8548583984375,626.990478515625,6121.0341796875,540.7071533203125,109.39067077636719,110.70542907714844,80.98954010009766,567.7044677734375,747.7791748046875,331.8707275390625,367.59429931640625,257.2763977050781,40.8865966796875,1854.523681640625,542.631103515625,1297.1998291015625,159.42947387695312,4412.6865234375,612.0520629882812,129.84512329101562
2019-07-04,154.1016845703125,396.46783447265625,1298.6260986328125,1290.7490234375,805.4867553710938,2336.7255859375,851.0828247070312,364.1453552246094,346.7583312988281,119.00077056884766,2523.843994140625,517.8560791015625,138.32879638671875,1543.2598876953125,497.3332214355469,1861.6368408203125,900.4961547851562,408.57489013671875,586.8426513671875,481.72686767578125,2046.714599609375,197.302490234375,1612.3765869140625,420.8589782714844,1434.3109130859375,609.5029907226562,196.8348846435547,253.67941284179688,298.1529846191406,1398.5025634765625,1494.2041015625,629.7073364257812,6131.01171875,543.694580078125,109.54338073730469,111.23796844482422,81.47402954101562,568.3462524414062,748.273193359375,333.003662109375,364.2500305175781,255.3822479248047,40.72216033935547,1858.6669921875,542.244140625,1259.99609375,162.27818298339844,4494.14697265625,655.7633666992188,130.30421447753906
2019-07-05,145.4143524169922,384.57098388671875,1280.206787109375,1289.800048828125,802.7482299804688,2294.54833984375,840.8947143554688,362.8428649902344,348.71795654296875,115.88481903076172,2509.18798828125,516.4006958007812,133.2606201171875,1534.6851806640625,497.0561218261719,1844.706298828125,886.581298828125,399.015625,584.1492309570312,466.6082763671875,1973.0103759765625,189.67359924316406,1610.3988037109375,421.0037536621094,1472.207763671875,596.3792114257812,198.1109619140625,245.9320831298828,302.0147705078125,1386.623779296875,1503.1375732421875,601.5079956054688,5958.21435546875,547.009033203125,104.23614501953125,107.51009368896484,79.7879638671875,559.205810546875,744.4695434570312,335.9494323730469,348.5968933105469,252.49362182617188,39.328582763671875,1792.7376708984375,527.1516723632812,1248.0341796875,157.36660766601562,4374.85986328125,625.1983032226562,124.79548645019531
2019-07-08,137.12185668945312,380.1275329589844,1276.8753662109375,1272.2855224609375,779.6447143554688,2242.28173828125,756.9285278320312,333.0039367675781,340.688232421875,113.00374603271484,2470.371337890625,505.5562438964844,128.0271759033203,1501.1959228515625,496.0528259277344,1787.2198486328125,849.7620239257812,407.90740966796875,569.3116455078125,455.7740783691406,1869.2276611328125,188.43389892578125,1576.3729248046875,410.9212341308594,1418.36474609375,596.0469970703125,196.6930694580078,245.65106201171875,293.67413330078125,1326.1171875,1472.7265625,595.6994018554688,5657.2119140625,539.8974609375,98.96707153320312,101.45223999023438,78.00498962402344,554.2040405273438,750.0514526367188,322.03643798828125,340.7469787597656,249.60494995117188,38.481746673583984,1802.9315185546875,526.5712890625,1222.9876708984375,151.81654357910156,4249.38134765625,621.723876953125,122.52313232421875
2019-07-09,139.34307861328125,387.0076599121094,1301.76123046875,1254.01171875,782.9310302734375,2249.223388671875,783.0814208984375,351.5209655761719,346.32818603515625,112.76888275146484,2453.938232421875,515.2740478515625,126.48468017578125,1529.25439453125,496.65484619140625,1787.7548828125,871.1842041015625,400.72332763671875,562.1170654296875,448.8796691894531,1919.4500732421875,188.71995544433594,1564.416748046875,413.4297790527344,1433.350341796875,594.302734375,193.60922241210938,245.74476623535156,291.1958312988281,1358.3726806640625,1444.4361572265625,592.7483520507812,5569.853515625,534.663818359375,98.92888641357422,102.11792755126953,79.36161041259766,566.6199951171875,749.8538818359375,325.8432922363281,358.9548034667969,249.60494995117188,38.5146369934082,1768.0809326171875,523.1270751953125,1073.098388671875,153.04443359375,4352.26953125,601.0185546875,121.88044738769531
2019-07-10,137.56613159179688,387.0076599121094,1291.4739990234375,1255.862548828125,766.0514526367188,2212.091552734375,763.423095703125,334.5405578613281,342.74346923828125,109.48069763183594,2460.067626953125,511.6592712402344,128.55050659179688,1546.7371826171875,493.94110107421875,1760.7490234375,873.5750732421875,399.9970703125,564.3854370117188,448.8796691894531,1884.8170166015625,184.66712951660156,1544.954345703125,415.745361328125,1428.69140625,595.75634765625,193.6446533203125,238.76629638671875,293.78363037109375,1334.3035888671875,1435.6827392578125,582.3961791992188,5553.41162109375,528.41455078125,98.54707336425781,100.95297241210938,79.57476806640625,566.066650390625,733.0093994140625,321.03948974609375,364.3428649902344,238.33460998535156,37.392372131347656,1747.23779296875,522.3143920898438,1075.29541015625,148.9678192138672,4345.96533203125,596.1357421875,122.54608154296875
2019-07-11,139.19500732421875,394.55670166015625,1288.681396484375,1264.8809814453125,763.2133178710938,2237.922607421875,762.4259643554688,337.27703857421875,344.8465270996094,109.77820587158203,2456.158935546875,518.654052734375,129.40438842773438,1532.63671875,507.0126953125,1787.337158203125,879.1218872070312,400.7428894042969,568.7327880859375,460.7479553222656,1969.4765625,189.2444610595703,1556.0115966796875,411.5483703613281,1480.565185546875,599.2864379882812,195.41700744628906,250.38143920898438,295.59503173828125,1330.432861328125,1433.9971923828125,594.1068725585938,5650.18603515625,526.4177856445312,98.47071838378906,101.9182357788086,80.8538818359375,567.2617797851562,745.0130004882812,329.1968994140625,369.8702697753906,242.4071044921875,37.98433303833008,1742.5548095703125,515.2326049804688,1071.194580078125,154.0267333984375,4402.60888671875,592.7551879882812,122.91334533691406
2019-07-12,138.50396728515625,396.8501281738281,1335.6610107421875,1292.88525390625,752.6573486328125,2246.877197265625,770.4034423828125,330.0888366699219,340.4014892578125,108.2750015258789,2469.882568359375,522.7852783203125,127.3936538696289,1536.924072265625,502.3401184082031,1779.9329833984375,876.0614624023438,401.9599609375,565.60205078125,474.4876708984375,2018.1676025390625,189.6259307861328,1540.099853515625,412.0307312011719,1450.0653076171875,603.647216796875,194.99163818359375,250.94345092773438,295.4954833984375,1305.2069091796875,1458.73828125,591.9988403320312,5594.2109375,533.9822998046875,97.592529296875,99.65487670898438,80.117431640625,566.7971801757812,771.2924194335938,329.5594482421875,378.741943359375,244.30130004882812,38.88050079345703,1746.7401123046875,515.3101196289062,1075.29541015625,156.4825439453125,4428.5546875,591.62841796875,118.87360382080078
2019-07-15,136.1840362548828,390.9256286621094,1357.65673828125,1284.5316162109375,746.6325073242188,2239.82080078125,769.2816162109375,333.4703369140625,335.1439514160156,108.79173278808594,2463.6650390625,516.9171142578125,126.9253921508789,1538.114990234375,505.9989929199219,1768.52880859375,882.0386962890625,403.373291015625,565.8030395507812,483.6967468261719,1999.1229248046875,190.86561584472656,1543.4713134765625,407.4478454589844,1417.019775390625,647.3372802734375,192.0850372314453,253.8004150390625,300.3651428222656,1281.8494873046875,1449.716552734375,591.9520874023438,5695.6220703125,525.3952026367188,97.70706176757812,100.32056427001953,79.43911743164062,564.8494262695312,774.1080932617188,326.3417663574219,392.9088439941406,240.8444061279297,38.502296447753906,1778.31689453125,524.6751098632812,1063.7730712890625,158.10333251953125,4458.767578125,607.9202880859375,119.3097152709961
2019-07-16,138.3558807373047,399.1912536621094,1362.0655517578125,1302.710205078125,757.8855590820312,2255.047607421875,785.9597778320312,337.0473327636719,335.287353515625,110.99951934814453,2440.17041015625,519.7338256835938,128.24749755859375,1570.6988525390625,515.415771484375,1788.0037841796875,889.8807373046875,400.2915344238281,564.9642944335938,483.6474609375,2023.619384765625,189.86431884765625,1565.3609619140625,409.66693115234375,1415.194580078125,651.90576171875,192.79397583007812,256.5636901855469,299.0406494140625,1300.1798095703125,1502.252197265625,583.5673217773438,5769.02197265625,535.6520385742188,99.99797058105469,101.35237884521484,80.97015380859375,572.330078125,766.5008544921875,330.2392272949219,402.52362060546875,245.8166046142578,39.19292068481445,1749.4906005859375,523.1658325195312,1088.52685546875,166.9932861328125,4462.55078125,602.7557373046875,119.35562133789062
2019-07-17,136.2827606201172,398.5223693847656,1355.795654296875,1325.1136474609375,749.470703125,2225.708740234375,783.2523803710938,338.47418212890625,330.9857482910156,110.48280334472656,2485.160400390625,523.4894409179688,126.70502471923828,1573.890625,513.4515991210938,1730.9541015625,886.24658203125,408.57489013671875,566.44091796875,489.6555480957031,2006.5992431640625,194.0125274658203,1582.800537109375,409.7634582519531,1442.14013671875,659.6304931640625,193.46743774414062,254.69027709960938,305.64312744140625,1295.063232421875,1475.0047607421875,578.9298095703125,5691.87548828125,535.0458984375,98.58525848388672,99.78799438476562,80.6213150024414,567.3945922851562,756.028564453125,337.5355529785156,399.5044860839844,243.40155029296875,39.11071014404297,1758.8365478515625,534.6592407226562,1083.7908935546875,164.93040466308594,4470.3583984375,619.5172119140625,119.17200469970703
2019-07-18,132.48202514648438,394.07891845703125,1359.959228515625,1314.71875,737.3214111328125,2171.157470703125,782.5643310546875,338.8993835449219,327.4010314941406,109.3710708618164,2505.634765625,513.5840454101562,121.36138153076172,1564.3154296875,511.3813781738281,1728.352783203125,868.0759887695312,399.8595886230469,569.85498046875,495.95904541015625,1972.0018310546875,191.2470703125,1563.427978515625,403.9261779785156,1413.5133056640625,658.4260864257812,193.53834533691406,249.25741577148438,306.3700256347656,1277.044677734375,1436.411865234375,567.4832153320312,5510.73974609375,530.5327758789062,97.0197982788086,95.4609603881836,79.59416198730469,558.5418701171875,731.922607421875,329.6047668457031,395.927978515625,241.6020965576172,38.36253356933594,1716.22021484375,531.873046875,1054.5943603515625,157.90689086914062,4463.375,614.822265625,123.53309631347656
2019-07-19,129.7178955078125,387.4854431152344,1345.65478515625,1299.672607421875,726.2177734375,2111.283203125,754.5131225585938,324.7722473144531,324.96343994140625,109.91910552978516,2441.947265625,503.9131774902344,122.24278259277344,1547.6424560546875,503.2164001464844,1658.677978515625,841.5374145507812,398.7016296386719,561.290283203125,480.24951171875,1898.791015625,186.90811157226562,1546.572509765625,395.869873046875,1366.1546630859375,652.362548828125,190.20635986328125,242.6536102294922,298.53277587890625,1256.0008544921875,1381.5069580078125,542.690185546875,5404.6435546875,528.2592163085938,99.1961441040039,95.7938232421875,79.72982025146484,552.8540649414062,735.8743896484375,322.6709289550781,391.4224853515625,235.6827850341797,37.659576416015625,1725.3582763671875,522.4691772460938,1065.3843994140625,152.11123657226562,4386.94482421875,604.2112426757812,121.51321411132812
2019-07-22,129.96466064453125,389.1099548339844,1337.03271484375,1332.9927978515625,724.42529296875,2115.120361328125,714.236328125,317.2957763671875,327.4488220214844,110.70201873779297,2428.93408203125,498.51446533203125,121.9673843383789,1548.54736328125,506.9425964355469,1603.088134765625,853.204833984375,400.0166931152344,542.766845703125,483.2535095214844,1911.7550048828125,193.01123046875,1510.8837890625,397.9977111816406,1362.5521240234375,651.5317993164062,187.4415283203125,247.66497802734375,289.6499328613281,1249.0157470703125,1347.51611328125,536.6107788085938,5538.98486328125,517.1719360351562,99.9216079711914,97.62447357177734,79.10964965820312,566.7971801757812,752.9660034179688,318.0030822753906,399.6903381347656,238.2872772216797,38.27621078491211,1752.7308349609375,520.0699462890625,1060.013671875,153.9776153564453,4446.25634765625,599.8916625976562,121.55909729003906
2019-07-23,132.33396911621094,381.9909362792969,1338.3555908203125,1356.8671875,724.9730224609375,2082.8935546875,715.024169921875,320.25701904296875,328.4525451660156,112.44004821777344,2425.114990234375,496.5896911621094,120.12188720703125,1542.5926513671875,500.5588684082031,1605.57177734375,844.9324951171875,396.8759460449219,534.7928466796875,500.8836364746094,1963.929443359375,193.67877197265625,1522.25537109375,398.4329528808594,1360.9671630859375,656.224853515625,191.8723907470703,246.63461303710938,297.5568542480469,1254.1768798828125,1340.4537353515625,531.1011352539062,5502.6826171875,524.7684326171875,101.60160064697266,96.25981140136719,81.57091522216797,563.720703125,766.5996704101562,310.16290283203125,399.6903381347656,237.1507568359375,37.80756378173828,1754.848876953125,519.4893798828125,1073.2938232421875,153.43736267089844,4402.94873046875,605.8075561523438,121.4214096069336
2019-07-24,128.1383819580078,363.88275146484375,1308.4237060546875,1408.1767578125,709.3382568359375,2081.862060546875,704.5487670898438,310.1564636230469,323.95977783203125,109.32410430908203,2346.28173828125,487.05975341796875,119.46080780029297,1528.301513671875,500.5010986328125,1549.534912109375,840.1028442382812,400.9391174316406,538.9038696289062,492.019287109375,1911.5166015625,188.10011291503906,1553.989013671875,395.09613037109375,1308.372802734375,653.1100463867188,192.01414489746094,239.09413146972656,298.1942138671875,1250.436279296875,1400.8262939453125,522.4569091796875,5403.61279296875,525.1871337890625,100.68526458740234,95.5941162109375,81.31901550292969,557.3246459960938,763.191162109375,307.8063659667969,395.3240661621094,236.67721557617188,36.66885757446289,1741.8482666015625,511.16925048828125,1061.8201904296875,148.5749053955078,4309.25341796875,579.4212036132812,121.2836685180664
2019-07-25,127.7435073852539,363.4527893066406,1316.4085693359375,1419.9949951171875,720.1431274414062,2101.9990234375,676.3279418945312,297.7396240234375,324.0553283691406,106.56831359863281,2373.018310546875,503.8663024902344,115.16386413574219,1564.1724853515625,511.10211181640625,1554.8133544921875,830.7305908203125,397.0134582519531,540.1207275390625,493.64447021484375,1898.0750732421875,187.62332153320312,1561.180908203125,395.5797424316406,1336.8553466796875,659.9210815429688,189.8873291015625,232.911865234375,295.77435302734375,1236.9617919921875,1391.4853515625,520.1295166015625,5393.0732421875,525.8779296875,99.08161163330078,95.76054382324219,82.61746978759766,545.1077880859375,787.7911987304688,309.3471374511719,406.1002197265625,238.2872772216797,36.20433044433594,1767.683349609375,515.9532470703125,1064.7984619140625,141.74783325195312,4325.984375,567.4955444335938,120.38850402832031
2019-07-26,130.16212463378906,364.8868713378906,1335.4649658203125,1449.0435791015625,726.8153076171875,2161.13037109375,721.2716064453125,319.054931640625,320.1361083984375,107.66436004638672,2370.264892578125,499.5942687988281,116.04527282714844,1587.9437255859375,520.8943481445312,1625.729736328125,836.755615234375,393.14654541015625,538.0533447265625,491.5761413574219,1962.3385009765625,188.8153533935547,1555.786865234375,402.1082458496094,1359.766357421875,653.6915283203125,191.69512939453125,233.89540100097656,301.11199951171875,1254.7628173828125,1364.648193359375,536.1832275390625,5438.88525390625,531.7449340820312,98.35614776611328,94.46241760253906,81.99729919433594,537.2730712890625,785.518798828125,310.5254821777344,408.7012939453125,244.68011474609375,36.62774658203125,1752.0247802734375,508.83660888671875,1080.373291015625,144.5474090576172,4365.2177734375,564.8663330078125,121.00824737548828
2019-07-29,128.1698455810547,357.42950439453125,1338.2083740234375,1436.512939453125,717.2552490234375,2053.017578125,710.0881958007812,317.8870544433594,319.8014831542969,107.16329956054688,2373.6845703125,490.345947265625,113.15306854248047,1575.12890625,511.0732421875,1550.2017822265625,760.9173583984375,398.64263916015625,530.2564697265625,478.033447265625,1912.4312744140625,184.28567504882812,1540.1900634765625,415.261962890625,1375.905029296875,657.3878784179688,189.81643676757812,226.12075805664062,299.24981689453125,1236.150390625,1389.343994140625,525.4491577148438,5209.9248046875,531.60791015625,97.2107162475586,93.43059539794922,80.58256530761719,536.0116577148438,787.7418212890625,311.61309814453125,400.4333801269531,242.45448303222656,35.63703536987305,1769.4283447265625,511.0506896972656,1058.3028564453125,135.11721801757812,4237.576171875,548.903076171875,120.4573745727539
2019-07-30,124.1103744506836,357.04705810546875,1306.611083984375,1432.2408447265625,704.6577758789062,2033.376220703125,705.8201293945312,317.6231689453125,330.5077819824219,105.06515502929688,2324.608642578125,488.2334289550781,109.93040466308594,1580.0833740234375,492.981201171875,1528.9609375,729.2623291015625,401.8421936035156,532.1348266601562,475.81732177734375,1796.5106201171875,181.2818145751953,1546.123046875,411.39324951171875,1284.6455078125,658.4260864257812,190.63169860839844,215.676513671875,298.4929504394531,1240.5218505859375,1377.08740234375,521.26953125,5159.2421875,527.7786254882812,97.13433837890625,92.36546325683594,80.71822357177734,522.7103271484375,787.7911987304688,296.8844299316406,381.2037048339844,236.48779296875,34.124237060546875,1810.2578125,506.2666931152344,1058.5970458984375,131.0897216796875,4187.720703125,538.7147216796875,120.41144561767578
2019-07-31,127.52626037597656,360.96697998046875,1324.2469482421875,1443.964599609375,671.2970581054688,2076.82763671875,707.7944946289062,317.8283386230469,322.717041015625,108.19672393798828,2313.905029296875,492.1053161621094,112.62976837158203,1556.5506591796875,495.7927551269531,1546.4134521484375,753.9360961914062,406.14080810546875,531.9930419921875,486.060546875,1873.896728515625,181.71092224121094,1552.1910400390625,410.6678466796875,1357.220703125,659.2150268554688,191.55332946777344,222.42079162597656,302.6456298828125,1250.3912353515625,1379.31982421875,522.4569091796875,5124.158203125,534.1536865234375,96.63798522949219,92.43205261230469,81.70658874511719,516.2257690429688,787.9393920898438,301.0991516113281,396.43890380859375,238.2872772216797,35.52193069458008,1832.31298828125,503.1037292480469,1036.1832275390625,133.2017059326172,4216.18896484375,558.9505615234375,121.78862762451172
2019-08-01,124.20938110351562,354.80029296875,1337.91455078125,1428.396240234375,666.5170288085938,2094.28173828125,706.2139892578125,314.9013671875,309.62103271484375,107.61738586425781,2323.64306640625,483.93658447265625,111.52796173095703,1539.0198974609375,487.92620849609375,1566.7271728515625,740.738525390625,401.037353515625,526.108642578125,480.59417724609375,1883.7994384765625,174.2727508544922,1556.3714599609375,403.36553955078125,1343.579833984375,638.6158447265625,189.67466735839844,210.9929656982422,297.9154052734375,1224.02783203125,1373.4422607421875,521.07958984375,5220.55712890625,528.2568359375,96.8670654296875,91.13392639160156,82.94692993164062,522.4226684570312,767.636962890625,287.4581604003906,394.90606689453125,245.0589599609375,34.531211853027344,1811.0057373046875,494.7218933105469,1037.115234375,127.25870513916016,4104.45263671875,541.6256103515625,124.12983703613281
2019-08-02,126.83318328857422,358.9592590332031,1283.684814453125,1466.84228515625,671.048095703125,2146.192626953125,704.3890991210938,316.44549560546875,328.4047546386719,107.24160766601562,2317.835693359375,487.3834533691406,108.63578796386719,1523.2520751953125,487.0500183105469,1599.096923828125,744.037841796875,396.69940185546875,524.3446044921875,486.8977355957031,1910.363037109375,172.03175354003906,1561.8997802734375,397.127197265625,1328.449951171875,644.222412109375,187.5124053955078,210.89927673339844,300.2655334472656,1235.0238037109375,1380.5501708984375,528.5839233398438,5329.93212890625,522.0579223632812,94.00344848632812,89.43640899658203,81.60969543457031,527.38427734375,782.1104736328125,279.5726318359375,390.77215576171875,251.54652404785156,33.635040283203125,1831.9810791015625,503.0247802734375,1044.3739013671875,128.38836669921875,4169.77734375,538.52685546875,121.03119659423828
2019-08-05,123.46678924560547,351.6930236816406,1275.3077392578125,1448.0467529296875,659.695556640625,2162.0380859375,696.735595703125,308.8370361328125,341.93096923828125,106.16117858886719,2303.4970703125,490.02777099609375,110.50881958007812,1503.006103515625,484.25775146484375,1561.1651611328125,716.734130859375,396.9349670410156,516.0330810546875,479.8062438964844,1908.2156982421875,167.59747314453125,1565.2706298828125,389.4380798339844,1333.541259765625,645.1361083984375,184.18045043945312,203.9208221435547,290.8050842285156,1212.9866943359375,1402.9677734375,518.134765625,5312.1318359375,535.8419189453125,92.39981079101562,87.4060287475586,77.96621704101562,509.1271667480469,780.8755493164062,272.14031982421875,387.520751953125,247.0951690673828,32.82520294189453,1867.95166015625,512.4343872070312,1017.0064086914062,121.56128692626953,4118.51708984375,507.9619140625,120.27374267578125
2019-08-06,126.93218231201172,360.3933410644531,1313.126708984375,1486.4451904296875,676.1766967773438,2153.826904296875,707.6449584960938,319.8026123046875,352.2070617675781,108.13410186767578,2278.660400390625,472.32098388671875,112.98783874511719,1539.639404296875,492.24945068359375,1609.1002197265625,728.2581787109375,402.0776672363281,518.3656005859375,504.3801574707031,1963.3330078125,172.3178253173828,1567.8778076171875,396.7887268066406,1361.303466796875,643.2673950195312,183.54241943359375,203.78036499023438,295.8241271972656,1241.558349609375,1439.1002197265625,521.9345092773438,5464.7880859375,541.5488891601562,94.1943359375,87.5058822631836,76.78404998779297,502.425537109375,777.714111328125,273.1826477050781,388.4961853027344,256.2345886230469,33.01841735839844,1839.955810546875,530.2655029296875,1026.717529296875,120.33338928222656,4225.9853515625,515.849609375,118.85064697265625
2019-08-07,124.35790252685547,355.8997802734375,1288.04443359375,1480.1326904296875,657.2059326171875,2149.94775390625,713.2391967773438,319.17218017578125,349.96063232421875,103.68724060058594,2269.7265625,489.4610900878906,113.5387191772461,1556.693603515625,492.364990234375,1556.6864013671875,705.7362060546875,401.46917724609375,517.157958984375,510.2897033691406,1992.5218505859375,168.21728515625,1597.6783447265625,394.9993896484375,1370.189208984375,644.6378173828125,179.82052612304688,198.8157958984375,294.0316467285156,1225.8304443359375,1458.373779296875,492.34442138671875,5410.1708984375,538.799560546875,93.96526336669922,86.87348175048828,77.07474517822266,494.0094299316406,777.0718383789062,262.75927734375,391.1437072753906,255.14544677734375,31.398738861083984,1838.7515869140625,533.309814453125,1008.81591796875,115.32360076904297,4211.09619140625,500.3088684082031,120.52622985839844
2019-08-08,129.60548400878906,357.52508544921875,1307.3948974609375,1486.4930419921875,657.3552856445312,2231.36181640625,727.0005493164062,325.90594482421875,355.74395751953125,107.57041931152344,2302.826904296875,475.0596008300781,116.70635986328125,1572.9854736328125,495.2825012207031,1590.2667236328125,712.0119018554688,427.2222595214844,528.7963256835938,515.0173950195312,2058.25634765625,172.65159606933594,1620.91650390625,400.80255126953125,1365.553955078125,655.1450805664062,182.7270965576172,207.66766357421875,299.2995910644531,1226.3712158203125,1479.2877197265625,512.5302124023438,5529.38232421875,541.6724853515625,95.18705749511719,87.10647583007812,78.5670166015625,513.1348266601562,803.1044921875,266.7926940917969,396.16015625,256.56610107421875,30.20659065246582,1875.84326171875,537.8565063476562,1021.2244873046875,121.85597229003906,4105.85888671875,500.35577392578125,121.9952163696289
2019-08-09,131.0906219482422,360.0586853027344,1331.30126953125,1495.60595703125,658.0523681640625,2234.5390625,748.295654296875,334.21307373046875,354.78802490234375,108.49423217773438,2312.251953125,457.5417785644531,114.36505126953125,1586.2762451171875,495.5712890625,1663.6331787109375,720.749755859375,426.4568176269531,540.3637084960938,518.809326171875,2085.576416015625,168.02658081054688,1655.3021240234375,406.3638916015625,1364.9261474609375,656.0587158203125,180.21043395996094,206.63729858398438,305.14520263671875,1229.9315185546875,1490.4510498046875,518.229736328125,5714.54638671875,558.2453002929688,94.61434936523438,87.17304229736328,78.29570007324219,517.4763793945312,792.039306640625,264.07354736328125,392.0262451171875,251.45179748535156,29.79138946533203,1865.9991455078125,524.5325927734375,1046.6300048828125,119.891357421875,4152.60986328125,500.91925048828125,120.96234130859375
2019-08-13,129.0114288330078,344.71368408203125,1295.7357177734375,1493.565185546875,646.7496337890625,2203.96240234375,706.927001953125,314.8768615722656,336.1476745605469,107.4451675415039,2244.13037109375,449.27862548828125,112.24413299560547,1452.3677978515625,492.2783508300781,1574.5028076171875,685.1709594726562,421.0392150878906,525.765380859375,511.5208740234375,2041.4747314453125,168.0742645263672,1640.379150390625,396.7887268066406,1326.34619140625,635.2103881835938,174.60989379882812,206.2157440185547,301.02239990234375,1183.64892578125,1443.1553955078125,486.7398681640625,5448.06591796875,553.59765625,91.30207061767578,85.04280090332031,78.29570007324219,567.6387939453125,761.956298828125,256.8224792480469,408.05096435546875,249.65232849121094,28.669124603271484,1827.1214599609375,505.3968505859375,1043.5401611328125,119.79312133789062,4055.422119140625,472.4200744628906,118.66703796386719
2019-08-14,129.35794067382812,343.0883483886719,1332.6727294921875,1490.10009765625,660.4423828125,2239.738525390625,739.4405517578125,321.53240966796875,345.2767028808594,110.99951934814453,2214.648193359375,451.6867370605469,110.45372772216797,1474.9947509765625,483.72821044921875,1567.8480224609375,709.1637573242188,423.26141357421875,527.920166015625,509.2062683105469,2095.040771484375,173.40310668945312,1653.234375,403.60736083984375,1352.8065185546875,643.55810546875,176.3467559814453,213.33473205566406,297.11871337890625,1202.080810546875,1482.0672607421875,497.33148193359375,5524.57958984375,560.2584228515625,91.65277862548828,84.44368743896484,79.51663970947266,573.6502075195312,802.3634643554688,262.62335205078125,387.520751953125,252.87240600585938,29.980485916137695,1831.233642578125,521.1719970703125,1063.305419921875,118.76168823242188,4098.82666015625,495.0504150390625,115.24703216552734
2019-08-16,131.5362091064453,341.6542663574219,1440.838623046875,1516.44287109375,672.8406372070312,2270.3154296875,741.853759765625,326.1502380371094,345.6112365722656,109.98173522949219,2233.008056640625,449.6091613769531,111.25252532958984,1451.308837890625,479.9923095703125,1570.2886962890625,726.3014526367188,417.99102783203125,527.5057373046875,532.00732421875,2122.758544921875,172.63497924804688,1643.8851318359375,405.2032470703125,1389.74462890625,643.3504638671875,179.3596954345703,212.772705078125,298.5427551269531,1203.4779052734375,1440.6041259765625,501.4161376953125,5675.65966796875,558.7620239257812,91.80863952636719,85.14266967773438,81.84224700927734,569.0859985351562,825.2838745117188,263.6656494140625,385.24481201171875,252.7303466796875,29.848941802978516,1798.58642578125,521.0929565429688,1055.261962890625,119.20372772216797,4081.46533203125,515.56787109375,114.39777374267578
2019-08-19,134.1599884033203,341.7020263671875,1453.91845703125,1506.00048828125,682.1517333984375,2249.311767578125,735.596435546875,325.25604248046875,345.08544921875,108.6664810180664,2214.20166015625,449.3730773925781,109.59984588623047,1461.70751953125,483.17938232421875,1545.4342041015625,707.0878295898438,418.5023193359375,522.568603515625,516.6424560546875,2092.933349609375,173.9311981201172,1636.91796875,409.5072021484375,1393.0281982421875,645.9252319335938,178.33175659179688,211.88282775878906,298.0249328613281,1218.755126953125,1452.17724609375,494.4816589355469,5682.78369140625,561.6572265625,92.66594696044922,84.07755279541016,81.21466064453125,575.5873413085938,839.6585693359375,259.9948425292969,395.7421875,254.00892639160156,29.56118392944336,1796.841796875,530.0676879882812,1068.160888671875,118.66346740722656,4033.11376953125,508.9947814941406,115.72904205322266
2019-08-20,134.30850219726562,339.359619140625,1445.2474365234375,1514.2596435546875,669.5543823242188,2263.713134765625,721.5858154296875,321.93798828125,342.2655334472656,107.17896270751953,2138.352294921875,452.0645446777344,107.58910369873047,1465.60693359375,491.9413757324219,1503.62890625,704.0947265625,426.34893798828125,525.8245849609375,519.9420166015625,2122.957275390625,172.2509002685547,1657.1451416015625,403.22052001953125,1356.6693115234375,658.467529296875,174.7516632080078,210.6182861328125,299.76763916015625,1210.0123291015625,1471.5421142578125,501.36865234375,5880.74169921875,557.1514282226562,91.9255599975586,83.24542236328125,80.82241821289062,568.1731567382812,843.5609741210938,257.1397399902344,393.544921875,251.8306121826172,29.454299926757812,1816.571044921875,528.9212646484375,1071.49609375,121.65951538085938,3911.776123046875,506.9759521484375,116.27992248535156
2019-08-21,130.5955810546875,335.29632568359375,1436.331787109375,1508.5638427734375,661.9361572265625,2281.745849609375,712.5811157226562,318.7470703125,339.2544250488281,105.11073303222656,2130.3115234375,442.0070495605469,104.00829315185547,1476.1502685546875,482.00469970703125,1513.5377197265625,674.695068359375,420.9014587402344,527.0676879882812,522.6997680664062,2158.74755859375,169.99456787109375,1663.0780029296875,398.5296325683594,1320.3106689453125,664.0325317382812,171.17153930664062,205.13856506347656,299.8970947265625,1181.3055419921875,1457.097900390625,494.8142395019531,5916.7900390625,586.2105102539062,91.88658905029297,80.68248748779297,80.371337890625,565.94677734375,819.4550170898438,251.42955017089844,389.8984069824219,247.61611938476562,28.200489044189453,1816.1143798828125,532.0050659179688,1044.9625244140625,110.41202545166016,3803.4833984375,503.2198486328125,115.86676788330078
2019-08-22,125.6450424194336,329.8944396972656,1421.733154296875,1490.574951171875,658.4009399414062,2264.785888671875,674.8372192382812,304.3463439941406,337.1991882324219,100.36504364013672,2180.565185546875,438.1824035644531,99.62873840332031,1510.2352294921875,490.169677734375,1468.4024658203125,664.7986450195312,424.3429870605469,514.8136596679688,520.4837646484375,2088.757568359375,169.51449584960938,1682.9449462890625,386.0045471191406,1289.8427734375,660.9178466796875,170.1790313720703,203.26516723632812,294.4200134277344,1166.5240478515625,1456.14111328125,486.169921875,5897.45947265625,580.4341430664062,89.43159484863281,78.33805084228516,79.52799987792969,555.170654296875,805.3766479492188,243.4080810546875,387.60760498046875,245.01161193847656,27.43587303161621,1840.86962890625,539.8727416992188,1041.480224609375,105.79515075683594,3722.736572265625,486.4584045410156,115.7060775756836
2019-08-23,130.0015106201172,334.0055847167969,1411.690673828125,1500.2576904296875,661.1395874023438,2268.829833984375,686.5293579101562,310.2346496582031,340.688232421875,105.60777282714844,2203.7041015625,439.9766845703125,103.56758880615234,1513.2200927734375,489.37054443359375,1455.1689453125,694.6328735351562,427.52880859375,512.1141967773438,509.4032287597656,2099.852783203125,173.0670623779297,1672.067626953125,382.42596435546875,1265.55517578125,666.3168334960938,167.37872314453125,206.6841278076172,292.8166809082031,1159.538818359375,1458.328369140625,506.54571533203125,5940.96533203125,578.9747924804688,92.35420989990234,81.88819885253906,79.03768920898438,568.128662109375,811.353759765625,245.7193603515625,399.9964599609375,251.8779754638672,28.385478973388672,1867.20361328125,540.74267578125,1053.006103515625,109.08590698242188,3745.675537109375,513.8777465820312,115.40772247314453
2019-08-26,133.86297607421875,352.0276794433594,1431.4329833984375,1516.5379638671875,680.8572387695312,2258.637939453125,717.0634765625,324.8846130371094,344.75091552734375,107.54771423339844,2263.74072265625,440.5905456542969,103.98075866699219,1559.8702392578125,494.36773681640625,1470.7530517578125,711.8670654296875,429.8296813964844,534.2425537109375,518.4646606445312,2060.68212890625,171.62684631347656,1686.945556640625,398.14276123046875,1302.2518310546875,666.607421875,171.91590881347656,200.5487060546875,301.3012390136719,1202.035888671875,1467.8968505859375,517.0422973632812,5942.10498046875,576.7731323242188,93.56221771240234,82.89297485351562,79.58684539794922,564.0987548828125,817.1332397460938,253.96742248535156,392.09564208984375,254.8139190673828,27.793516159057617,1890.9622802734375,546.5150146484375,1081.403076171875,108.5947494506836,3916.965087890625,516.2721557617188,114.35186767578125
2019-08-27,135.79368591308594,355.7085266113281,1445.6883544921875,1518.3414306640625,680.1102905273438,2283.1484375,710.6514892578125,328.1586608886719,332.94537353515625,109.76024627685547,2399.582275390625,439.4573059082031,105.68853759765625,1534.354736328125,489.2646484375,1513.05517578125,698.9776611328125,429.9280700683594,535.1422729492188,546.8304443359375,2079.37255859375,173.9791717529297,1673.325927734375,404.86468505859375,1338.5625,651.7396240234375,174.042724609375,199.89300537109375,299.0606384277344,1223.0361328125,1497.7412109375,526.3040771484375,5963.193359375,580.5433959960938,96.0171890258789,84.13217163085938,81.01854705810547,567.683349609375,824.1970825195312,258.9525146484375,389.6646423339844,252.30416870117188,28.85000228881836,1857.8992919921875,534.8121948242188,1102.24755859375,118.22142028808594,4011.33984375,522.0941162109375,114.81092834472656
2019-08-28,134.60552978515625,349.87652587890625,1490.6103515625,1521.85400390625,675.3800659179688,2283.35498046875,701.621826171875,325.0898742675781,330.5555419921875,112.40564727783203,2414.94873046875,438.41845703125,101.94245910644531,1518.08251953125,483.757080078125,1541.626953125,688.8880615234375,442.06158447265625,532.1942749023438,539.4435424804688,2042.8270263671875,171.29078674316406,1643.3905029296875,399.4001159667969,1319.0069580078125,666.5659790039062,174.36172485351562,192.72720336914062,295.4954833984375,1211.9500732421875,1494.369384765625,512.6727294921875,5797.5791015625,582.6403198242188,93.4453125,81.18489074707031,80.70474243164062,562.5401611328125,818.467041015625,258.2273864746094,386.2518005371094,265.2319030761719,27.703073501586914,1860.183837890625,545.763916015625,1089.74072265625,114.29216003417969,3995.917236328125,523.0330810546875,114.42072296142578
2019-08-29,131.04116821289062,350.1155090332031,1487.6220703125,1533.34033203125,658.4009399414062,2275.96875,696.027587890625,322.4461975097656,328.3569641113281,113.52793884277344,2391.4970703125,439.3156433105469,104.11847686767578,1555.0078125,486.7804260253906,1564.3814697265625,684.3984375,439.62310791015625,527.3281860351562,533.533935546875,2026.32373046875,172.53895568847656,1647.7506103515625,391.1306457519531,1304.2318115234375,670.2620849609375,170.9943389892578,198.5347900390625,288.9627685546875,1209.96728515625,1486.7603759765625,501.55859375,5804.03857421875,591.9240112304688,95.93926239013672,82.55804443359375,80.33209991455078,552.9441528320312,825.036865234375,248.80105590820312,406.4012451171875,260.0229187011719,27.587974548339844,1855.365966796875,546.5150146484375,1080.7657470703125,112.27842712402344,3951.39794921875,524.3008422851562,114.21414184570312
2019-08-30,135.99169921875,349.6374816894531,1477.628662109375,1534.2421875,661.1395874023438,2301.1396484375,709.9585571289062,325.6908874511719,331.511474609375,113.91271209716797,2413.653076171875,446.1622619628906,101.77719116210938,1565.021484375,492.4997863769531,1537.9376220703125,686.4260864257812,432.779541015625,527.5650024414062,548.7510375976562,2045.650390625,177.09967041015625,1691.7545166015625,396.2083740234375,1347.8814697265625,676.86572265625,174.14906311035156,203.68666076660156,285.09893798828125,1197.168701171875,1482.158447265625,502.31854248046875,5816.90869140625,599.294677734375,94.80919647216797,81.18489074707031,78.64545440673828,555.9721069335938,828.593505859375,248.21189880371094,421.12762451171875,263.763916015625,28.35670280456543,1877.089111328125,548.4918212890625,1084.002685546875,114.63597106933594,3930.398681640625,528.8551025390625,116.78488159179688
2019-09-03,133.91246032714844,345.4306945800781,1463.22607421875,1496.7926025390625,643.01513671875,2281.25048828125,700.6595458984375,318.4587707519531,322.0000915527344,114.21736145019531,2419.1923828125,443.423583984375,99.7388916015625,1578.5496826171875,487.7433166503906,1492.2823486328125,672.2332153320312,435.92596435546875,523.5394287109375,528.6585083007812,2034.0386962890625,171.29078674316406,1655.7513427734375,379.2825927734375,1297.85791015625,676.32568359375,171.24244689941406,196.84869384765625,281.68316650390625,1166.6591796875,1466.3931884765625,489.6370849609375,5746.56982421875,590.718505859375,91.69174194335938,78.47201538085938,77.29219818115234,537.2029418945312,801.4248657226562,243.27210998535156,410.7958068847656,256.8502197265625,27.246768951416016,1870.4434814453125,557.0714111328125,1039.42041015625,110.65760803222656,3768.71142578125,519.6056518554688,116.44058227539062
2019-09-04,133.6154327392578,348.3468017578125,1466.6063232421875,1457.30224609375,644.6084594726562,2257.729736328125,700.3405151367188,317.6524658203125,330.46002197265625,116.57415008544922,2354.510009765625,445.1706848144531,100.34486389160156,1601.6580810546875,501.2039794921875,1479.66357421875,670.1090087890625,442.73040771484375,532.2534790039062,527.5750732421875,2040.91796875,174.41123962402344,1660.021240234375,384.4570617675781,1272.4117431640625,682.1814575195312,172.44760131835938,201.2044219970703,284.10308837890625,1178.9622802734375,1500.9306640625,480.3753967285156,5538.59033203125,580.9343872070312,93.0945816040039,79.71121215820312,77.23336791992188,534.8651733398438,816.4417724609375,249.34490966796875,398.73419189453125,252.87240600585938,27.892175674438477,1865.2930908203125,556.0829467773438,1017.39892578125,107.56332397460938,3759.933837890625,526.8361206054688,117.5423355102539
2019-09-05,134.4075164794922,350.4501037597656,1466.704345703125,1442.683349609375,646.89892578125,2277.1240234375,698.1416015625,321.80120849609375,332.3717956542969,122.10546875,2393.104736328125,451.7811584472656,107.34121704101562,1578.1163330078125,516.5615234375,1490.2392578125,673.0538330078125,437.34197998046875,529.2698364257812,520.5328979492188,2072.572265625,177.24371337890625,1644.8740234375,376.2359313964844,1263.2374267578125,692.7717895507812,173.15655517578125,202.5626220703125,280.85662841796875,1190.003173828125,1517.7896728515625,491.1094970703125,5669.580078125,587.0507202148438,96.21204376220703,83.83074951171875,78.19435119628906,533.7296752929688,821.2332763671875,247.71339416503906,403.7364501953125,250.45738220214844,28.377256393432617,1840.2879638671875,549.9152221679688,1028.63037109375,115.96209716796875,3771.86376953125,534.9117431640625,117.33575439453125
2019-09-06,136.3877410888672,349.6852722167969,1469.8394775390625,1454.6917724609375,668.3095703125,2343.2705078125,715.57763671875,329.6490173339844,333.85345458984375,121.52827453613281,2383.59033203125,448.47589111328125,109.40704345703125,1576.768310546875,527.6343994140625,1552.0133056640625,679.4260864257812,432.7992248535156,531.8154296875,521.9118041992188,2115.560546875,180.89224243164062,1635.3447265625,378.5088806152344,1285.4486083984375,697.8384399414062,172.908447265625,204.15501403808594,287.1105041503906,1197.5291748046875,1543.5787353515625,502.9834899902344,5876.9423828125,587.1344604492188,98.978759765625,85.70631408691406,79.82219696044922,544.3721313476562,825.4815063476562,248.3025665283203,397.471923828125,248.84730529785156,29.21998405456543,1825.5018310546875,570.71142578125,1048.29736328125,119.10549926757812,3790.0498046875,533.3154296875,115.68313598632812
2019-09-09,139.506591796875,353.318359375,1463.86279296875,1462.4757080078125,668.7576293945312,2325.485595703125,730.3411254882812,335.93804931640625,340.7360534667969,122.49026489257812,2396.72314453125,448.5703430175781,109.82022094726562,1566.7066650390625,529.4155883789062,1533.0474853515625,681.4054565429688,426.5062561035156,532.6915893554688,522.8967895507812,2140.73291015625,181.70840454101562,1648.7396240234375,382.4743347167969,1289.21484375,688.6602172851562,174.042724609375,205.6068878173828,293.0357666015625,1223.0814208984375,1526.947998046875,505.8807678222656,6018.048828125,597.486328125,98.47218322753906,86.67756652832031,79.58684539794922,544.2386474609375,797.0778198242188,251.973388671875,400.9314270019531,249.84169006347656,29.08843231201172,1813.3314208984375,563.7134399414062,1067.5723876953125,119.74401092529297,3788.158447265625,551.6262817382812,117.33575439453125
2019-09-11,142.5264129638672,356.9514465332031,1466.9002685546875,1482.2685546875,678.865478515625,2400.25634765625,733.3576049804688,333.890625,339.4455871582031,123.80494689941406,2382.16064453125,445.5483703613281,108.3603286743164,1556.5003662109375,531.6879272460938,1609.37451171875,686.9570922851562,416.0047912597656,533.0940551757812,529.7911987304688,2195.253662109375,185.74102783203125,1639.974609375,381.6521911621094,1325.0908203125,681.184814453125,172.80209350585938,213.28790283203125,293.81256103515625,1229.0750732421875,1493.0482177734375,518.4197387695312,6266.73193359375,593.8837280273438,97.03038024902344,84.23265838623047,78.99846649169922,549.6712646484375,790.0140991210938,258.54461669921875,394.7604064941406,245.62721252441406,30.177818298339844,1789.365478515625,556.4386596679688,1080.030029296875,131.97381591796875,3786.024658203125,542.4708862304688,113.9157485961914
2019-09-12,141.6353302001953,356.0909729003906,1434.9791259765625,1462.1907958984375,660.1436767578125,2353.875244140625,727.1500854492188,330.5628356933594,332.2284240722656,123.19571685791016,2391.630859375,441.77093505859375,108.9112319946289,1584.0379638671875,532.8529663085938,1577.8656005859375,692.7984008789062,414.9034729003906,537.7234497070312,529.741943359375,2179.82421875,189.2455596923828,1622.9842529296875,389.4864196777344,1342.570068359375,678.111572265625,170.67529296875,207.99551391601562,290.2972106933594,1227.948486328125,1464.2515869140625,516.3773803710938,6071.76513671875,584.4788818359375,95.27680969238281,84.33314514160156,78.31204986572266,538.9618530273438,783.2960205078125,260.1761169433594,399.9964599609375,248.4210968017578,30.013376235961914,1772.419189453125,557.9015502929688,1065.3653564453125,125.68699645996094,3881.70849609375,532.7050170898438,112.26314544677734
2019-09-13,144.30865478515625,357.76409912109375,1434.388916015625,1469.6904296875,671.4464111328125,2375.33251953125,736.802978515625,334.96075439453125,327.9267883300781,131.00363159179688,2389.486572265625,442.9042053222656,109.18667602539062,1567.8619384765625,526.016845703125,1578.70263671875,692.7984008789062,420.252685546875,534.5503540039062,532.2535400390625,2208.3369140625,192.36607360839844,1623.118896484375,399.8352966308594,1350.6336669921875,688.8264770507812,170.0727081298828,211.88282775878906,295.6150207519531,1228.8946533203125,1464.297119140625,523.644287109375,6127.0966796875,590.6416625976562,96.67965698242188,86.30915832519531,79.48877716064453,545.752685546875,788.6802368164062,264.3907775878906,395.3681945800781,245.2957000732422,30.202478408813477,1779.3555908203125,561.0249633789062,1101.9532470703125,127.25870513916016,3909.93310546875,542.8934326171875,112.63040161132812
2019-09-16,144.50662231445312,354.3222351074219,1412.4520263671875,1444.154541015625,668.1104125976562,2372.23828125,725.9833984375,334.13006591796875,328.83489990234375,121.84895324707031,2425.624755859375,444.32073974609375,110.4813003540039,1583.700927734375,524.8131713867188,1585.787841796875,691.9777221679688,420.80328369140625,531.4010009765625,529.5450439453125,2178.15380859375,192.4140625,1632.7830810546875,398.6263427734375,1328.760498046875,687.497314453125,169.7182159423828,211.36764526367188,293.7627258300781,1211.0037841796875,1460.2420654296875,510.06036376953125,6091.427734375,597.700439453125,96.05615234375,87.5483627319336,79.29266357421875,539.1400146484375,786.8526000976562,258.0461120605469,399.0614318847656,243.87510681152344,29.688621520996094,1786.0423583984375,568.8926391601562,1126.6231689453125,126.32551574707031,3872.784912109375,529.7001342773438,113.43374633789062
2019-09-17,142.32843017578125,349.25506591796875,1391.9912109375,1453.2679443359375,637.7870483398438,2288.63671875,713.044677734375,329.1994934082031,324.86785888671875,118.24156188964844,2405.43408203125,435.0187683105469,108.85611724853516,1541.913330078125,527.2683715820312,1540.444580078125,676.7709350585938,415.2772216796875,523.6342163085938,522.6997680664062,2043.184814453125,190.0616912841797,1646.17724609375,387.5036926269531,1286.8970947265625,690.446044921875,168.15858459472656,202.51577758789062,288.45489501953125,1184.0546875,1482.4775390625,495.8116455078125,5823.2255859375,594.1304321289062,94.22467803955078,86.87852478027344,78.6258316040039,533.2175903320312,788.5814819335938,248.3025665283203,393.3111267089844,242.69122314453125,28.36081314086914,1763.322021484375,558.2177734375,1136.1380615234375,119.84223937988281,3783.11474609375,528.9489135742188,112.07952117919922
2019-09-18,142.72442626953125,350.2589111328125,1410.5340576171875,1469.2633056640625,645.7039794921875,2291.855224609375,723.470458984375,333.641357421875,320.8052062988281,122.52232360839844,2335.212646484375,433.13006591796875,105.9639663696289,1556.1153564453125,528.3468627929688,1516.365966796875,678.8468017578125,416.2998046875,518.0458984375,530.97314453125,2048.871337890625,190.10972595214844,1644.3792724609375,386.246337890625,1284.772705078125,689.2832641601562,169.61190795898438,207.38665771484375,291.73126220703125,1187.930419921875,1445.0234375,500.6086730957031,5789.6474609375,599.0060424804688,95.47164916992188,85.06995391845703,79.2534408569336,536.8912353515625,793.2742919921875,254.148681640625,389.7113952636719,246.0060272216797,29.454299926757812,1776.53076171875,566.7577514648438,1138.5411376953125,119.59664916992188,3785.44287109375,523.080078125,112.14839172363281
2019-09-19,141.14027404785156,346.0043640136719,1389.679443359375,1475.1014404296875,635.54638671875,2260.329345703125,716.8490600585938,328.5788269042969,322.717041015625,121.80084228515625,2342.315185546875,426.89727783203125,106.56995391845703,1523.618896484375,526.2092895507812,1490.0784912109375,675.7571411132812,412.79931640625,521.4439697265625,524.42333984375,2013.996337890625,188.14138793945312,1629.5916748046875,373.9146728515625,1238.2740478515625,681.68310546875,167.80413818359375,205.65374755859375,289.31134033203125,1172.33740234375,1418.9608154296875,493.2943115234375,5672.525390625,590.9024658203125,94.84814453125,83.26139068603516,78.90042114257812,525.024169921875,792.1875,248.39317321777344,384.4285888671875,240.98648071289062,28.336149215698242,1746.126708984375,556.1619262695312,1131.1842041015625,122.0033187866211,3750.0400390625,527.775146484375,110.86299896240234
2019-09-20,147.62551879882812,363.9786376953125,1445.4063720703125,1586.2630615234375,677.5210571289062,2417.46337890625,767.2074584960938,361.82232666015625,340.688232421875,129.49656677246094,2561.376708984375,437.5213317871094,110.20582580566406,1577.1053466796875,546.4774169921875,1689.452392578125,725.0462036132812,412.6223449707031,568.115966796875,555.3500366210938,2276.97412109375,194.09429931640625,1770.728515625,403.80078125,1370.9134521484375,668.6425170898438,168.76116943359375,223.02963256835938,306.48956298828125,1272.2030029296875,1390.0274658203125,540.410400390625,6261.6494140625,628.3489990234375,93.40633392333984,89.49092102050781,76.95879364013672,558.5548095703125,806.3152465820312,273.4545593261719,386.8128356933594,253.2039031982422,30.30113410949707,1715.8055419921875,554.1851806640625,1239.427734375,130.8932647705078,4141.26123046875,527.8220825195312,112.90582275390625
2019-09-23,150.89285278320312,392.8999328613281,1446.5374755859375,1711.332275390625,722.4833374023438,2471.849609375,827.4480590820312,393.2479248046875,332.6585998535156,144.5673828125,2728.1298828125,423.92254638671875,111.66569519042969,1551.8304443359375,532.8916015625,1819.91064453125,733.1082153320312,406.2507019042969,595.4182739257812,532.5982666015625,2243.133056640625,192.03001403808594,1833.6556396484375,431.6557922363281,1459.7100830078125,634.878173828125,180.67123413085938,228.27517700195312,326.7549133300781,1377.6563720703125,1339.6790771484375,536.7057495117188,6552.2216796875,638.3007202148438,90.44477844238281,91.29949951171875,73.86005401611328,551.8086547851562,782.1598510742188,284.37640380859375,382.83905029296875,259.17059326171875,31.024648666381836,1674.5601806640625,539.912353515625,1286.756591796875,125.63788604736328,4259.06005859375,545.4287109375,109.87604522705078
2019-09-24,146.5858917236328,395.672607421875,1429.421142578125,1676.350830078125,701.4711303710938,2441.314453125,821.759033203125,387.1885986328125,333.2799072265625,147.918212890625,2751.849609375,425.1974792480469,109.15914154052734,1569.1136474609375,536.3577270507812,1743.7535400390625,723.8394165039062,411.9537353515625,593.7843627929688,542.742919921875,2191.91259765625,189.91766357421875,1843.2745361328125,426.4329833984375,1464.297119140625,659.5473022460938,181.4864959716797,218.58029174804688,322.2736511230469,1335.1146240234375,1346.057861328125,530.7687377929688,6657.8974609375,625.1513061523438,89.74335479736328,89.4239273071289,74.70337677001953,569.397705078125,785.5682983398438,274.2702941894531,383.0260314941406,260.44915771484375,30.486127853393555,1698.568115234375,556.5573120117188,1267.9722900390625,128.58482360839844,4188.158203125,544.067138671875,110.49576568603516
2019-09-25,146.09083557128906,396.580810546875,1404.28759765625,1662.9659423828125,692.0604248046875,2427.160400390625,823.244873046875,384.173583984375,326.5885314941406,149.1687469482422,2712.361328125,410.4182434082031,106.10169982910156,1572.7724609375,534.0662231445312,1664.8486328125,699.1707153320312,414.4905090332031,587.1067504882812,549.4404907226562,2150.794189453125,182.33248901367188,1844.218505859375,419.95281982421875,1452.3223876953125,658.3843994140625,175.4960479736328,219.56382751464844,318.9873352050781,1306.99365234375,1361.5953369140625,507.9231262207031,6305.8671875,626.4451904296875,91.10723114013672,88.05075073242188,77.95902252197266,569.7761840820312,786.9513549804688,254.01271057128906,380.31451416015625,264.6636962890625,29.7667293548584,1734.9117431640625,558.1782836914062,1244.675537109375,120.87367248535156,4149.21533203125,541.5787353515625,109.62354278564453
2019-09-26,151.18991088867188,400.7398376464844,1405.9102783203125,1681.1448974609375,696.9898681640625,2451.341552734375,844.0863037109375,391.0049743652344,328.8826904296875,153.9304962158203,2763.106201171875,414.0540771484375,111.99622344970703,1612.8271484375,534.3550415039062,1694.309814453125,718.142822265625,411.0687255859375,588.432861328125,560.7178955078125,2195.21337890625,188.14138793945312,1828.8463134765625,437.1204528808594,1494.9100341796875,649.9951782226562,177.5164794921875,220.54736328125,324.016357421875,1342.82080078125,1374.444580078125,538.5580444335938,6513.84619140625,648.6058959960938,90.83445739746094,91.80186462402344,78.15514373779297,577.4576416015625,806.5621948242188,255.46292114257812,385.1766357421875,265.0898742675781,30.893098831176758,1734.2056884765625,564.3460083007812,1263.7052001953125,122.29802703857422,4263.423828125,548.010986328125,108.8431396484375
2019-09-27,147.97206115722656,390.6531677246094,1377.7274169921875,1686.2235107421875,697.6868896484375,2440.77783203125,852.63720703125,396.53662109375,333.7101135253906,150.6437530517578,2693.689697265625,414.951171875,109.82022094726562,1598.7696533203125,525.872314453125,1683.0389404296875,701.9223022460938,409.4562072753906,589.2379760742188,573.5218505859375,2170.597900390625,183.10061645507812,1807.7208251953125,434.4606628417969,1430.0146484375,649.7046508789062,179.3242645263672,217.5030517578125,327.3324890136719,1327.3182373046875,1385.6080322265625,527.3014526367188,6434.29296875,639.5899658203125,91.2241439819336,88.08424377441406,77.70404815673828,582.9124755859375,832.3477172851562,254.87379455566406,375.5927429199219,267.0314025878906,29.56940460205078,1708.0797119140625,556.9132080078125,1259.536376953125,117.77938079833984,4262.98828125,546.5554809570312,108.61361694335938
2019-09-30,144.40762329101562,395.7682189941406,1372.7596435546875,1672.791015625,682.1517333984375,2427.821044921875,848.9126586914062,395.4273376464844,350.8687744140625,150.73997497558594,2630.302734375,401.8245849609375,110.09564971923828,1603.6319580078125,520.3744506835938,1680.466064453125,704.9154663085938,425.0115661621094,581.305419921875,592.0877685546875,2151.191650390625,183.72471618652344,1781.695556640625,419.4692687988281,1336.099853515625,669.182373046875,184.2158966064453,215.3954620361328,327.5216979980469,1328.76025390625,1377.1785888671875,519.7496337890625,6379.29345703125,646.513671875,91.57484436035156,88.28520202636719,78.07669830322266,593.2433471679688,836.2007446289062,245.4474639892578,364.13885498046875,261.3962097167969,29.6392879486084,1743.925048828125,564.9786376953125,1248.746337890625,115.37271118164062,4210.708984375,567.1199951171875,110.08260345458984
2019-10-01,142.22940063476562,386.3030090332031,1346.9375,1676.5406494140625,676.3261108398438,2401.576904296875,843.4630126953125,390.1840515136719,335.4784851074219,158.37155151367188,2608.3251953125,389.6896057128906,106.92803192138672,1562.2774658203125,517.8902587890625,1686.2977294921875,669.239990234375,416.73248291015625,591.4164428710938,589.1821899414062,2138.148193359375,182.1884765625,1789.2021484375,410.6678466796875,1253.5322265625,659.1320190429688,181.41561889648438,208.5575408935547,328.26861572265625,1319.56689453125,1371.984130859375,528.8214111328125,6442.17626953125,636.8274536132812,91.2241439819336,85.87376403808594,77.07645416259766,581.064453125,817.6766357421875,231.9877166748047,361.4273986816406,256.32928466796875,28.903444290161133,1711.2364501953125,557.4271850585938,1256.1522216796875,113.2607421875,4085.927001953125,558.6688842773438,107.1905288696289
2019-10-03,142.13040161132812,386.1596374511719,1356.626953125,1660.260498046875,665.620849609375,2391.5908203125,842.2763671875,386.998046875,329.69525146484375,170.4602508544922,2593.494384765625,394.83636474609375,102.87897491455078,1567.8619384765625,515.5408325195312,1729.602294921875,656.2057495117188,423.5169982910156,579.45849609375,583.962158203125,2121.525634765625,175.3234100341797,1763.806396484375,413.27923583984375,1212.44140625,652.52880859375,185.49197387695312,207.52716064453125,321.8055419921875,1314.1590576171875,1371.5286865234375,534.5208740234375,6415.62744140625,638.1445922851562,90.99031829833984,85.8067855834961,78.09630584716797,583.8031005859375,820.6404418945312,230.35623168945312,362.92340087890625,258.3182067871094,27.92095184326172,1711.485595703125,555.4898071289062,1270.767822265625,120.23516845703125,4022.105712890625,558.1524658203125,108.26931762695312
2019-10-04,138.61550903320312,377.26812744140625,1377.629150390625,1636.955322265625,653.6707153320312,2363.242431640625,827.7471923828125,381.5397033691406,324.5333251953125,165.31375122070312,2541.856201171875,395.07244873046875,102.35562133789062,1561.988525390625,504.092529296875,1702.581787109375,631.8267211914062,424.4216003417969,563.4274291992188,575.6394653320312,2122.20166015625,174.8433380126953,1747.7598876953125,400.3189697265625,1221.9053955078125,659.049072265625,182.3726806640625,201.06387329101562,311.3293151855469,1284.2803955078125,1374.1712646484375,535.9932250976562,6316.4111328125,625.6307373046875,91.49691009521484,86.77806091308594,77.0960693359375,582.4893188476562,814.3175659179688,226.5494384765625,360.9598083496094,252.1147918701172,27.386539459228516,1727.3525390625,559.95751953125,1227.0194091796875,117.53380584716797,3859.885009765625,547.0250244140625,109.11857604980469
2019-10-07,134.45704650878906,377.8895568847656,1387.662841796875,1637.667236328125,670.6497802734375,2386.969482421875,819.69482421875,381.2415771484375,326.492919921875,157.32940673828125,2638.522216796875,385.5344543457031,101.58438873291016,1585.4820556640625,503.851806640625,1702.7332763671875,626.6129760742188,422.5731506347656,562.1013793945312,566.775146484375,2126.735107421875,175.0353546142578,1744.029296875,402.4467468261719,1198.4871826171875,655.8096313476562,178.5798797607422,194.83477783203125,309.8356018066406,1259.9000244140625,1348.6552734375,525.2592163085938,6297.64990234375,633.1873168945312,90.36682891845703,84.76851654052734,77.07645416259766,583.3799438476562,817.9236450195312,225.77903747558594,355.2096252441406,251.6412353515625,26.70413589477539,1701.0599365234375,557.30859375,1234.964599609375,115.42182922363281,3754.016845703125,545.616455078125,108.8201904296875
2019-10-09,137.62538146972656,382.8611755371094,1401.8282470703125,1683.5179443359375,683.4463500976562,2386.597900390625,829.4922485351562,393.2626037597656,343.5560302734375,158.03489685058594,2732.462646484375,399.7942199707031,102.10772705078125,1589.2855224609375,512.89306640625,1725.3173828125,647.2747802734375,413.4089660644531,581.636962890625,571.7490234375,2071.340087890625,178.63592529296875,1751.176025390625,422.3708190917969,1263.7686767578125,650.9089965820312,175.17701721191406,199.3309783935547,321.12841796875,1285.497314453125,1367.017333984375,547.6773681640625,6382.8564453125,645.054443359375,91.38001251220703,84.29964447021484,77.5471420288086,589.9035034179688,827.1609497070312,236.51962280273438,358.996337890625,255.66636657714844,27.66196632385254,1678.13232421875,562.2506103515625,1206.8123779296875,118.76168823242188,3921.96044921875,546.2268676757812,109.14152526855469
2019-10-10,136.04119873046875,382.3352966308594,1389.23681640625,1688.40673828125,670.15185546875,2381.97607421875,817.8849487304688,385.9327392578125,360.6191101074219,157.08895874023438,2713.924560546875,398.6609802246094,101.66699981689453,1605.2205810546875,507.1352233886719,1707.642578125,672.5709838867188,418.2860412597656,568.5658569335938,574.999267578125,2069.35107421875,174.9873504638672,1769.82958984375,409.79742431640625,1186.367431640625,650.4104614257812,172.41220092773438,200.2208251953125,315.6413269042969,1284.4608154296875,1343.095947265625,537.7031860351562,6274.47314453125,643.2647094726562,91.38001251220703,84.06520080566406,78.09630584716797,606.82470703125,817.2321166992188,230.35623168945312,361.8948669433594,252.5409393310547,27.127553939819336,1665.131591796875,562.4481811523438,1211.1282958984375,114.73421478271484,3856.732666015625,547.8701171875,109.80718231201172
2019-10-11,135.5956573486328,391.0834045410156,1424.5025634765625,1699.466064453125,669.9029541015625,2392.33349609375,814.654052734375,388.3076171875,366.0200500488281,156.47970581054688,2753.412841796875,416.79266357421875,104.14603424072266,1627.1737060546875,510.5821838378906,1721.703857421875,667.5504150390625,424.5790100097656,567.7371215820312,581.7460327148438,2066.170166015625,179.74008178710938,1802.1021728515625,414.48822021484375,1181.2491455078125,676.7825927734375,172.94387817382812,203.4993133544922,316.2288818359375,1286.8040771484375,1345.4200439453125,532.0510864257812,6363.24072265625,653.158203125,90.95135498046875,86.4096450805664,78.8415756225586,602.3049926757812,829.4826049804688,230.7187957763672,361.1935729980469,257.6551818847656,27.871623992919922,1650.5107421875,570.4742431640625,1219.8585205078125,119.15461730957031,3954.598388671875,553.8798217773438,109.92193603515625
2019-10-14,145.64529418945312,389.5537109375,1428.0928955078125,1707.4874267578125,680.657958984375,2441.2314453125,805.95849609375,379.52154541015625,376.2005310058594,155.82237243652344,2778.159912109375,416.36773681640625,104.72447204589844,1621.15576171875,510.6784973144531,1733.6983642578125,674.55029296875,427.4502258300781,570.3890991210938,573.5218505859375,2075.197021484375,181.18031311035156,1810.7322998046875,414.7784118652344,1207.7095947265625,652.9439086914062,173.0502166748047,207.4334716796875,315.78076171875,1283.4241943359375,1350.523193359375,540.1729736328125,6479.31787109375,659.516357421875,91.76968383789062,90.59616088867188,77.82172393798828,604.7095947265625,818.7140502929688,231.5345458984375,369.0009460449219,261.1594543457031,28.35259246826172,1678.8798828125,569.920654296875,1225.1064453125,125.58877563476562,4044.89892578125,550.875,111.75817108154297
2019-10-15,153.46714782714844,395.5769958496094,1459.5716552734375,1711.66455078125,687.1807861328125,2485.714599609375,801.33154296875,379.145263671875,366.7369384765625,157.21719360351562,2841.993896484375,421.7033386230469,105.30290222167969,1630.2066650390625,516.9852294921875,1816.1031494140625,679.4260864257812,426.5455322265625,579.2216186523438,583.8143920898438,2128.08740234375,184.87689208984375,1855.8150634765625,417.6799621582031,1228.616943359375,638.1590576171875,175.531494140625,205.74740600585938,321.77569580078125,1290.9051513671875,1359.3172607421875,554.1842651367188,6635.71728515625,655.6903686523438,93.05562591552734,92.87362670898438,78.93962860107422,607.4481201171875,827.9512939453125,234.25367736816406,371.0111999511719,263.0536804199219,28.710233688354492,1692.420654296875,569.7230834960938,1247.8143310546875,124.7046890258789,4080.010498046875,547.5414428710938,111.84998321533203
2019-10-16,158.56619262695312,391.99169921875,1459.0303955078125,1676.1610107421875,690.5167846679688,2495.411376953125,811.1488647460938,392.5296325683594,368.2664489746094,164.30368041992188,2838.107421875,421.9394226074219,107.1759262084961,1656.3001708984375,520.2203369140625,1818.1368408203125,705.6395874023438,432.99578857421875,578.298095703125,601.395263671875,2069.74951171875,180.460205078125,1861.748291015625,421.0167236328125,1230.789794921875,640.7755737304688,172.731201171875,206.35626220703125,319.7740478515625,1283.6497802734375,1392.624755859375,554.99169921875,6625.50537109375,668.0112915039062,91.49691009521484,94.88314056396484,77.88057708740234,611.0995483398438,866.7777099609375,232.07833862304688,373.7226867675781,260.97003173828125,28.562246322631836,1699.9803466796875,575.4163818359375,1250.2177734375,123.62413787841797,4156.44091796875,552.846923828125,114.26004791259766
2019-10-17,160.94247436523438,391.17901611328125,1463.0638427734375,1720.3980712890625,707.3466186523438,2567.871337890625,829.332763671875,401.36456298828125,368.8399963378906,164.59226989746094,2901.628173828125,421.46728515625,109.84774780273438,1658.94775390625,525.2175903320312,1938.3885498046875,699.5568237304688,429.9084167480469,577.7771606445312,605.8766479492188,2091.10400390625,181.27633666992188,1891.2791748046875,426.1428527832031,1294.14013671875,639.15576171875,174.2908477783203,208.83853149414062,319.5749206542969,1283.784912109375,1366.1517333984375,563.5884399414062,6766.94482421875,675.7077026367188,92.51007843017578,94.7156753540039,77.5471420288086,621.8533935546875,892.0198974609375,240.5983428955078,375.4057922363281,264.6636962890625,29.27753257751465,1725.0794677734375,572.767333984375,1252.669921875,137.03271484375,4132.33837890625,555.8518676757812,113.77804565429688
2019-10-18,173.3683624267578,403.1778259277344,1483.27880859375,1724.622314453125,706.5996704101562,2547.69384765625,824.2769165039062,404.379638671875,366.5936279296875,166.83682250976562,2905.6484375,419.4368896484375,113.4560775756836,1673.4388427734375,524.7265014648438,1917.9609375,720.749755859375,430.8720397949219,582.0393676757812,599.2776489257812,2104.58447265625,179.93209838867188,1893.9761962890625,423.4346923828125,1296.6025390625,637.7852172851562,174.7516632080078,209.21322631835938,321.7059631347656,1304.9205322265625,1467.714599609375,563.5884399414062,6936.40576171875,690.537353515625,94.34156799316406,96.12235260009766,79.44954681396484,630.6925048828125,914.7921142578125,244.40513610839844,375.54595947265625,267.0787048339844,29.56529426574707,1747.504150390625,580.5560913085938,1275.7705078125,134.42959594726562,4166.14013671875,562.4718627929688,114.26004791259766
2019-10-22,176.88327026367188,402.26953125,1494.640869140625,1689.92578125,709.786376953125,2576.784912109375,798.6390991210938,394.2643737792969,357.6079406738281,171.26187133789062,2901.80712890625,428.6443786621094,115.02613830566406,1676.471923828125,541.2683715820312,1889.862060546875,729.9702758789062,418.6597595214844,586.9173583984375,602.084716796875,2127.251708984375,178.34786987304688,1912.405029296875,436.3466796875,1295.00927734375,534.5401611328125,176.45309448242188,205.79425048828125,324.4147033691406,1300.1888427734375,1467.85107421875,565.9633178710938,6892.6630859375,699.12744140625,94.22467803955078,96.6247329711914,80.43017578125,629.712890625,977.2305908203125,245.17555236816406,379.0990295410156,266.84197998046875,29.1459903717041,1742.449951171875,567.469482421875,1304.0694580078125,129.41978454589844,4121.5234375,560.5938720703125,116.39468383789062
2019-10-23,174.70501708984375,378.7021789550781,1489.0828857421875,1677.77490234375,711.8776245117188,2610.084716796875,804.8316650390625,394.6748352050781,344.4641418457031,169.01731872558594,2943.483642578125,428.9748840332031,115.02613830566406,1670.88720703125,544.3399047851562,1941.1649169921875,717.5153198242188,430.7342224121094,588.0066528320312,598.6866455078125,2157.673828125,177.72378540039062,1927.676025390625,440.16705322265625,1286.8970947265625,547.1984252929688,177.977294921875,208.60435485839844,321.3873596191406,1290.4996337890625,1499.3814697265625,562.2111206054688,7067.443359375,697.4052734375,94.34156799316406,95.05059814453125,80.90087127685547,620.0277099609375,974.0692138671875,249.66212463378906,378.86529541015625,264.0954284667969,29.285757064819336,1758.33349609375,574.5464477539062,1322.903076171875,130.30386352539062,4123.462890625,560.5938720703125,116.76193237304688
2019-10-24,177.22979736328125,381.6182861328125,1511.75732421875,1699.7034912109375,704.7573852539062,2614.376220703125,806.8309936523438,393.48248291015625,355.93511962890625,164.51210021972656,2933.745849609375,421.9866638183594,113.04292297363281,1698.5211181640625,544.0702514648438,1989.51611328125,681.2605590820312,440.1344299316406,585.40185546875,606.0736694335938,2144.232421875,174.12322998046875,1927.7667236328125,439.82855224609375,1238.9984130859375,534.3720092773438,176.55943298339844,208.744873046875,321.2976989746094,1290.9051513671875,1523.5777587890625,551.951904296875,7021.04150390625,682.6500244140625,93.67912292480469,94.24679565429688,80.05754852294922,639.6429443359375,957.9656372070312,237.9245147705078,379.5665588378906,266.22637939453125,29.58995819091797,1768.4410400390625,574.3487548828125,1348.3087158203125,131.1388397216797,4181.9013671875,561.2511596679688,114.5813980102539
2019-10-25,179.50706481933594,381.4270324707031,1494.591552734375,1705.209228515625,705.6536254882812,2582.850341796875,794.9793701171875,389.6807861328125,358.6116638183594,168.07139587402344,2918.825927734375,434.2633056640625,113.4010009765625,1693.80322265625,538.2257690429688,2016.8912353515625,685.4605102539062,446.0340881347656,582.0393676757812,601.2967529296875,2113.651611328125,174.50726318359375,1938.384033203125,453.7077331542969,1228.423828125,536.1382446289062,175.60235595703125,203.59300231933594,316.3981628417969,1284.3707275390625,1536.34130859375,548.7697143554688,7096.79541015625,689.0431518554688,92.35420989990234,93.47647094726562,79.6064453125,637.3051147460938,970.3148803710938,255.19105529785156,390.3658752441406,264.80572509765625,29.783170700073242,1804.923095703125,570.078857421875,1309.5135498046875,124.60646057128906,4070.407958984375,558.3401489257812,116.14219665527344
2019-10-27,181.58628845214844,382.2397155761719,1504.7236328125,1701.6966552734375,707.1473999023438,2594.15673828125,797.9061889648438,388.8647155761719,356.6520690917969,168.92111206054688,2911.67919921875,435.396484375,111.74833679199219,1694.14013671875,536.4251708984375,2017.0711669921875,678.7503051757812,444.6379089355469,586.15966796875,610.308837890625,2122.67822265625,174.8433380126953,1933.5499267578125,454.1429138183594,1232.8662109375,545.726318359375,177.5164794921875,205.46640014648438,317.2745056152344,1292.8428955078125,1531.9339599609375,561.878662109375,7050.203125,689.510986328125,92.5880126953125,93.67744445800781,79.37110137939453,638.6632690429688,981.97265625,255.41763305664062,390.5996398925781,265.04254150390625,30.009265899658203,1797.0660400390625,574.6651611328125,1294.701904296875,145.08767700195312,4063.9091796875,559.748779296875,116.44058227539062
2019-10-29,193.61614990234375,381.4270324707031,1407.6812744140625,1722.2491455078125,735.3795776367188,2625.022216796875,812.8042602539062,395.5446472167969,344.0339660644531,167.67056274414062,2995.12255859375,446.72882080078125,115.54946899414062,1689.1815185546875,539.6795654296875,2085.7216796875,690.094970703125,448.2759704589844,588.432861328125,601.5430297851562,2148.64697265625,176.95565795898438,1952.0291748046875,461.7353210449219,1270.1905517578125,547.2402954101562,179.53697204589844,219.42332458496094,313.7990417480469,1316.9080810546875,1559.16015625,581.1620483398438,7334.4111328125,684.2210083007812,93.4453125,95.21807098388672,78.86119842529297,653.2688598632812,1002.1268310546875,254.3752899169922,394.52667236328125,268.4046936035156,32.081138610839844,1864.2958984375,596.8056030273438,1307.159423828125,169.39993286132812,3993.880859375,558.6220092773438,117.15213012695312
2019-10-30,193.81414794921875,380.6143798828125,1438.126708984375,1732.1400146484375,744.2922973632812,2659.808349609375,805.973388671875,390.14495849609375,351.72906494140625,168.37600708007812,2939.37451171875,439.1267395019531,113.62135314941406,1672.0909423828125,531.47607421875,2129.433349609375,709.59814453125,451.0291748046875,591.203369140625,622.9158935546875,2135.08642578125,179.74008178710938,1960.34228515625,455.6903991699219,1252.7113037109375,555.6089477539062,183.89686584472656,219.56382751464844,314.46624755859375,1328.76025390625,1557.8287353515625,585.6741943359375,7178.296875,696.69775390625,94.26363372802734,94.14632415771484,78.42971801757812,658.6347045898438,987.7521362304688,262.75927734375,401.7261962890625,276.3128662109375,31.90026092529297,1913.5179443359375,596.5289306640625,1291.0235595703125,168.8596649169922,3998.73095703125,548.5274658203125,116.945556640625
2019-10-31,197.6755828857422,378.4153747558594,1460.6044921875,1721.0126953125,733.2882690429688,2679.986328125,811.1538696289062,393.6192932128906,357.7513427734375,168.85699462890625,2918.37939453125,440.8738098144531,114.33753204345703,1689.8555908203125,535.9630737304688,2131.949462890625,742.2322387695312,458.1210632324219,582.6787719726562,616.7600708007812,2150.75390625,180.4121856689453,1965.7188720703125,447.856201171875,1268.1624755859375,576.635498046875,182.65625,213.5688934326172,313.5899353027344,1327.6787109375,1581.1064453125,576.0799560546875,7180.623046875,695.7295532226562,95.39370727539062,94.91663360595703,77.80210876464844,652.0665893554688,979.55224609375,283.1528015136719,405.23248291015625,300.226806640625,31.28774070739746,1927.830322265625,584.3516845703125,1305.7860107421875,174.5570831298828,4018.614013671875,560.077392578125,119.03427124023438
2019-11-01,198.46766662597656,372.631103515625,1436.20849609375,1679.8798828125,745.1885375976562,2667.854736328125,836.1236572265625,397.75335693359375,356.604248046875,166.5482635498047,2920.121337890625,443.0931091308594,114.08961486816406,1678.3975830078125,530.8406372070312,2078.793212890625,748.9425659179688,453.88555908203125,587.2726440429688,603.4635620117188,2153.100341796875,186.029052734375,1969.33349609375,447.0823974609375,1332.526611328125,578.570068359375,185.2438507080078,222.56129455566406,314.6654052734375,1306.3626708984375,1546.8096923828125,560.2162475585938,7236.9052734375,696.3253173828125,94.6922836303711,96.55774688720703,77.3902587890625,648.7491455078125,985.4798583984375,284.19512939453125,409.11279296875,288.8143615722656,32.84576416015625,1869.4345703125,601.3128051757812,1277.045654296875,171.95396423339844,4037.576171875,552.6591186523438,118.71294403076172
2019-11-04,198.91323852539062,373.82623291015625,1391.69580078125,1698.4727783203125,739.51220703125,2650.853759765625,868.2183227539062,401.97052001953125,361.3360290527344,167.44610595703125,2894.480712890625,442.2431335449219,118.44165802001953,1670.694580078125,538.7745361328125,2056.52099609375,756.7631225585938,455.42218017578125,585.7570190429688,584.3561401367188,2102.47705078125,190.0616912841797,1950.1763916015625,455.0617980957031,1305.921630859375,596.3165893554688,184.85394287109375,234.36376953125,312.90277099609375,1308.8863525390625,1523.6697998046875,557.0341186523438,7052.0078125,689.5087280273438,93.9518814086914,98.7347412109375,76.3900375366211,649.0830078125,986.6654663085938,284.8749084472656,409.48681640625,290.3771057128906,33.639156341552734,1863.53125,608.4688720703125,1274.0047607421875,169.15435791015625,4111.2421875,558.011474609375,117.7948226928711
2019-11-05,198.56671142578125,372.8701477050781,1391.892578125,1706.03369140625,734.981201171875,2679.119873046875,882.0944213867188,413.1900939941406,367.0237121582031,165.9390411376953,2887.244384765625,441.81817626953125,116.32073974609375,1624.7666015625,542.2215576171875,2013.618408203125,742.08740234375,456.5254211425781,587.0120849609375,574.8515625,2119.576904296875,190.685791015625,1962.827392578125,452.9822998046875,1274.825927734375,585.4668579101562,186.3781280517578,230.47645568847656,309.487060546875,1297.7100830078125,1531.0616455078125,551.0970458984375,7018.7626953125,681.9146728515625,93.99085998535156,98.03141784667969,76.64498138427734,644.474365234375,958.1136474609375,289.3161926269531,401.9599609375,284.5998840332031,33.21162414550781,1870.24169921875,611.4342041015625,1259.2911376953125,168.95790100097656,4022.68798828125,568.71630859375,118.66703796386719
2019-11-06,205.49745178222656,373.82623291015625,1390.85986328125,1709.5999755859375,744.1428833007812,2680.7705078125,874.8248291015625,409.3150634765625,355.0747985839844,167.9912109375,2883.76025390625,454.0948791503906,117.00936126708984,1642.001708984375,551.2723999023438,2043.7366943359375,746.5770263671875,452.447509765625,595.1340942382812,576.1319580078125,2130.19482421875,193.47023010253906,1969.423828125,464.92706298828125,1296.9405517578125,599.0921630859375,185.27926635742188,232.53720092773438,312.90277099609375,1309.652587890625,1510.67626953125,550.7645874023438,6944.8125,681.8889770507812,94.02983856201172,96.89266204833984,76.5273208618164,638.9526977539062,957.2739868164062,287.8206481933594,400.0899353027344,284.0316162109375,33.25273132324219,1858.9019775390625,610.36669921875,1134.029052734375,171.4136962890625,4011.290283203125,569.6083984375,117.90957641601562
2019-11-07,207.08163452148438,373.3003845214844,1440.045166015625,1737.51318359375,731.6949462890625,2695.254150390625,880.81298828125,412.99951171875,355.361572265625,164.5602264404297,2880.141357421875,445.59564208984375,117.06444549560547,1654.1817626953125,552.8804321289062,2026.5587158203125,751.018310546875,452.48687744140625,598.4728393554688,571.404296875,2116.2763671875,197.02279663085938,1932.1943359375,462.84759521484375,1334.506591796875,605.6524047851562,188.46946716308594,236.65869140625,315.4819641113281,1293.428955078125,1531.658447265625,551.2869873046875,6922.0146484375,684.75634765625,93.17253112792969,95.15107727050781,76.1742935180664,649.5062255859375,974.5630493164062,288.3645324707031,411.9645690917969,284.9314270019531,33.14174270629883,1856.226806640625,608.6270141601562,1144.9169921875,168.4667510986328,4061.484130859375,542.4708862304688,119.19493865966797
2019-11-08,205.99252319335938,369.1892395019531,1395.483154296875,1706.9847412109375,722.4833374023438,2678.500732421875,879.411865234375,406.5101318359375,352.8761901855469,161.20936584472656,2821.35595703125,436.765869140625,115.27403259277344,1636.8021240234375,543.4540405273438,2051.692138671875,747.30126953125,453.13702392578125,594.6369018554688,559.3389892578125,2105.22119140625,195.7266082763672,1885.3406982421875,473.38995361328125,1374.0037841796875,595.6016845703125,184.6767120361328,234.1764373779297,318.7184753417969,1282.5679931640625,1517.5169677734375,550.95458984375,6839.7548828125,673.58740234375,91.49691009521484,92.63917541503906,75.1740951538086,643.6728515625,970.3643188476562,286.4158020019531,394.6669006347656,279.580322265625,32.71832275390625,1809.169921875,609.9317626953125,1134.6666259765625,166.06008911132812,4022.542236328125,521.9531860351562,117.7030029296875
2019-11-11,208.76483154296875,370.86236572265625,1395.8768310546875,1687.1077880859375,730.6492919921875,2671.733642578125,887.8331909179688,407.4483642578125,355.12261962890625,165.97109985351562,2787.004638671875,429.54150390625,115.60458374023438,1647.008544921875,542.231201171875,2022.10791015625,740.6392211914062,451.5019836425781,598.97021484375,562.392333984375,2063.108154296875,192.17404174804688,1880.7777099609375,480.498779296875,1395.49072265625,592.44775390625,183.93231201171875,235.9561767578125,322.0346374511719,1277.159912109375,1496.2135009765625,546.2050170898438,6779.67333984375,656.6980590820312,92.15937042236328,93.175048828125,75.21329498291016,635.7910766601562,958.261962890625,288.4551086425781,394.0591735839844,279.3435363769531,33.00608444213867,1784.537109375,609.1806030273438,1133.636474609375,168.95790100097656,4012.6484375,515.380126953125,117.7259750366211
2019-11-13,196.2399139404297,354.513427734375,1366.021240234375,1683.779296875,708.2428588867188,2645.861328125,895.3171997070312,405.0539245605469,352.3504638671875,163.566162109375,2921.193359375,422.9781799316406,114.17224884033203,1610.371826171875,532.1019897460938,2019.7716064453125,714.0394897460938,448.60601806640625,595.560302734375,580.2686767578125,2059.2109375,185.45298767089844,1889.4976806640625,469.81134033203125,1365.69873046875,581.4716796875,179.96231079101562,233.0055389404297,319.8238525390625,1255.52880859375,1515.17578125,545.9199829101562,6796.10693359375,662.507080078125,92.1983413696289,92.57219696044922,74.23267364501953,655.606689453125,976.2426147460938,278.07708740234375,385.22332763671875,274.181884765625,32.714210510253906,1850.4935302734375,598.6243286132812,1136.9227294921875,167.58267211914062,3991.843505859375,508.29052734375,116.1881103515625
2019-11-14,200.2993927001953,352.8881530761719,1396.0242919921875,1685.1107177734375,712.92333984375,2668.39111328125,903.643798828125,411.5042724609375,346.51934814453125,165.02517700195312,2886.3955078125,426.2834777832031,111.47289276123047,1594.9661865234375,526.4981689453125,2039.2530517578125,708.6326904296875,452.2308044433594,603.3035278320312,577.5108642578125,2061.239013671875,180.98829650878906,1869.6629638671875,482.2880859375,1327.9395751953125,593.2046508789062,179.99778747558594,230.1954345703125,318.190673828125,1244.2171630859375,1497.1319580078125,549.4821166992188,6884.01904296875,662.4185180664062,92.39318084716797,91.23249816894531,73.74236297607422,651.3541259765625,987.8510131835938,277.35198974609375,383.5403137207031,279.86444091796875,32.22501754760742,1865.9517822265625,599.6522216796875,1146.78076171875,164.095458984375,3883.017578125,502.89111328125,116.0274429321289
2019-11-15,201.58653259277344,350.21112060546875,1374.481201171875,1674.50634765625,713.919189453125,2653.577392578125,903.2449340820312,409.2613220214844,375.7225646972656,162.42782592773438,2854.903076171875,437.4741516113281,110.81179809570312,1682.7783203125,525.872314453125,2017.10888671875,729.1013793945312,450.0638732910156,605.1978149414062,568.7942504882812,2022.705078125,180.26815795898438,1859.4066162109375,483.4486999511719,1312.391845703125,592.0272827148438,177.69374084472656,229.2587127685547,323.1997985839844,1241.6934814453125,1552.5950927734375,553.8517456054688,6789.07763671875,665.4069213867188,91.45793914794922,90.79710388183594,73.6050796508789,654.9610595703125,990.7654418945312,291.7633972167969,388.0750732421875,281.9953918457031,32.43467330932617,1846.968017578125,594.5916748046875,1136.3341064453125,165.56893920898438,3954.7919921875,497.9613342285156,115.93563079833984
2019-11-18,199.16078186035156,349.5896911621094,1381.0718994140625,1653.868896484375,719.9440307617188,2605.339111328125,907.871826171875,406.0654602050781,391.1606140136719,167.30177307128906,2806.07861328125,434.9715881347656,110.34355926513672,1671.4649658203125,527.0663452148438,2031.61474609375,742.9563598632812,449.59100341796875,597.6915283203125,561.8505249023438,1990.6527099609375,185.88504028320312,1858.0509033203125,481.9979553222656,1327.2637939453125,593.12060546875,177.76461791992188,233.80174255371094,324.0860595703125,1229.84130859375,1566.64404296875,544.969970703125,6742.7705078125,655.632080078125,91.5358657836914,89.69185638427734,74.7818374633789,649.7733154296875,987.9992065429688,294.6638488769531,396.9576721191406,289.1458740234375,33.71315002441406,1828.40869140625,594.4729614257812,1136.677490234375,167.09152221679688,4002.2705078125,515.52099609375,114.5125503540039
2019-11-19,197.72508239746094,348.0599365234375,1387.9580078125,1637.0826416015625,744.690673828125,2608.764404296875,912.7133178710938,404.19390869140625,419.9814453125,166.4039764404297,2787.7197265625,445.8316955566406,109.95792388916016,1668.3355712890625,528.2216796875,2057.150146484375,759.0320434570312,447.0497741699219,602.3563842773438,562.0967407226562,1963.6510009765625,184.6848602294922,1841.37890625,477.30706787109375,1344.9842529296875,599.5547485351562,176.7366485595703,232.2093505859375,323.4089050292969,1230.9677734375,1554.936279296875,532.5736694335938,6692.42626953125,657.1006469726562,91.45793914794922,89.25646209716797,76.66459655761719,672.282958984375,925.264404296875,299.4676208496094,398.21990966796875,286.4940490722656,33.03074264526367,1791.205078125,603.4478759765625,1140.9932861328125,164.78306579589844,3976.858154296875,517.6337280273438,114.94864654541016
2019-11-20,203.66575622558594,350.5935363769531,1398.38525390625,1639.12744140625,745.6366577148438,2609.87841796875,905.37890625,404.467529296875,418.0218200683594,174.62876892089844,2784.1015625,455.7474670410156,111.85851287841797,1698.0877685546875,546.64111328125,2032.7874755859375,762.411376953125,446.32086181640625,603.0430297851562,566.0364990234375,1964.8836669921875,183.14862060546875,1831.2132568359375,478.7578430175781,1418.9091796875,599.6808471679688,177.7291717529297,232.95870971679688,318.55914306640625,1244.5328369140625,1587.1217041015625,532.3836059570312,6794.34912109375,662.2929077148438,91.2241439819336,89.55790710449219,76.91958618164062,689.1595458984375,928.37646484375,298.0174255371094,420.753662109375,290.5665283203125,32.77997970581055,1790.992919921875,609.9713134765625,1140.650146484375,164.4392547607422,3990.340087890625,519.1361694335938,114.26004791259766
2019-11-21,203.46774291992188,355.7563781738281,1431.73291015625,1636.1317138671875,734.3339233398438,2631.294921875,902.9706420898438,403.0113525390625,407.50677490234375,164.84877014160156,2745.104248046875,458.48614501953125,108.3052749633789,1682.15283203125,554.45947265625,2076.75439453125,752.0804443359375,447.8180236816406,607.7789306640625,580.3671264648438,1943.3701171875,181.0843048095703,1851.2286376953125,481.9012145996094,1396.5528564453125,599.8910522460938,174.18450927734375,229.72708129882812,317.7226257324219,1255.2584228515625,1553.51318359375,524.166748046875,6667.34912109375,660.0029296875,89.8602294921875,87.84980773925781,76.9980239868164,684.6844482421875,918.3980712890625,300.3287048339844,418.0888671875,285.8310546875,31.66183090209961,1799.1048583984375,605.029296875,1126.328857421875,161.24673461914062,3954.64697265625,511.5770263671875,113.64032745361328
2019-11-22,201.43800354003906,355.1348876953125,1427.945556640625,1600.3724365234375,729.055908203125,2601.58447265625,901.3951416015625,398.5792236328125,402.1058349609375,163.34170532226562,2700.434326171875,452.2061462402344,109.62738800048828,1668.961669921875,552.9188842773438,2152.296630859375,765.8388061523438,439.2091064453125,598.97021484375,577.5601196289062,1941.8984375,182.6685333251953,1832.8851318359375,480.498779296875,1396.5528564453125,583.0277099609375,175.56690979003906,235.3473358154297,312.5143737792969,1242.5948486328125,1549.3809814453125,518.6571655273438,6706.6748046875,659.6328735351562,91.80863952636719,89.65838623046875,77.95902252197266,688.6475219726562,931.2908935546875,298.4706115722656,422.7171936035156,283.7474670410156,32.88686752319336,1759.6927490234375,596.3707275390625,1113.9202880859375,159.4785919189453,3958.429443359375,500.9661865234375,111.5975112915039
2019-11-25,213.07180786132812,358.2421569824219,1426.7159423828125,1626.9541015625,751.6117553710938,2637.31884765625,914.9270629882812,404.77545166015625,431.500244140625,162.7003936767578,2716.471435546875,456.5973815917969,110.56390380859375,1698.5211181640625,562.431884765625,2200.359130859375,794.5143432617188,443.1492004394531,601.9775390625,588.7882690429688,1971.6441650390625,191.30990600585938,1863.6536865234375,481.4659423828125,1445.5140380859375,587.1490478515625,175.63783264160156,243.68397521972656,319.3956604003906,1244.57763671875,1534.2755126953125,520.3670654296875,6873.5234375,674.308837890625,92.0424575805664,87.71583557128906,77.90018463134766,695.3491821289062,940.133056640625,304.634033203125,429.1219787597656,286.1625671386719,34.4901008605957,1768.0166015625,603.7640991210938,1141.3858642578125,163.16226196289062,3989.758544921875,511.29541015625,111.55160522460938
2019-11-26,208.51731872558594,354.1310119628906,1434.634521484375,1626.5736083984375,749.1221923828125,2622.876708984375,909.572021484375,400.53875732421875,413.2900390625,159.25335693359375,2729.559326171875,451.9228210449219,108.93878173828125,1717.970703125,571.1361694335938,2157.2626953125,763.762939453125,436.5694274902344,603.84814453125,588.5912475585938,1984.051513671875,190.78182983398438,1859.9940185546875,493.94268798828125,1463.9107666015625,580.841064453125,176.63031005859375,237.22073364257812,319.5450134277344,1228.4893798828125,1541.8511962890625,511.6278076171875,6767.99072265625,676.0590209960938,90.91238403320312,87.24693298339844,76.25274658203125,694.7703857421875,947.3944091796875,304.0901794433594,421.45489501953125,283.6528015136719,34.872413635253906,1738.4154052734375,603.8035888671875,1143.8380126953125,160.510009765625,3989.176513671875,508.6661682128906,109.04972839355469
2019-11-27,211.43814086914062,356.56903076171875,1440.09423828125,1631.376708984375,749.76953125,2650.853759765625,920.2570190429688,402.49334716796875,414.2459716796875,162.2194366455078,2761.587646484375,441.9598388671875,110.72917938232422,1744.06396484375,572.3204345703125,2177.6904296875,760.914794921875,444.5281677246094,605.4347534179688,576.1319580078125,2006.837890625,194.9104461669922,1891.5308837890625,488.9133605957031,1474.00244140625,585.1724853515625,175.07066345214844,236.93972778320312,322.2337646484375,1203.7032470703125,1524.633544921875,512.9102172851562,6928.90234375,677.841796875,90.2109603881836,88.85455322265625,76.5273208618164,699.045166015625,936.7739868164062,311.3865051269531,428.9349060058594,291.08746337890625,34.64220428466797,1744.9132080078125,606.9271240234375,1144.8681640625,162.96578979492188,4107.31396484375,518.1972045898438,110.1973648071289
2019-11-28,210.9925994873047,356.23443603515625,1420.9610595703125,1630.663330078125,747.47900390625,2637.938232421875,921.4187622070312,400.9002990722656,417.4004821777344,163.5341033935547,2767.9755859375,442.29034423828125,113.4010009765625,1726.395751953125,573.235107421875,2184.306884765625,772.5491943359375,446.26177978515625,599.2307739257812,567.5138549804688,1961.5433349609375,195.9666290283203,1886.0184326171875,502.115478515625,1514.46533203125,590.3027954101562,174.8934783935547,247.2434844970703,321.65618896484375,1216.68212890625,1528.123291015625,514.81005859375,6897.4130859375,682.3497314453125,90.05509185791016,89.18949890136719,76.93917083740234,703.698486328125,959.4475708007812,316.5981750488281,427.62591552734375,301.8368835449219,35.526039123535156,1764.491943359375,605.8991088867188,1147.17333984375,161.88525390625,4165.55859375,544.5366821289062,110.08260345458984
2019-11-29,212.7747802734375,365.2693176269531,1417.7152099609375,1622.6270751953125,735.97705078125,2621.102294921875,908.4702758789062,398.1784973144531,422.9447937011719,164.0311279296875,2731.748046875,440.732177734375,113.07044982910156,1719.848388671875,561.1224365234375,2164.423583984375,759.9010620117188,444.2918395996094,603.8007202148438,562.8847045898438,1935.4959716796875,192.17404174804688,1839.165283203125,495.7803039550781,1515.2861328125,585.6770629882812,174.68075561523438,244.99534606933594,321.6960144042969,1199.2418212890625,1551.538818359375,503.98089599609375,6882.78466796875,672.7798461914062,90.67858123779297,88.251708984375,75.82128143310547,690.7181396484375,948.481201171875,309.8456726074219,420.6133728027344,306.0513916015625,35.14784240722656,1744.021240234375,602.1036376953125,1137.56005859375,158.64361572265625,4131.029296875,538.2921752929688,109.11857604980469
2019-12-02,206.93313598632812,361.1581726074219,1393.171630859375,1653.1553955078125,741.2052001953125,2607.279052734375,892.3206176757812,386.0842590332031,438.3828430175781,160.34356689453125,2748.990478515625,438.1824035644531,113.4010009765625,1718.7410888671875,553.0054931640625,2053.91015625,779.4042358398438,443.3658447265625,599.4437255859375,560.81640625,1914.33984375,192.79812622070312,1846.3038330078125,494.1361389160156,1521.949462890625,582.607177734375,173.65280151367188,251.1308135986328,325.2411804199219,1201.765380859375,1502.8709716796875,507.40069580078125,6781.62109375,677.606689453125,89.8602294921875,85.8067855834961,75.07601165771484,706.4593505859375,932.4764404296875,306.809326171875,411.4035949707031,300.03741455078125,34.601097106933594,1716.670654296875,591.8240356445312,1131.7730712890625,158.20156860351562,4147.6630859375,535.47509765625,109.53173065185547
2019-12-03,205.79449462890625,346.0521545410156,1381.5146484375,1651.443603515625,730.3505249023438,2690.22021484375,906.4259643554688,387.46221923828125,438.86077880859375,158.56394958496094,2723.350341796875,438.41845703125,113.2632827758789,1728.4659423828125,550.4346923828125,2021.7154541015625,755.3148193359375,443.0702819824219,594.5421752929688,575.9349975585938,1926.6279296875,188.1894073486328,1832.9754638671875,492.636962890625,1491.7230224609375,587.3593139648438,173.01475524902344,240.967529296875,327.97979736328125,1183.6038818359375,1485.1483154296875,496.7139892578125,6781.09814453125,668.1043701171875,89.2757339477539,85.5053482055664,74.29151916503906,703.0750122070312,951.7908935546875,304.76995849609375,405.4195251464844,297.76434326171875,32.858097076416016,1742.10986328125,590.0844116210938,1136.0399169921875,155.4019775390625,4085.0537109375,534.7708740234375,108.70543670654297
2019-12-04,210.34901428222656,351.6930236816406,1446.291748046875,1636.084228515625,736.773681640625,2683.122314453125,900.4926147460938,390.0325927734375,441.0593566894531,160.71234130859375,2724.198974609375,443.8485412597656,111.6932373046875,1742.1866455078125,554.1898803710938,2025.0501708984375,758.3079223632812,443.4447326660156,592.7662353515625,574.8515625,1939.8306884765625,193.08619689941406,1850.641357421875,511.8840026855469,1491.3369140625,596.1905517578125,172.37673950195312,243.3561248779297,328.87603759765625,1158.2769775390625,1535.37744140625,499.2312927246094,6721.54052734375,665.9049072265625,89.4705581665039,87.11298370361328,73.89927673339844,691.4083862304688,960.5341796875,309.8456726074219,414.8630676269531,302.0262451171875,33.6514892578125,1765.46826171875,600.008056640625,1152.224853515625,166.4038848876953,4070.94091796875,535.47509765625,111.18436431884766
2019-12-05,206.3390655517578,352.2188720703125,1459.0303955078125,1631.851806640625,726.2177734375,2676.479248046875,894.0357666015625,390.0325927734375,427.62872314453125,157.71421813964844,2754.26171875,435.91595458984375,108.19507598876953,1734.5799560546875,552.986328125,2025.9058837890625,742.7632446289062,441.9868469238281,589.9009399414062,567.2184448242188,1906.1085205078125,190.63778686523438,1841.1077880859375,510.7717590332031,1457.9718017578125,601.2367553710938,175.07066345214844,235.53465270996094,328.4876403808594,1173.689453125,1509.2069091796875,498.47137451171875,6661.45947265625,665.1322631835938,88.92500305175781,86.34264373779297,73.46780395507812,690.5845336914062,954.7546997070312,304.724609375,408.31805419921875,298.9009094238281,32.870426177978516,1801.8223876953125,604.83154296875,1161.6417236328125,163.16226196289062,4035.830078125,533.8787841796875,111.87293243408203
2019-12-06,204.4578399658203,350.06768798828125,1441.127197265625,1632.61279296875,714.6162109375,2645.943359375,882.8272705078125,386.2015075683594,425.2389831542969,156.63999938964844,2742.3798828125,430.108154296875,105.77116394042969,1717.5855712890625,556.6835327148438,1978.888427734375,741.5081787109375,441.51397705078125,590.1141357421875,566.3319091796875,1878.7484130859375,190.0616912841797,1830.806640625,507.5799865722656,1415.577392578125,601.447021484375,172.51852416992188,238.01693725585938,333.46685791015625,1163.4144287109375,1520.5933837890625,484.6500549316406,6541.630859375,659.3908081054688,87.79495239257812,84.76851654052734,73.19320678710938,692.3880004882812,952.5811767578125,290.04132080078125,400.74444580078125,297.1487731933594,33.15407180786133,1803.7763671875,598.980224609375,1149.62548828125,158.64361572265625,4032.8232421875,527.4464721679688,110.63347625732422
2019-12-09,205.39845275878906,357.1904602050781,1388.794189453125,1641.837890625,728.956298828125,2661.9951171875,890.3961181640625,385.5368957519531,426.1949157714844,160.21530151367188,2732.37353515625,422.9781799316406,105.5783462524414,1739.2017822265625,560.140380859375,1986.1865234375,739.86669921875,435.0131530761719,588.64599609375,563.8695678710938,1894.2972412109375,190.9258575439453,1814.6314697265625,509.2242736816406,1400.2708740234375,603.2554321289062,171.17153930664062,242.46627807617188,330.4693908691406,1150.074951171875,1510.67626953125,487.92724609375,6644.2666015625,662.47216796875,87.83390808105469,84.60107421875,73.7227554321289,700.2697143554688,930.6487426757812,287.0502624511719,399.24847412109375,298.7588195800781,33.437721252441406,1750.1370849609375,593.326416015625,1155.56005859375,157.6613006591797,4026.61572265625,529.1837158203125,110.35802459716797
2019-12-10,202.18057250976562,350.78472900390625,1351.5609130859375,1629.2841796875,712.72412109375,2667.73095703125,890.2164306640625,389.6416320800781,427.294189453125,155.9345703125,2733.222412109375,427.8416442871094,103.12686920166016,1746.2786865234375,557.9738159179688,2010.9744873046875,743.6322021484375,429.0243225097656,591.7479248046875,561.8997802734375,1853.1385498046875,191.16587829589844,1830.1739501953125,511.35205078125,1363.1878662109375,600.9845581054688,167.02427673339844,235.11312866210938,331.0967712402344,1152.7789306640625,1514.67041015625,480.4228210449219,6614.724609375,658.4630126953125,85.72962188720703,83.8642349243164,71.6830825805664,695.52734375,938.404052734375,284.0591735839844,399.85614013671875,296.29638671875,33.05541229248047,1709.705810546875,589.0565185546875,1156.7861328125,156.8754425048828,3917.20751953125,523.7374267578125,109.32516479492188
2019-12-11,204.11129760742188,353.4617919921875,1367.7921142578125,1653.1077880859375,713.5704956054688,2697.56494140625,905.3638916015625,394.5233154296875,423.2315979003906,154.76419067382812,2716.828125,424.9142150878906,103.09931182861328,1754.1258544921875,556.1058959960938,2037.7064208984375,740.9287719726562,428.51214599609375,591.3927612304688,563.8695678710938,1826.335693359375,188.7655029296875,1816.7098388671875,516.0429077148438,1371.927490234375,606.4514770507812,168.44216918945312,234.1295928955078,335.90667724609375,1139.529541015625,1500.8966064453125,482.3227233886719,6642.79443359375,657.2620239257812,88.06773376464844,85.73979949951172,71.29082489013672,695.7277221679688,954.9028930664062,283.5153503417969,401.8664855957031,297.717041015625,33.343177795410156,1734.3807373046875,599.3359375,1157.031494140625,158.9383087158203,3880.835205078125,526.8361206054688,110.1973648071289
2019-12-12,208.3192901611328,356.1387634277344,1362.922607421875,1664.948486328125,719.0974731445312,2691.623046875,914.3535766601562,396.5121765136719,419.31231689453125,157.68212890625,2745.908447265625,435.396484375,104.75199127197266,1761.202880859375,559.5433959960938,2076.6552734375,747.494140625,422.6416015625,598.425537109375,574.1128540039062,1856.360107421875,193.42221069335938,1813.90869140625,517.7837524414062,1394.6214599609375,590.5132446289062,169.1156463623047,239.42198181152344,341.6925048828125,1153.4097900390625,1497.4530029296875,486.2648620605469,6649.0634765625,661.4183959960938,89.19779205322266,84.33314514160156,72.46756744384766,698.3104248046875,948.8269653320312,291.7181091308594,405.93377685546875,306.43023681640625,34.4243278503418,1716.543212890625,598.1498413085938,1165.3199462890625,170.2840576171875,3872.0576171875,535.1934204101562,109.92193603515625
2019-12-13,210.10147094726562,360.3933410644531,1330.9522705078125,1658.5762939453125,748.8731689453125,2668.060546875,918.4472045898438,397.9586181640625,408.94061279296875,159.28543090820312,2728.7998046875,435.58538818359375,108.1124267578125,1773.5755615234375,543.33837890625,2084.336181640625,755.3148193359375,428.0,598.5440063476562,580.0223999023438,1859.620361328125,199.9512481689453,1812.8695068359375,519.427978515625,1434.456787109375,598.2510986328125,171.2778778076172,241.29539489746094,337.1415100097656,1176.4835205078125,1506.0849609375,490.34954833984375,6853.43359375,668.2708740234375,90.13304138183594,84.73503875732422,72.84020233154297,704.856201171875,963.1522827148438,301.4163818359375,410.7022705078125,310.69207763671875,35.22183609008789,1759.310302734375,602.4198608398438,1163.50537109375,173.57476806640625,3959.836181640625,530.5452880859375,111.9417953491211
2019-12-16,208.4182891845703,352.17108154296875,1348.2164306640625,1646.6883544921875,744.1428833007812,2657.74462890625,926.2052612304688,394.7823791503906,403.2529296875,157.76229858398438,2725.6728515625,432.7523498535156,106.10169982910156,1791.5328369140625,542.3468017578125,2048.035888671875,736.7771606445312,435.1313781738281,595.4656372070312,583.1741333007812,1835.9989013671875,198.4149932861328,1784.4503173828125,521.555908203125,1442.182373046875,600.5219116210938,167.94590759277344,237.08021545410156,339.3722229003906,1174.41064453125,1505.7635498046875,483.36761474609375,6782.28564453125,661.2642822265625,89.58747100830078,84.13217163085938,73.33050537109375,697.597900390625,957.86669921875,300.7818908691406,406.86871337890625,305.19903564453125,34.613426208496094,1806.4517822265625,611.4736938476562,1143.396728515625,171.85572814941406,3939.128173828125,529.3245849609375,111.62045288085938
2019-12-17,209.1113739013672,354.9437255859375,1341.4285888671875,1659.95556640625,742.5496215820312,2640.166748046875,933.5496826171875,404.19390869140625,420.5549621582031,159.0609588623047,2744.47900390625,438.13519287109375,108.08489990234375,1776.849365234375,544.37841796875,2053.139404296875,742.2805786132812,439.50469970703125,601.9775390625,586.6213989257812,1833.2154541015625,205.18405151367188,1772.3414306640625,523.3936157226562,1441.5548095703125,613.7267456054688,170.88795471191406,242.55996704101562,341.234375,1187.8851318359375,1514.211669921875,480.5178527832031,6834.62548828125,661.1474609375,90.05509185791016,83.93123626708984,73.76200103759766,695.861328125,960.8305053710938,301.73358154296875,401.1651611328125,307.9455871582031,36.126220703125,1838.8983154296875,614.6762084960938,1135.2550048828125,177.01287841796875,3995.6748046875,529.7001342773438,112.3549575805664
2019-12-18,206.0915069580078,358.0509338378906,1362.283203125,1691.387451171875,738.765380859375,2652.174072265625,933.6344604492188,402.59112548828125,418.9777526855469,156.8805389404297,2768.823974609375,441.77093505859375,108.93878173828125,1769.57958984375,553.342529296875,2056.06201171875,728.1841430664062,444.98126220703125,612.0411987304688,592.4324340820312,1838.7830810546875,205.13604736328125,1742.7025146484375,523.6353759765625,1449.32861328125,616.0396118164062,173.79461669921875,247.66497802734375,343.4352111816406,1189.1470947265625,1514.30322265625,496.4765930175781,6877.8447265625,663.107666015625,88.9639892578125,83.79724884033203,73.4285659790039,701.7169189453125,953.1245727539062,296.3406677246094,411.1697692871094,295.8228454589844,36.56608581542969,1841.2767333984375,622.030029296875,1136.9716796875,171.70840454101562,3943.1533203125,531.7190551757812,113.98462677001953
2019-12-19,208.46780395507812,353.4139709472656,1373.6451416015625,1714.8309326171875,739.46240234375,2656.09423828125,924.4751586914062,399.90350341796875,429.6361999511719,157.10498046875,2780.929931640625,441.58209228515625,108.47052764892578,1761.0584716796875,552.5914306640625,2121.45458984375,717.3221435546875,448.7637023925781,610.3599853515625,596.1259765625,1879.9415283203125,207.6804656982422,1763.079345703125,522.4747314453125,1438.802490234375,614.6939086914062,173.22744750976562,248.08651733398438,344.46087646484375,1182.2969970703125,1536.846435546875,508.5881042480469,6877.8447265625,667.5139770507812,88.88604736328125,84.19916534423828,73.11478424072266,716.9014892578125,958.0643310546875,297.4283142089844,405.4195251464844,297.3382263183594,36.73052215576172,1893.3450927734375,618.9462280273438,1136.9227294921875,175.9814453125,3916.431884765625,528.4324340820312,114.39777374267578
2019-12-20,216.63621520996094,355.94757080078125,1356.725341796875,1711.169189453125,736.773681640625,2644.003662109375,925.402587890625,404.17926025390625,433.79443359375,156.41555786132812,2789.4169921875,439.83502197265625,110.61898040771484,1750.467041015625,551.3975219726562,2101.96826171875,719.8807983398438,449.07891845703125,614.1012573242188,603.4635620117188,1903.4041748046875,206.91233825683594,1755.8502197265625,528.18115234375,1436.91943359375,615.2827758789062,170.95889282226562,247.9459991455078,337.13153076171875,1182.1170654296875,1573.2098388671875,504.0283508300781,6897.64990234375,694.2815551757812,89.39263916015625,83.83074951171875,72.99708557128906,712.070068359375,980.787109375,306.2201843261719,402.3339538574219,296.1069641113281,37.9021110534668,1888.120849609375,619.420654296875,1178.9547119140625,172.83804321289062,3996.548095703125,542.8934326171875,115.59131622314453
2019-12-23,212.42823791503906,350.78472900390625,1363.6605224609375,1719.0633544921875,740.06005859375,2657.00244140625,927.7959594726562,406.56390380859375,434.75030517578125,158.08294677734375,2762.21337890625,441.81817626953125,108.66333770751953,1740.9346923828125,560.0729370117188,2097.7119140625,716.742919921875,449.9062194824219,616.80078125,606.8616333007812,1924.7987060546875,206.57626342773438,1762.44677734375,523.5386352539062,1444.98291015625,619.0255126953125,169.36376953125,247.0093231201172,339.5613708496094,1181.8463134765625,1612.6031494140625,499.5638427734375,6992.0693359375,679.0602416992188,89.314697265625,83.4958267211914,72.87944030761719,699.7353515625,984.788330078125,301.2803955078125,400.55743408203125,298.2379150390625,37.996665954589844,1895.595947265625,613.5691528320312,1186.017333984375,172.936279296875,3959.1572265625,542.4238891601562,116.53240966796875
2019-12-24,207.08163452148438,352.41009521484375,1353.0364990234375,1715.16357421875,737.5703735351562,2662.98583984375,926.87841796875,404.5603942871094,436.99676513671875,153.20899963378906,2761.54296875,452.0645446777344,109.59984588623047,1749.4080810546875,557.6753540039062,2068.6240234375,713.0256958007812,441.7111511230469,610.5257568359375,615.8737182617188,1934.7799072265625,207.6324462890625,1758.832275390625,523.3451538085938,1469.6566162109375,616.8386840820312,169.2574462890625,249.86627197265625,340.8858642578125,1172.6077880859375,1625.458740234375,501.0837097167969,6960.62841796875,681.5601806640625,89.7823257446289,84.40010833740234,73.40895080566406,688.625244140625,982.7631225585938,300.4193420410156,401.8664855957031,298.66412353515625,38.066551208496094,1881.9207763671875,610.4853515625,1181.1126708984375,172.39599609375,3974.142578125,534.4421997070312,115.79789733886719
2019-12-26,206.8836212158203,347.6775207519531,1357.118896484375,1721.0126953125,733.4376220703125,2665.708984375,932.387939453125,409.2124328613281,427.8199462890625,153.01661682128906,2735.857666015625,447.76763916015625,108.69087219238281,1748.5413818359375,551.830810546875,2085.372314453125,711.336181640625,441.6716003417969,601.6696166992188,626.018310546875,1939.55224609375,206.4322509765625,1757.52197265625,521.0723876953125,1463.4278564453125,613.0958862304688,167.87503051757812,252.11436462402344,337.4402770996094,1153.0494384765625,1625.458740234375,501.8910827636719,6878.08251953125,682.1793823242188,90.71754455566406,85.73979949951172,72.50678253173828,674.798828125,979.0582885742188,298.9691162109375,394.7136535644531,296.34375,38.46941375732422,1870.3260498046875,609.1806030273438,1169.7342529296875,171.51193237304688,3940.583251953125,534.7239379882812,114.90274810791016
2019-12-27,207.03216552734375,347.725341796875,1394.991455078125,1723.532958984375,756.9892578125,2675.530029296875,941.6668701171875,415.6187744140625,435.037109375,157.4256134033203,2717.811279296875,454.3309326171875,112.10643005371094,1762.165771484375,557.9931030273438,2102.08203125,714.2326049804688,447.22705078125,603.8244018554688,621.8817749023438,1942.5745849609375,206.8643341064453,1761.9949951171875,531.3728637695312,1472.602294921875,619.8244018554688,167.94590759277344,251.88014221191406,335.71746826171875,1171.3463134765625,1616.1383056640625,503.60101318359375,6976.87255859375,685.2119140625,91.0682601928711,86.00774383544922,74.15421295166016,686.7996215820312,976.736572265625,305.6763610839844,398.3134460449219,301.6001281738281,38.6009635925293,1867.3955078125,616.9298095703125,1168.7042236328125,173.0345001220703,3933.648193359375,544.8652954101562,113.64032745361328
2019-12-30,206.58657836914062,349.87652587890625,1395.7783203125,1714.070068359375,750.9644775390625,2683.78271484375,941.27294921875,414.7049560546875,440.1990661621094,158.0989990234375,2722.50146484375,453.2449035644531,113.37345886230469,1780.508056640625,556.3081665039062,2155.257080078125,711.336181640625,448.60601806640625,607.2106323242188,626.5601196289062,1971.683837890625,209.26467895507812,1750.56396484375,526.1016235351562,1478.879150390625,616.4180908203125,168.86753845214844,253.94093322753906,336.6734619140625,1173.779541015625,1630.73876953125,510.0129699707031,7044.646484375,693.9848022460938,90.83445739746094,85.70631408691406,74.64453125,687.6234130859375,964.5848388671875,303.0931396484375,402.1937561035156,304.3940124511719,39.032596588134766,1854.4005126953125,618.9066162109375,1170.960205078125,180.4509735107422,3930.10791015625,553.4103393554688,114.28301239013672
2019-12-31,206.28956604003906,349.9242858886719,1418.5018310546875,1697.5692138671875,750.9644775390625,2628.530029296875,936.7008056640625,413.869384765625,435.7062072753906,157.61801147460938,2705.03564453125,451.59228515625,116.43089294433594,1777.234375,553.554443359375,2129.788330078125,717.9979858398438,447.66046142578125,602.4510498046875,616.6123657226562,1943.0516357421875,207.53640747070312,1737.687255859375,521.2174682617188,1458.213134765625,614.9462280273438,168.5130615234375,252.95738220214844,335.4684753417969,1170.084228515625,1607.4146728515625,504.93084716796875,6999.3837890625,690.875244140625,92.78284454345703,86.27567291259766,74.62493133544922,674.1978149414062,950.0125122070312,302.5039978027344,404.4377746582031,304.3466796875,38.81061553955078,1836.137939453125,602.775634765625,1165.2711181640625,181.8753204345703,3924.38525390625,548.8561401367188,112.83697509765625
2020-01-01,205.79449462890625,361.0626220703125,1403.1070556640625,1705.41552734375,745.5869140625,2599.727783203125,935.2149658203125,413.53216552734375,433.31646728515625,157.65008544921875,2715.622314453125,449.4202880859375,116.76144409179688,1751.2855224609375,554.4884033203125,2088.219482421875,716.8876953125,450.6942138671875,605.529296875,612.081787109375,1934.700439453125,205.76014709472656,1749.931396484375,519.137939453125,1433.39453125,619.7404174804688,168.79660034179688,251.1308135986328,333.4171142578125,1180.6746826171875,1636.431884765625,509.7279968261719,6945.33544921875,690.5808715820312,94.73126220703125,85.37138366699219,76.68421936035156,672.216064453125,964.6341552734375,303.13848876953125,406.0740661621094,306.71435546875,38.45708084106445,1841.14990234375,602.6174926757812,1132.7047119140625,181.1876983642578,3942.76513671875,552.37744140625,113.70918273925781
2020-01-02,209.1113739013672,366.321044921875,1470.2943115234375,1702.990234375,753.8026123046875,2575.711669921875,947.894287109375,414.9737243652344,435.1327209472656,156.33541870117188,2727.906494140625,447.15380859375,116.2931900024414,1758.073486328125,551.696044921875,2043.2919921875,739.9150390625,451.9550476074219,609.38916015625,624.688720703125,1932.235107421875,211.3770294189453,1751.2867431640625,522.8616333007812,1476.5615234375,617.9320678710938,170.0372772216797,258.95233154296875,332.9191589355469,1212.5361328125,1672.657470703125,512.8151245117188,6962.57568359375,688.2584838867188,94.61434936523438,85.7732925415039,76.5273208618164,683.6602783203125,957.6690063476562,307.5343933105469,406.6817626953125,306.2408447265625,39.86299514770508,1832.6982421875,605.7408447265625,1133.5384521484375,190.32322692871094,4117.15869140625,559.1383666992188,113.98462677001953
2020-01-03,206.24005126953125,365.6996154785156,1461.8831787109375,1665.661865234375,739.86083984375,2535.314208984375,931.9640502929688,409.8330078125,435.037109375,155.03675842285156,2714.86279296875,443.8013610839844,116.70635986328125,1766.64306640625,555.35498046875,2004.357421875,730.5496826171875,461.01702880859375,600.6988525390625,621.1922607421875,1934.54150390625,207.82447814941406,1741.7083740234375,521.1690063476562,1476.4166259765625,627.4361572265625,169.08023071289062,255.20547485351562,330.0411682128906,1203.2974853515625,1664.39306640625,506.0707702636719,6890.763671875,681.9154052734375,93.01665496826172,86.04122924804688,75.70361328125,684.4840698242188,963.349853515625,302.4587097167969,415.7046203613281,301.3633117675781,39.76844024658203,1869.2222900390625,612.8970947265625,1117.9420166015625,187.7200927734375,4092.328857421875,554.7249755859375,115.26998901367188
2020-01-06,197.57655334472656,363.5005798339844,1438.6678466796875,1623.5782470703125,720.2427368164062,2506.92431640625,901.7341918945312,390.60430908203125,429.8273620605469,150.4353485107422,2699.898681640625,440.7794189453125,113.31837463378906,1770.0611572265625,554.3824462890625,1973.2552490234375,711.5775146484375,458.6135559082031,587.6987915039062,610.2103271484375,1883.480712890625,200.95941162109375,1730.8646240234375,508.4505615234375,1419.005615234375,621.4224243164062,166.66983032226562,247.52450561523438,329.13494873046875,1186.8035888671875,1670.72900390625,498.2339172363281,6689.5283203125,673.6468505859375,92.66594696044922,84.56758117675781,75.74281311035156,668.6093139648438,971.25341796875,289.1349182128906,411.3568115234375,295.5860595703125,38.90927505493164,1869.0526123046875,609.1806030273438,1136.481201171875,182.36648559570312,4032.09619140625,549.2786865234375,115.75199127197266
2020-01-07,202.03208923339844,367.8985595703125,1454.60400390625,1639.983642578125,722.7322998046875,2507.171875,907.0142822265625,391.6744384765625,425.47796630859375,147.82199096679688,2712.8974609375,442.5264587402344,113.31837463378906,1775.4049072265625,555.4127197265625,1967.8966064453125,716.6947021484375,460.3865051269531,597.0048217773438,620.4535522460938,1867.494873046875,200.52732849121094,1735.60888671875,505.7424011230469,1411.521484375,612.212890625,166.8470458984375,248.46119689941406,332.7797546386719,1190.183349609375,1683.263427734375,500.27630615234375,6719.16552734375,667.76416015625,93.9518814086914,84.23265838623047,75.19367218017578,678.8955078125,973.0317993164062,288.591064453125,417.38751220703125,298.2379150390625,39.14358901977539,1873.63916015625,614.4785766601562,1137.805419921875,181.43328857421875,4114.5400390625,558.7627563476562,117.15213012695312
2020-01-08,199.5072784423828,368.711181640625,1449.6363525390625,1644.1680908203125,721.487548828125,2524.750732421875,911.9852905273438,395.8085632324219,438.6217956542969,147.4692840576172,2701.282958984375,438.8906555175781,110.2884750366211,1765.8245849609375,557.9257202148438,1881.66552734375,717.0325927734375,461.568603515625,595.4419555664062,619.3701171875,1843.2364501953125,199.13510131835938,1743.4251708984375,508.6922912597656,1408.5760498046875,604.054443359375,166.03179931640625,245.88528442382812,329.593017578125,1164.0904541015625,1661.40869140625,498.3764343261719,6682.68994140625,672.4599609375,93.4842758178711,82.6920166015625,74.74260711669922,673.7969970703125,975.847412109375,289.8599853515625,411.4970397949219,299.5165100097656,39.07370376586914,1915.59912109375,608.7061157226562,1121.473388671875,179.32131958007812,4189.0791015625,564.2091064453125,116.96851348876953
2020-01-09,205.94302368164062,374.5910339355469,1455.4893798828125,1685.776611328125,739.76123046875,2546.579345703125,936.8902587890625,403.0650939941406,439.81671142578125,150.88426208496094,2681.181884765625,443.9429931640625,109.07648468017578,1774.923583984375,562.4029541015625,1922.974365234375,731.1771850585938,457.2740173339844,602.11962890625,621.9801635742188,1872.6641845703125,202.3516082763672,1748.575927734375,528.37451171875,1455.9437255859375,611.9183959960938,167.1660919189453,260.49786376953125,331.6245422363281,1186.2626953125,1668.1116943359375,514.1451416015625,6865.734375,684.24462890625,93.01665496826172,82.8594741821289,75.68400573730469,689.3154296875,976.58837890625,299.286376953125,411.2633056640625,311.1656799316406,39.72322463989258,1880.85888671875,611.75048828125,1141.2386474609375,188.6041717529297,4256.052734375,567.6834716796875,116.44058227539062
2020-01-10,207.03216552734375,374.830078125,1461.6866455078125,1704.7974853515625,736.972900390625,2559.371337890625,934.5966186523438,405.0832214355469,436.8533630371094,150.78807067871094,2671.0419921875,447.15380859375,113.0979995727539,1796.972900390625,564.8101196289062,1932.7978515625,730.1634521484375,457.3133239746094,607.4710693359375,613.706787109375,1879.7427978515625,203.0717315673828,1765.6998291015625,522.5230102539062,1440.106201171875,620.833740234375,168.72572326660156,260.310546875,335.5381774902344,1193.8787841796875,1671.6011962890625,519.2271728515625,6963.193359375,686.2257080078125,93.75704956054688,83.1609115600586,75.37020111083984,689.1595458984375,977.0823364257812,301.1444396972656,414.76959228515625,323.28839111328125,39.97399139404297,1880.1793212890625,613.8063354492188,1132.0181884765625,192.8772430419922,4310.951171875,563.6925659179688,115.5683822631836
2020-01-13,211.4876251220703,373.2048034667969,1459.2762451171875,1716.542724609375,734.3339233398438,2553.47021484375,942.8734741210938,407.0036926269531,448.2287292480469,150.94837951660156,2720.4912109375,451.0729064941406,116.54106903076172,1809.056640625,568.9888916015625,1918.3487548828125,733.3977661132812,462.1595764160156,609.033935546875,615.97216796875,1882.3671875,202.78367614746094,1802.6134033203125,520.9271850585938,1486.8463134765625,650.6075439453125,169.61190795898438,260.9661865234375,336.8128662109375,1202.9820556640625,1677.6162109375,527.1590576171875,6984.28076171875,684.9362182617188,94.8871078491211,84.03170776367188,76.40965270996094,687.4006958007812,977.9220581054688,299.7848205566406,415.7046203613281,334.2746276855469,40.75916290283203,1860.4736328125,621.3974609375,1136.8245849609375,192.7790069580078,4334.32666015625,555.8518676757812,116.96851348876953
2020-01-14,212.23020935058594,372.10528564453125,1468.966064453125,1730.0950927734375,744.7902221679688,2559.701416015625,952.8055419921875,409.78900146484375,448.6589050292969,151.78208923339844,2774.14013671875,457.3056640625,117.31232452392578,1804.0499267578125,567.6602172851562,1938.1849365234375,733.6875,468.30615234375,610.69140625,604.9902954101562,1917.8792724609375,203.50379943847656,1815.21875,519.9600219726562,1430.83544921875,652.373779296875,172.44760131835938,263.1206359863281,333.96478271484375,1195.23095703125,1724.4471435546875,534.3308715820312,7016.67138671875,694.7651977539062,96.25101470947266,83.76376342773438,76.5861587524414,681.0330200195312,975.8967895507812,297.2923583984375,417.0136413574219,368.98541259765625,40.99348068237305,1874.530517578125,629.62109375,1144.819091796875,192.38609313964844,4348.48681640625,547.9640502929688,118.07025909423828
2020-01-15,214.45799255371094,373.635009765625,1487.3121337890625,1752.0643310546875,743.1968994140625,2577.81640625,956.2258911132812,411.1817321777344,447.22503662109375,150.05055236816406,2782.225341796875,457.0695495605469,117.03688049316406,1796.9248046875,562.0467529296875,1950.964599609375,739.9633178710938,469.4486083984375,608.2051391601562,607.2555541992188,1969.4970703125,205.13604736328125,1826.83056640625,518.0256958007812,1352.4686279296875,645.56103515625,171.84503173828125,264.6194152832031,333.7257995605469,1192.9775390625,1775.548583984375,541.2178344726562,7108.0048828125,694.3726806640625,96.52376556396484,83.4958267211914,76.19390869140625,678.5616455078125,986.1220703125,293.8934020996094,419.8653259277344,370.7375183105469,41.2812385559082,1891.518798828125,628.7512817382812,1162.22998046875,196.80650329589844,4370.9892578125,550.0767822265625,113.961669921875
2020-01-16,217.82432556152344,373.7784423828125,1565.614990234375,1745.311767578125,734.2343139648438,2568.36669921875,959.5166625976562,412.45220947265625,453.0083312988281,148.0785369873047,2814.432373046875,453.52825927734375,115.82493591308594,1828.458251953125,565.6670532226562,2037.1815185546875,729.9702758789062,467.478515625,609.8153686523438,598.3419799804688,1936.2513427734375,201.29544067382812,1851.77099609375,519.5248413085938,1338.900390625,645.0984497070312,170.67529296875,259.8890380859375,338.8941955566406,1189.1019287109375,1746.1641845703125,539.0330810546875,7088.7216796875,717.488525390625,94.65331268310547,83.39534759521484,77.05683898925781,684.8179321289062,987.8510131835938,293.0323181152344,419.8653259277344,363.9184875488281,40.648162841796875,1901.626953125,619.0252685546875,1170.12646484375,194.05601501464844,4337.8671875,552.2366333007812,114.97159576416016
2020-01-17,226.1412811279297,370.5755615234375,1592.2242431640625,1740.46142578125,736.823486328125,2573.318359375,968.775634765625,413.576171875,478.0055236816406,145.54534912109375,2791.382568359375,453.575439453125,114.53032684326172,1832.646484375,584.3272094726562,2014.0960693359375,741.7495727539062,471.8518371582031,605.3162841796875,598.48974609375,1951.7608642578125,201.6795196533203,1861.756103515625,514.592041015625,1305.8734130859375,645.8133544921875,170.108154296875,256.04852294921875,338.2070617675781,1175.4920654296875,1746.852783203125,540.7904052734375,7143.34033203125,721.4393310546875,94.45845794677734,83.99821472167969,77.42948913574219,704.01025390625,984.34375,288.2285461425781,425.0547180175781,360.17742919921875,40.71805191040039,1884.8935546875,615.5459594726562,1166.055908203125,193.81044006347656,4351.8330078125,553.3164672851562,115.26998901367188
2020-01-20,224.3095703125,363.3571472167969,1602.9959716796875,1758.24609375,724.1763305664062,2561.4345703125,954.5904541015625,405.8406982421875,486.2742004394531,146.5874786376953,2778.875,453.43377685546875,110.81179809570312,1821.7181396484375,589.1895141601562,2020.9915771484375,746.1425170898438,464.3265380859375,594.3053588867188,589.2314453125,1921.2196044921875,199.03909301757812,1864.0604248046875,517.30029296875,1286.26953125,646.318115234375,171.49058532714844,254.17506408691406,322.2337646484375,1180.359130859375,1740.929931640625,538.7955932617188,7076.32568359375,720.4019165039062,92.15937042236328,82.32360076904297,80.27327728271484,682.3466796875,969.6726684570312,284.6030578613281,420.2394104003906,362.8766784667969,40.3398551940918,1843.485595703125,615.3483276367188,1165.1728515625,191.55113220214844,4333.3076171875,548.949951171875,113.84689331054688
2020-01-21,222.03231811523438,363.2615966796875,1599.7001953125,1722.1065673828125,714.6162109375,2555.946044921875,950.75634765625,404.4724426269531,489.1897277832031,148.73583984375,2779.589599609375,447.05938720703125,111.36270904541016,1801.3056640625,589.3533325195312,1991.8050537109375,745.0322265625,460.2288818359375,589.3089599609375,592.9248046875,1907.7784423828125,196.97476196289062,1857.328125,513.625,1290.5185546875,641.313720703125,169.04476928710938,250.33460998535156,323.66778564453125,1173.824462890625,1752.7296142578125,525.11669921875,6936.73779296875,714.023681640625,91.30207061767578,82.2231216430664,78.68467712402344,683.0369262695312,961.0281372070312,284.33111572265625,418.3226013183594,365.38641357421875,39.147705078125,1844.0802001953125,615.90185546875,1153.7452392578125,188.01478576660156,4348.72900390625,542.4708862304688,113.43374633789062
2020-01-22,223.66598510742188,366.75128173828125,1607.8157958984375,1692.1484375,709.636962890625,2538.90380859375,952.072509765625,404.82427978515625,491.8184814453125,146.04237365722656,2775.2119140625,445.3595886230469,105.71605682373047,1786.2371826171875,589.661376953125,1995.9150390625,765.5491943359375,465.42974853515625,587.6514892578125,603.5128173828125,1908.056884765625,195.48654174804688,1853.98486328125,505.6939697265625,1281.875732421875,647.789794921875,168.76116943359375,249.02320861816406,315.78076171875,1166.47900390625,1766.87109375,525.8765258789062,6778.05908203125,726.5441284179688,87.40526580810547,77.96963500976562,78.46894073486328,682.7919921875,969.8703002929688,286.5517578125,417.2940979003906,364.6761169433594,39.05726623535156,1874.530517578125,615.7832641601562,1155.1676025390625,182.3173828125,4342.328125,528.6203002929688,112.85993194580078
2020-01-23,227.3293914794922,368.9024353027344,1659.4114990234375,1689.1524658203125,719.9937744140625,2529.660888671875,950.746337890625,403.22149658203125,500.56512451171875,150.3872528076172,2781.108642578125,439.2684326171875,105.08255767822266,1826.965576171875,585.0589599609375,1978.486328125,780.9973754882812,471.9700927734375,589.5457153320312,606.7138671875,1932.4736328125,196.4467010498047,1858.6834716796875,510.3849182128906,1286.124755859375,659.6909790039062,168.65484619140625,249.77259826660156,319.8338623046875,1200.819091796875,1777.1553955078125,538.1306762695312,6788.982421875,726.5513305664062,88.45738983154297,78.90741729736328,79.2142105102539,679.8975219726562,974.0692138671875,292.9416809082031,420.6133728027344,372.4422912597656,39.484798431396484,1865.208740234375,608.0341186523438,1181.1126708984375,185.06785583496094,4390.291015625,509.1357116699219,114.16824340820312
2020-01-24,227.47792053222656,367.8507385253906,1641.507568359375,1699.32861328125,734.3339233398438,2537.047119140625,960.67333984375,409.93560791015625,501.138671875,149.45733642578125,2852.178466796875,433.3189392089844,106.84539794921875,1839.531005859375,583.7590942382812,1979.909912109375,793.6453857421875,480.46942138671875,589.4037475585938,598.0957641601562,1963.4124755859375,197.21482849121094,1873.8646240234375,516.3330688476562,1270.9630126953125,658.3453369140625,168.8320770263672,254.69027709960938,327.22296142578125,1225.064208984375,1800.5250244140625,539.3180541992188,6771.2666015625,736.20751953125,89.43159484863281,79.27582550048828,77.25297546386719,677.5374755859375,987.7521362304688,293.7121276855469,418.69659423828125,364.2499694824219,39.743778228759766,1858.781494140625,622.5439453125,1204.4093017578125,183.20144653320312,4503.14208984375,510.1685791015625,114.12214660644531
2020-01-27,228.27000427246094,364.5044860839844,1668.412353515625,1700.802734375,737.1720581054688,2544.020751953125,953.0797119140625,406.989013671875,491.7229309082031,149.98641967773438,2835.828857421875,438.6073913574219,106.51487731933594,1847.08935546875,614.0601196289062,1995.461181640625,785.0524291992188,477.8207702636719,574.5567626953125,590.65966796875,1953.1524658203125,190.3497314453125,1862.705078125,519.6215209960938,1227.60302734375,654.4342651367188,166.3153839111328,246.16624450683594,322.32342529296875,1215.5101318359375,1788.8172607421875,549.3397216796875,6790.59716796875,732.027587890625,88.18462371826172,78.53899383544922,75.70361328125,670.8580322265625,980.1943969726562,286.5970764160156,419.25762939453125,362.1663513183594,38.02132797241211,1846.7349853515625,625.864990234375,1190.6275634765625,178.9774932861328,4536.314453125,504.4875183105469,113.08509826660156
2020-01-28,227.6264190673828,356.56903076171875,1650.4105224609375,1692.0059814453125,734.0848999023438,2526.112060546875,960.4291381835938,411.74365234375,469.5934753417969,154.21908569335938,2842.127685546875,438.84344482421875,104.20109558105469,1874.434326171875,614.1371459960938,1994.65234375,780.9973754882812,475.5279541015625,579.2926025390625,594.6484985351562,1963.571533203125,188.1894073486328,1862.0272216796875,510.86846923828125,1211.7171630859375,654.3502807617188,163.58596801757812,239.09413146972656,323.8570251464844,1213.7529296875,1788.8631591796875,543.8302001953125,6646.45068359375,720.3739624023438,87.32732391357422,78.10359954833984,74.70337677001953,655.36181640625,975.9462280273438,285.60003662109375,423.4651184082031,360.5562744140625,36.68941116333008,1859.07958984375,628.0396118164062,1172.186279296875,172.9853973388672,4470.455078125,504.2057800292969,112.48591613769531
2020-01-29,230.00270080566406,366.51226806640625,1660.4932861328125,1708.9818115234375,732.1928100585938,2551.65478515625,986.6503295898438,431.8764343261719,468.63751220703125,153.60983276367188,2871.56494140625,435.8687438964844,105.247802734375,1888.444091796875,606.2609252929688,1910.0482177734375,774.625,481.3785400390625,585.2835083007812,595.928955078125,1977.489990234375,189.86968994140625,1874.31640625,509.3210144042969,1215.09716796875,664.1907958984375,167.7686767578125,244.71438598632812,326.7250061035156,1230.9227294921875,1798.3214111328125,548.8171997070312,6659.037109375,741.40576171875,88.22358703613281,78.80693054199219,75.46826171875,658.9686279296875,995.6558227539062,286.82366943359375,420.8471984863281,363.1607971191406,37.17860794067383,1834.2635498046875,635.8677978515625,1163.554443359375,184.72402954101562,4430.833984375,509.0887756347656,113.73037719726562
2020-01-30,229.2106170654297,361.397216796875,1663.247802734375,1716.6376953125,727.8609008789062,2595.931396484375,961.2617797851562,426.5304870605469,468.2073669433594,150.5956573486328,2868.43798828125,425.9057312011719,103.54002380371094,1886.373779296875,607.5319213867188,1924.0528564453125,763.9560546875,480.58807373046875,580.6423950195312,591.3983154296875,1974.26904296875,185.74102783203125,1859.7681884765625,514.7372436523438,1189.2645263671875,656.62109375,165.9254608154297,240.68653869628906,324.295166015625,1234.9786376953125,1790.4244384765625,539.4129638671875,6668.67822265625,725.240478515625,88.57430267333984,77.43376159667969,76.25274658203125,642.8936157226562,986.2208251953125,281.6119689941406,413.3670654296875,361.40869140625,36.878509521484375,1820.004150390625,625.7465209960938,1156.7369384765625,182.90675354003906,4351.10546875,510.9666748046875,110.94184875488281
2020-01-31,227.18089294433594,353.1749572753906,1633.146240234375,1707.7454833984375,726.2675170898438,2624.44482421875,941.4923706054688,426.68682861328125,474.5642395019531,146.52334594726562,2859.504150390625,422.03387451171875,100.09696197509766,1879.7781982421875,599.76171875,1919.228515625,752.0321044921875,467.5821228027344,580.7608032226562,590.1671142578125,1989.81787109375,181.80441284179688,1838.2164306640625,508.40216064453125,1215.6767578125,652.6259765625,166.70529174804688,234.83213806152344,336.94232177734375,1234.1676025390625,1781.6549072265625,538.7481079101562,6567.087890625,717.7010498046875,87.9508056640625,72.97930145263672,73.2912826538086,628.5996704101562,982.1209106445312,288.6363830566406,406.0740661621094,363.11346435546875,36.06867218017578,1769.94580078125,629.897705078125,1165.07470703125,173.47654724121094,4283.30810546875,494.43994140625,109.14430236816406
2020-02-03,218.7154541015625,351.2149963378906,1668.21533203125,1776.220947265625,706.0021362304688,2710.645751953125,906.0670166015625,426.04669189453125,487.564697265625,147.5975341796875,2885.7255859375,419.81463623046875,98.41675567626953,1899.4686279296875,605.4714965820312,1880.837890625,753.4804077148438,457.8572692871094,564.8955688476562,556.7781372070312,1889.8431396484375,174.55526733398438,1968.9718017578125,498.633544921875,1219.78076171875,645.4349365234375,147.1742401123047,235.5814971923828,333.8552551269531,1159.6741943359375,1796.3470458984375,530.7213134765625,6659.98681640625,761.6968994140625,85.92448425292969,69.295166015625,73.4874038696289,616.9551391601562,901.6524658203125,270.19158935546875,390.41259765625,358.80419921875,35.85079574584961,1789.9093017578125,627.1697998046875,1163.7506103515625,160.9520721435547,4239.22412109375,481.998046875,109.42082214355469
2020-02-04,223.22042846679688,356.1387634277344,1643.8193359375,1798.71337890625,712.0270385742188,2610.208740234375,950.8161010742188,441.6740417480469,496.0245361328125,153.4334716796875,2887.91455078125,423.4976501464844,100.53767395019531,1888.444091796875,624.28564453125,1845.7628173828125,766.3215942382812,463.7079772949219,582.4182739257812,564.4605102539062,1958.163330078125,181.70840454101562,1947.872314453125,513.3831176757812,1229.00341796875,662.634765625,152.88111877441406,241.99790954589844,338.24688720703125,1164.270751953125,1782.022216796875,548.009765625,6838.85205078125,768.9209594726562,87.2883529663086,71.103759765625,76.23313903808594,635.1676635742188,900.6150512695312,277.57855224609375,397.9861755371094,359.7986145019531,37.1539421081543,1794.3787841796875,641.3634643554688,1251.4439697265625,162.76931762695312,4339.708984375,490.7308654785156,110.73444366455078
2020-02-05,233.9136505126953,350.4979553222656,1630.441162109375,1781.7845458984375,721.0394287109375,2609.1357421875,956.4502563476562,442.5486755371094,509.83746337890625,160.87266540527344,2908.864501953125,422.647705078125,98.74728393554688,1889.7437744140625,603.3916625976562,1843.3411865234375,772.3077392578125,470.90277099609375,589.4510498046875,574.6544799804688,1887.5369873046875,188.47744750976562,1952.119384765625,521.4108276367188,1229.1480712890625,659.8591918945312,153.44825744628906,252.20799255371094,336.54400634765625,1180.7646484375,1767.3758544921875,555.086669921875,6688.10400390625,765.614990234375,86.66487121582031,71.53914642333984,74.27190399169922,645.0087280273438,899.57763671875,281.88385009765625,398.5472106933594,373.7208557128906,39.05726623535156,1827.410400390625,643.6959838867188,1255.4163818359375,180.50009155273438,4337.3330078125,504.67535400390625,111.65626525878906
2020-02-06,234.16116333007812,353.9398498535156,1618.2431640625,1765.90185546875,733.8858032226562,2599.479736328125,959.2723388671875,456.0503234863281,522.6945190429688,158.7403106689453,2905.5146484375,415.187255859375,99.13290405273438,1947.8519287109375,608.321533203125,1928.86767578125,773.3698120117188,474.144287109375,587.1541137695312,584.7008666992188,1917.7999267578125,186.2691192626953,1948.5947265625,523.8287353515625,1288.49072265625,648.7570190429688,151.39236450195312,258.95233154296875,333.4071044921875,1187.569580078125,1757.412841796875,551.0970458984375,6669.77099609375,760.9470825195312,87.2883529663086,71.840576171875,75.66439056396484,649.14990234375,908.4197998046875,291.8087158203125,402.66119384765625,371.3057556152344,39.26691818237305,1811.9156494140625,646.582275390625,1235.259033203125,175.686767578125,4330.64013671875,504.11187744140625,112.3015365600586
2020-02-07,237.13150024414062,353.318359375,1636.04833984375,1767.709228515625,745.0392456054688,2587.14208984375,959.63134765625,454.8727111816406,515.6685791015625,157.56991577148438,2904.79931640625,418.5397644042969,101.94245910644531,2008.4635009765625,609.81396484375,1866.9185791015625,760.4802856445312,480.46942138671875,588.2907104492188,586.7199096679688,1943.3701171875,189.53363037109375,1951.8033447265625,518.8477783203125,1254.2564697265625,653.761474609375,151.28604125976562,261.62188720703125,329.2345275878906,1170.8052978515625,1785.6951904296875,540.6004028320312,6622.4189453125,762.9492797851562,90.09407043457031,73.18025970458984,74.68377685546875,638.3961791992188,935.8848876953125,290.5397644042969,402.8014831542969,375.7096862792969,38.72428512573242,1818.8968505859375,651.9197387695312,1250.6591796875,170.5296173095703,4337.3330078125,509.980712890625,112.43981170654297
2020-02-10,242.08204650878906,352.0754699707031,1638.5565185546875,1777.9803466796875,738.0184936523438,2561.104248046875,960.0003051757812,461.4646301269531,514.9515991210938,155.6620330810547,2819.212158203125,420.0035095214844,98.52693176269531,2011.3521728515625,606.4246215820312,1802.68505859375,731.4185791015625,478.2557067871094,587.3909912109375,579.1852416992188,1897.43896484375,183.24464416503906,1951.2156982421875,516.4298095703125,1231.2242431640625,650.3131103515625,149.2655792236328,260.310546875,332.4709777832031,1158.4573974609375,1790.791748046875,501.93865966796875,6547.51953125,755.6785888671875,88.45738983154297,71.13723754882812,73.19320678710938,639.264404296875,941.3185424804688,288.6817626953125,392.98388671875,371.5425109863281,36.48798370361328,1840.5203857421875,643.3798217773438,1233.198974609375,165.91273498535156,4281.02880859375,539.0902709960938,111.03402709960938
2020-02-11,242.87413024902344,357.76409912109375,1670.2811279296875,1786.159423828125,746.8317260742188,2595.8896484375,970.4309692382812,464.16204833984375,510.7455749511719,154.235107421875,2800.539794921875,425.5279846191406,98.8023910522461,2067.149658203125,614.5318603515625,1798.14453125,733.1082153320312,482.80181884765625,587.5330200195312,574.703857421875,1905.9891357421875,185.9330596923828,1945.2069091796875,522.0394897460938,1248.3172607421875,650.6075439453125,150.71885681152344,270.47381591796875,334.0942077636719,1159.8994140625,1833.2608642578125,497.8063659667969,6681.31201171875,747.4989013671875,91.0682601928711,71.53914642333984,74.33073425292969,646.9012451171875,928.42578125,293.9840393066406,391.3476257324219,369.9324951171875,36.51264953613281,1833.241455078125,648.3614501953125,1246.441162109375,166.74771118164062,4332.14404296875,541.4849243164062,111.19535064697266
2020-02-12,247.2306365966797,357.66851806640625,1656.1650390625,1800.9957275390625,752.1096801757812,2596.591552734375,974.4447021484375,466.0531921386719,515.8119506835938,152.23101806640625,2802.416015625,421.9394226074219,99.32571411132812,2042.98193359375,615.3984985351562,1823.5523681640625,729.2944946289062,485.5293884277344,591.5111694335938,569.63134765625,1927.1446533203125,185.9330596923828,2042.5281982421875,531.276123046875,1233.59033203125,656.9154663085938,151.0378875732422,275.1104736328125,341.5531005859375,1169.2730712890625,1853.784423828125,504.4084167480469,6690.38330078125,761.5426635742188,91.02928924560547,71.47216033935547,74.27190399169922,654.7161254882812,921.6089477539062,290.2225341796875,387.6543884277344,374.24169921875,36.82917785644531,1848.0120849609375,649.5870361328125,1244.773681640625,167.9264678955078,4319.826171875,538.9025268554688,112.67027282714844
2020-02-13,248.9633026123047,352.8881530761719,1667.8709716796875,1782.3076171875,744.690673828125,2588.4208984375,968.9949340820312,468.6577453613281,516.1466064453125,150.3872528076172,2800.986328125,418.7286071777344,97.94849395751953,2075.71875,640.2208251953125,1830.878662109375,726.3014526367188,484.2250671386719,587.9119262695312,568.4988403320312,1915.9307861328125,187.46929931640625,2063.3564453125,523.2484130859375,1188.540283203125,666.33544921875,150.2226104736328,274.7826232910156,336.5539855957031,1164.721435546875,1855.161376953125,506.8781433105469,6654.05029296875,766.8931274414062,89.74335479736328,70.56786346435547,74.74260711669922,656.4304809570312,916.372802734375,296.7938537597656,391.7215881347656,371.779296875,36.278324127197266,1866.0596923828125,654.7267456054688,1273.3179931640625,166.5021209716797,4316.67333984375,543.456787109375,112.3476333618164
2020-02-14,253.61683654785156,350.7369384765625,1676.626220703125,1785.1607666015625,733.4376220703125,2596.673828125,966.3324584960938,467.3285827636719,540.0922241210938,152.77615356445312,2766.546142578125,422.2227478027344,96.26827239990234,2066.71630859375,636.3115844726562,1769.2274169921875,717.4188232421875,491.4988708496094,577.4693603515625,565.2977294921875,1874.2152099609375,186.2691192626953,2037.7386474609375,527.8909301757812,1135.66796875,661.4572143554688,147.24510192871094,270.84844970703125,334.7913513183594,1167.335205078125,1866.364501953125,496.80902099609375,6567.3720703125,764.2879638671875,87.83390808105469,69.19469451904297,72.21260070800781,662.4197387695312,903.2330932617188,289.4974365234375,391.3476257324219,375.89910888671875,35.72746658325195,1859.46240234375,659.58984375,1268.7568359375,166.1092071533203,4301.009765625,555.5701293945312,111.95585632324219
2020-02-17,250.0029754638672,346.8648376464844,1687.1024169921875,1789.2979736328125,735.3297729492188,2538.244140625,950.2127685546875,466.8301696777344,539.9488525390625,148.0304718017578,2755.334228515625,407.8684997558594,92.4671401977539,2074.803955078125,634.6266479492188,1753.3687744140625,711.963623046875,485.0155944824219,576.4274291992188,557.369140625,1867.54931640625,182.6685333251953,2035.524658203125,523.8287353515625,1132.7225341796875,663.98046875,145.18922424316406,269.9117431640625,336.8128662109375,1153.860595703125,1828.072998046875,496.571533203125,6560.67578125,775.128662109375,85.96345520019531,66.95072937011719,72.01648712158203,658.2562866210938,903.3812866210938,284.7843017578125,384.614013671875,360.88775634765625,35.91657257080078,1875.68017578125,658.8780517578125,1290.9254150390625,166.1092071533203,4316.04296875,558.7157592773438,112.37068176269531
2020-02-18,246.98309326171875,350.4979553222656,1745.97705078125,1772.41650390625,730.5995483398438,2543.938232421875,950.2776489257812,465.0074768066406,524.0806274414062,150.94837951660156,2739.5654296875,411.7403869628906,94.67069244384766,2094.446533203125,626.1151123046875,1774.6004638671875,698.9293823242188,479.95562744140625,574.5803833007812,554.118896484375,1842.439697265625,177.00367736816406,2019.0784912109375,523.4419555664062,1101.57861328125,670.877197265625,144.5157012939453,266.77374267578125,336.79296875,1159.4036865234375,1802.177978515625,496.99908447265625,6441.32177734375,766.5029296875,85.41790008544922,66.51533508300781,72.56562805175781,653.4246826171875,905.0113525390625,287.8206481933594,384.8494567871094,361.7875061035156,35.46848678588867,1886.3218994140625,663.2667846679688,1285.9716796875,158.74185180664062,4341.1162109375,549.5135498046875,112.48591613769531
2020-02-19,251.48809814453125,354.9914855957031,1751.4859619140625,1792.6265869140625,737.9686889648438,2550.87060546875,973.12841796875,476.74017333984375,519.4444580078125,152.487548828125,2753.68115234375,422.6004943847656,97.92096710205078,2104.652587890625,631.27587890625,1785.4644775390625,731.0323486328125,478.92779541015625,581.1868896484375,570.3700561523438,1841.5810546875,180.60421752929688,2071.263671875,526.9237670898438,1102.9791259765625,673.2322387695312,146.53616333007812,263.0738220214844,338.8045654296875,1154.942138671875,1805.208251953125,500.0387878417969,6418.048828125,784.315185546875,87.32732391357422,68.1229476928711,73.5462417602539,669.6334228515625,926.8944702148438,290.3585510253906,380.0465393066406,362.8766784667969,35.61648178100586,1869.8062744140625,664.9273071289062,1304.2166748046875,155.25462341308594,4338.59375,549.5135498046875,114.12214660644531
2020-02-20,256.09210205078125,354.561279296875,1771.3568115234375,1752.0643310546875,741.2052001953125,2529.90869140625,968.2471313476562,476.9747619628906,521.5474853515625,151.26904296875,2733.26708984375,411.50421142578125,98.8023910522461,2088.765380859375,626.8756713867188,1782.952880859375,725.3841552734375,480.7461242675781,576.4037475585938,564.8544921875,1832.298095703125,182.38050842285156,2031.5938720703125,529.0516357421875,1141.6552734375,670.33056640625,147.06788635253906,263.9636535644531,335.78717041015625,1154.22119140625,1841.9844970703125,498.5663757324219,6418.99951171875,772.8413696289062,86.78177642822266,68.85977935791016,74.23267364501953,661.6849365234375,917.558349609375,296.9751281738281,381.364990234375,360.36688232421875,36.46742630004883,1836.1361083984375,655.9920654296875,1297.595703125,155.69668579101562,4294.94677734375,548.7152709960938,113.24641418457031
2020-02-24,244.8048553466797,346.3390197753906,1768.15966796875,1729.90478515625,722.4335327148438,2459.759765625,944.03515625,469.49822998046875,506.53955078125,148.9923858642578,2712.539794921875,406.2158508300781,96.32335662841797,2080.196044921875,611.6626586914062,1697.942138671875,699.894775390625,470.54693603515625,573.0175170898438,552.345947265625,1786.45458984375,171.91485595703125,2001.683837890625,512.46435546875,1130.115234375,669.36328125,143.9131317138672,242.55996704101562,334.2535705566406,1135.3836669921875,1835.8321533203125,487.4997863769531,6146.18994140625,763.390869140625,85.49584197998047,65.67800903320312,72.99708557128906,643.4279174804688,905.5547485351562,292.7151184082031,374.6784973144531,349.57012939453125,34.15711975097656,1800.84912109375,648.4800415039062,1255.465576171875,147.98550415039062,4262.841796875,538.2921752929688,112.55504608154297
2020-02-25,244.0127716064453,342.6580810546875,1764.4639892578125,1736.704833984375,725.7197875976562,2432.442626953125,949.8287963867188,471.6483154296875,511.6537780761719,146.459228515625,2710.1728515625,402.10791015625,96.46109008789062,2052.598388671875,594.44677734375,1658.4351806640625,695.5499877929688,460.5058288574219,568.4474487304688,560.9148559570312,1786.4136962890625,167.49818420410156,2018.35595703125,513.5281982421875,1114.2777099609375,671.508056640625,143.06240844726562,245.97894287109375,333.7655944824219,1119.4754638671875,1834.2711181640625,483.4626159667969,6093.13818359375,765.4117431640625,85.80757904052734,65.34310150146484,73.0167007446289,630.71484375,890.3403930664062,296.20465087890625,366.249755859375,349.475341796875,34.638092041015625,1835.5826416015625,650.0614624023438,1236.0435791015625,147.248779296875,4213.3759765625,531.8128662109375,112.50896453857422
2020-02-26,240.3988800048828,342.6580810546875,1741.5517578125,1737.22802734375,726.3671264648438,2431.7822265625,936.0676879882812,470.08953857421875,512.3229370117188,143.91001892089844,2717.14111328125,398.708251953125,95.74493408203125,2077.916748046875,592.2225952148438,1622.9296875,678.5572509765625,461.41510009765625,567.9501953125,548.6525268554688,1752.3890380859375,163.12950134277344,2020.705078125,506.5161437988281,1096.07421875,658.3453369140625,140.79380798339844,244.29281616210938,331.9132995605469,1091.6248779296875,1835.0516357421875,477.8105773925781,5922.4423828125,758.8536376953125,85.0282211303711,64.17088317871094,72.89903259277344,619.849609375,880.6090698242188,297.4736022949219,352.87677001953125,346.3026428222656,34.22700881958008,1807.8720703125,641.6402587890625,1231.1390380859375,141.993408203125,4210.951171875,528.667236328125,110.57311248779297
2020-02-27,231.83441162109375,338.16455078125,1769.3424072265625,1753.5384521484375,732.790283203125,2423.529541015625,938.1616821289062,465.18341064453125,508.21246337890625,142.38690185546875,2703.471923828125,397.763916015625,95.91020965576172,2091.93359375,590.6242065429688,1613.134521484375,688.260498046875,453.0740051269531,568.044921875,558.1571655273438,1725.970947265625,161.64125061035156,2037.6483154296875,498.4400939941406,1077.291259765625,654.2239990234375,140.04945373535156,236.14352416992188,335.1498107910156,1090.9039306640625,1823.8486328125,468.78631591796875,5974.63916015625,759.956298828125,84.9892578125,62.52976989746094,73.13438415527344,617.2891235351562,894.4403076171875,291.8087158203125,365.87298583984375,344.07696533203125,33.93924331665039,1792.4632568359375,639.8214721679688,1253.5040283203125,142.6810302734375,4191.69775390625,517.2581176757812,106.74755096435547
2020-02-28,216.48768615722656,327.169677734375,1710.607421875,1709.932861328125,694.4005737304688,2385.071044921875,902.536865234375,436.4551086425781,500.4217224121094,136.71128845214844,2653.575439453125,379.72662353515625,92.7701187133789,2043.8199462890625,563.6739501953125,1570.4683837890625,663.4953002929688,422.47625732421875,557.720703125,535.897705078125,1678.1239013671875,149.6873779296875,1965.1768798828125,480.9339904785156,1066.185546875,615.4088134765625,140.04945373535156,220.78152465820312,322.7217712402344,1070.35400390625,1754.0152587890625,434.16168212890625,5968.275390625,737.2984008789062,83.04084777832031,61.59198760986328,71.19275665283203,591.6402587890625,879.6705322265625,274.6328430175781,351.181640625,327.83441162109375,31.386404037475586,1702.7762451171875,588.62158203125,1230.550537109375,126.6693115234375,4092.716064453125,488.00775146484375,102.06926727294922
2020-03-02,216.4381866455078,325.6877136230469,1703.462646484375,1699.32861328125,681.3551025390625,2304.358154296875,888.9500732421875,426.18353271484375,495.498779296875,132.2221221923828,2634.724853515625,379.5849609375,93.29348754882812,2046.0509033203125,559.5240478515625,1609.3509521484375,645.3919677734375,434.6125183105469,558.6441040039062,546.1409301757812,1615.7181396484375,143.78245544433594,1951.3511962890625,489.4936218261719,1042.236083984375,623.2727661132812,138.45431518554688,220.12583923339844,318.469482421875,1046.334228515625,1750.89306640625,435.3490905761719,5970.22216796875,752.7696533203125,80.97554779052734,59.682945251464844,71.97725677490234,586.0740356445312,883.3753662109375,260.49334716796875,347.9795837402344,320.8733215332031,29.9311580657959,1703.75537109375,596.7567138671875,1220.3980712890625,123.1821060180664,4017.158935546875,482.98394775390625,101.76968383789062
2020-03-03,223.5174560546875,332.0456237792969,1700.65380859375,1719.28564453125,684.2927856445312,2321.6484375,894.3529052734375,436.3073425292969,497.84075927734375,136.27841186523438,2703.8740234375,401.6357727050781,98.16885375976562,2117.68798828125,586.1277465820312,1692.124755859375,675.9020385742188,446.7488098144531,559.6860961914062,555.0052490234375,1680.659423828125,152.95187377929688,1957.8575439453125,497.8597717285156,1070.0484619140625,628.277099609375,137.42640686035156,230.85113525390625,323.9068298339844,1064.720703125,1800.800537109375,442.9009704589844,6066.06591796875,764.4258422851562,84.87235260009766,62.52976989746094,75.19367218017578,597.96337890625,889.0066528320312,262.7139587402344,370.62890625,336.500244140625,31.863264083862305,1733.4664306640625,602.9683837890625,1223.193603515625,128.0445556640625,4170.6015625,489.7449035644531,103.1063232421875
2020-03-04,218.91346740722656,330.7550048828125,1729.7752685546875,1764.546142578125,679.3634033203125,2338.24853515625,877.9946899414062,419.88006591796875,493.9693298339844,134.25828552246094,2736.528076171875,422.7421569824219,98.11376953125,2109.636962890625,610.7094116210938,1632.12890625,665.7159423828125,445.20709228515625,544.0813598632812,560.0283813476562,1673.707275390625,154.20008850097656,1966.1708984375,491.6698303222656,1029.39208984375,638.1597900390625,132.9246826171875,230.05496215820312,320.2520751953125,1060.5296630859375,1742.536865234375,450.8802795410156,6064.451171875,772.934814453125,84.13194274902344,62.161346435546875,77.29219818115234,596.5607299804688,874.4343872070312,258.5899353027344,381.8358154296875,330.7230529785156,31.00820541381836,1773.478515625,618.1969604492188,1227.068115234375,123.96794891357422,4047.323974609375,480.4017028808594,105.48003387451172
2020-03-05,219.55703735351562,333.8143615722656,1702.1319580078125,1789.85009765625,675.081298828125,2331.478759765625,885.9967041015625,424.219482421875,503.671875,134.16209411621094,2793.794677734375,416.08441162109375,97.5904312133789,2157.120361328125,613.2321166992188,1681.42626953125,656.8333740234375,455.72259521484375,545.2653198242188,556.4334106445312,1688.0614013671875,149.30335998535156,2004.2589111328125,487.94610595703125,1038.1318359375,634.669189453125,133.31460571289062,231.50682067871094,328.89593505859375,1065.757080078125,1737.532470703125,455.2974548339844,6046.9736328125,774.5608520507812,84.05400848388672,62.02738571166992,76.86073303222656,583.8475341796875,873.792236328125,261.4903564453125,381.3179016113281,330.0600891113281,30.893098831176758,1809.106689453125,606.0140380859375,1235.11181640625,123.52590942382812,4079.088623046875,484.58026123046875,105.8718032836914
2020-03-06,212.6262664794922,326.40478515625,1664.38818359375,1792.7147216796875,654.91552734375,2358.556884765625,858.3888549804688,413.9487609863281,496.26348876953125,129.2560577392578,2752.921630859375,410.2293701171875,92.9629135131836,2172.931884765625,610.6323852539062,1678.4180908203125,642.1093139648438,447.6580505371094,537.4747924804688,539.88671875,1667.1231689453125,144.11851501464844,1977.962890625,470.39166259765625,979.9965209960938,621.506591796875,128.84832763671875,223.68533325195312,324.85284423828125,1044.53125,1742.399169921875,447.4131164550781,6122.96484375,767.6919555664062,81.94973754882812,59.28104019165039,74.76221466064453,565.9689331054688,843.6597290039062,245.17555236816406,377.55084228515625,326.2716979980469,28.899337768554688,1801.7852783203125,593.4305419921875,1218.8775634765625,112.18018341064453,4042.5224609375,482.2796936035156,103.03719329833984
2020-03-09,197.72508239746094,307.7612609863281,1617.0845947265625,1782.8795166015625,620.957275390625,2219.115234375,818.8677978515625,394.4505615234375,474.373046875,135.90968322753906,2677.072265625,402.43841552734375,87.0133056640625,2116.378662109375,589.5073852539062,1691.8739013671875,612.7096557617188,427.2991638183594,524.40380859375,509.8465270996094,1599.850830078125,137.7335205078125,1917.058349609375,442.7301330566406,872.1273193359375,592.48974609375,125.6227035522461,214.55247497558594,314.3168640136719,993.2015380859375,1717.9278564453125,440.0036926269531,5890.38330078125,749.0970458984375,80.19619750976562,49.93673324584961,70.97703552246094,496.1246032714844,815.3549194335938,229.72177124023438,370.4405517578125,312.6336669921875,26.498592376708984,1679.109619140625,564.8971557617188,1180.4749755859375,103.83052062988281,3974.142578125,481.7163391113281,98.81983184814453
2020-03-11,193.81414794921875,306.13592529296875,1605.60400390625,1797.8712158203125,616.7747192382812,2234.810302734375,823.5472412109375,394.8277282714844,472.03106689453125,129.67294311523438,2723.350341796875,393.8919982910156,92.54977416992188,2084.803955078125,577.8280029296875,1679.3687744140625,603.6822509765625,424.4132995605469,527.4821166992188,505.8082580566406,1665.282958984375,132.3086700439453,1947.329833984375,450.37091064453125,824.2766723632812,576.9720458984375,124.5238265991211,209.35372924804688,316.53753662109375,1006.7212524414062,1627.52490234375,428.9845886230469,5838.32958984375,749.9007568359375,80.3130874633789,48.027679443359375,71.15354919433594,513.6692504882812,799.2020263671875,222.1535186767578,363.4715881347656,310.5027160644531,24.644596099853516,1663.2322998046875,567.9027099609375,1164.9765625,97.15079498291016,3873.318115234375,485.4254455566406,98.22064208984375
2020-03-12,160.5464324951172,275.0155944824219,1486.113525390625,1760.1536865234375,540.9911499023438,2016.9385986328125,742.1353759765625,365.80328369140625,444.4529113769531,110.40153503417969,2511.033447265625,372.78558349609375,85.14027404785156,1855.535400390625,548.90380859375,1596.5194091796875,540.5382080078125,390.0601806640625,483.67523193359375,465.77105712890625,1559.896728515625,115.41002655029297,1857.8250732421875,411.68341064453125,757.73974609375,530.8816528320312,110.45154571533203,190.33859252929688,291.7909851074219,916.2294921875,1478.7666015625,402.1493225097656,5360.3896484375,727.3316650390625,73.53265380859375,41.865135192871094,65.15217590332031,473.3477478027344,742.6419067382812,192.69618225097656,334.13580322265625,287.393798828125,23.633329391479492,1506.71630859375,520.854736328125,1056.1939697265625,86.4435806274414,3553.33837890625,416.5484619140625,91.76786041259766
2020-03-13,147.27894592285156,279.8916320800781,1491.681640625,1716.56396484375,566.4349365234375,2032.633544921875,772.462158203125,387.1773681640625,470.1669921875,120.58235168457031,2468.999267578125,401.8717956542969,84.89236450195312,1903.891845703125,555.5859985351562,1671.6640625,584.08251953125,389.70440673828125,506.6442565917969,499.5047607421875,1540.8804931640625,122.3711166381836,1837.2677001953125,432.52630615234375,776.1846313476562,540.2594604492188,115.024169921875,201.29808044433594,292.7868347167969,947.6852416992188,1487.9033203125,407.3739013671875,5546.04736328125,700.52197265625,76.41629028320312,44.142601013183594,65.85820770263672,492.1836853027344,752.7683715820312,219.34371948242188,361.8235168457031,307.0932312011719,26.860347747802734,1537.746826171875,525.7439575195312,1063.648681640625,88.16263580322266,3674.967529296875,385.79559326171875,90.98431396484375
2020-03-16,133.36788940429688,252.6805877685547,1451.4246826171875,1607.4227294921875,506.4851989746094,2017.4993896484375,747.8775024414062,359.72015380859375,444.30950927734375,116.92686462402344,2420.2197265625,374.3437805175781,79.27326965332031,1835.2132568359375,544.3880615234375,1560.1907958984375,557.0000610351562,356.3395690917969,473.35101318359375,467.0515441894531,1458.7227783203125,111.04135131835938,1754.765869140625,389.6799011230469,641.3724365234375,490.4683532714844,104.39019775390625,174.22727966308594,275.5886535644531,873.1016845703125,1402.459228515625,372.17926025390625,5205.65283203125,672.7381591796875,70.76593017578125,40.29100799560547,64.23554229736328,452.2853698730469,722.734619140625,202.4397735595703,347.0849609375,284.4104309082031,23.81009292602539,1444.1866455078125,483.62506103515625,992.0423583984375,81.48289489746094,3412.26220703125,353.8220520019531,82.84917449951172
2020-03-17,132.0807647705078,258.23883056640625,1406.0428466796875,1653.4473876953125,486.3194274902344,1957.9110107421875,700.1747436523438,337.4448547363281,434.6547546386719,114.53800201416016,2399.671630859375,379.3960876464844,80.37506103515625,1838.5113525390625,535.5777587890625,1613.8629150390625,536.4830322265625,356.3000793457031,461.79547119140625,457.94091796875,1505.8743896484375,110.80131530761719,1810.9267578125,355.1996154785156,583.4301147460938,466.7502136230469,105.7371597290039,165.28170776367188,263.4394226074219,862.3311157226562,1368.8050537109375,354.70074462890625,5323.1552734375,679.4574584960938,68.66165161132812,40.19053268432617,65.88260650634766,448.8565979003906,678.7215576171875,195.0074462890625,348.5918273925781,268.83087158203125,23.246904373168945,1411.49560546875,477.2531433105469,981.889892578125,76.57132720947266,3366.09375,329.4545593261719,79.78411102294922
2020-03-18,128.91241455078125,251.7139434814453,1264.0833740234375,1545.1656494140625,471.48138427734375,1870.42626953125,629.6035766601562,299.878662109375,406.7898254394531,106.63385009765625,2235.241455078125,364.52239990234375,79.90679931640625,1751.159423828125,513.865478515625,1509.1529541015625,508.86968994140625,343.3335876464844,415.2891845703125,413.1268310546875,1375.0106201171875,104.84838104248047,1738.4102783203125,343.39990234375,444.9964294433594,449.3822021484375,106.83599853515625,153.94761657714844,233.41485595703125,815.282470703125,1263.9395751953125,329.0528564453125,5084.44677734375,632.5341796875,62.777462005615234,45.649749755859375,58.623321533203125,431.2674560546875,589.0651245117188,195.05276489257812,341.6227722167969,253.29864501953125,23.09069061279297,1408.430908203125,464.5894775390625,912.9811401367188,74.16466522216797,3204.2119140625,302.2229919433594,78.33224487304688
2020-03-19,127.62525939941406,249.7323455810547,1162.9725341796875,1528.9327392578125,426.4693298339844,1868.356689453125,577.2513427734375,268.99786376953125,425.1434020996094,96.27670288085938,2071.033935546875,357.5564270019531,74.20132446289062,1814.8909912109375,505.296142578125,1434.5303955078125,474.1114196777344,326.8884582519531,424.1215515136719,410.66455078125,1400.6109619140625,95.77496337890625,1661.1495361328125,327.4412841796875,428.8208923339844,458.8440856933594,114.7406005859375,152.96405029296875,241.16249084472656,759.8968505859375,1250.6707763671875,298.4653625488281,4578.0576171875,613.0723876953125,61.06288146972656,40.89386749267578,59.843379974365234,408.64654541015625,600.3771362304688,184.58407592773438,339.40966796875,237.4822540283203,22.350736618041992,1403.2427978515625,424.7949523925781,886.25146484375,71.65975952148438,3070.846923828125,278.6536560058594,74.82928466796875
2020-03-20,136.33824157714844,247.84738159179688,1343.168701171875,1664.284912109375,426.3697509765625,1933.6363525390625,621.9058227539062,289.15728759765625,442.2542724609375,101.92022705078125,2204.731689453125,374.8282775878906,79.75666809082031,1935.1270751953125,557.9257202148438,1494.7852783203125,511.1385498046875,351.75384521484375,418.10699462890625,411.79718017578125,1485.0587158203125,101.29582977294922,1853.98486328125,334.35675048828125,425.247802734375,492.1925354003906,124.4175033569336,164.62603759765625,251.4196319580078,779.3651123046875,1387.904541015625,306.4447326660156,4824.69873046875,660.9768676757812,63.32301712036133,48.46308517456055,63.95087432861328,453.2872619628906,625.8661499023438,190.2036590576172,343.9771728515625,250.22059631347656,24.480161666870117,1541.39306640625,461.9444580078125,887.6246948242188,75.9328384399414,3466.38427734375,281.8462829589844,82.59567260742188
2020-03-23,120.55313873291016,200.8685302734375,1141.833740234375,1430.8203125,307.3665771484375,1669.11181640625,461.06768798828125,221.9837646484375,389.39215087890625,91.09745025634766,1909.954345703125,358.0812683105469,76.78380584716797,1796.2662353515625,533.1129150390625,1306.72216796875,418.3052062988281,329.813720703125,365.3966979980469,337.13983154296875,1321.7244873046875,84.39718627929688,1689.5234375,274.6812744140625,324.9111328125,442.77984619140625,109.38815307617188,135.26028442382812,218.7361602783203,652.595458984375,1187.4024658203125,278.7070007324219,4008.882568359375,604.86474609375,59.54313278198242,43.462066650390625,62.22246551513672,393.6623840332031,532.7025146484375,164.59844970703125,305.6005554199219,214.515380859375,22.29318618774414,1431.8416748046875,390.49078369140625,785.6591796875,65.02914428710938,2962.99072265625,239.07403564453125,78.42440795898438
2020-03-24,129.9760284423828,224.01963806152344,1139.2222900390625,1456.0286865234375,301.8894958496094,1670.49169921875,448.7653503417969,242.36355590820312,386.23760986328125,88.89905548095703,2112.622314453125,360.18060302734375,76.78380584716797,1862.422607421875,550.3577270507812,1354.64013671875,386.2987060546875,349.5006408691406,363.5733947753906,385.40118408203125,1330.76220703125,85.21331024169922,1832.43310546875,286.7710876464844,301.6376647949219,496.0613098144531,106.1270751953125,137.7894287109375,229.62071228027344,646.974853515625,1273.260009765625,255.5289306640625,4261.6484375,629.8030395507812,60.43940734863281,44.97316360473633,59.90436553955078,420.090576171875,539.6675415039062,166.04864501953125,315.6302490234375,235.8721923828125,22.354848861694336,1460.5267333984375,403.5552062988281,800.5198974609375,67.33758544921875,2927.345458984375,246.0697021484375,81.2820816040039
2020-03-25,131.92044067382812,247.07408142089844,1166.5694580078125,1521.24609375,325.44110107421875,1678.7701416015625,481.9457092285156,253.2759246826172,410.183349609375,92.5855712890625,2190.079833984375,359.22637939453125,74.77186584472656,1870.2801513671875,562.6918334960938,1384.0145263671875,435.78082275390625,361.7950134277344,405.746337890625,427.7529602050781,1363.968994140625,90.78218078613281,1886.9222412109375,306.501708984375,290.96661376953125,509.85491943359375,104.46107482910156,142.1919403076172,256.95648193359375,699.8460083007812,1305.5828857421875,263.93572998046875,4755.11865234375,674.9295043945312,62.11501693725586,44.28956604003906,61.10409927368164,481.9197082519531,580.7662353515625,172.1213836669922,327.4022216796875,262.4853515625,23.579883575439453,1500.9600830078125,422.1500549316406,863.9847412109375,69.00752258300781,3131.515869140625,274.94451904296875,80.4985122680664
2020-03-26,139.84762573242188,239.92091369628906,1198.20361328125,1543.9720458984375,339.9804382324219,1816.831787109375,513.569580078125,273.66064453125,449.9493713378906,95.47727966308594,2312.5205078125,368.4825744628906,74.02115631103516,1826.8709716796875,567.8046875,1407.0247802734375,455.1392517089844,353.9676818847656,426.7499694824219,470.25250244140625,1473.7720947265625,90.78218078613281,1983.3851318359375,319.4136962890625,420.9504089355469,540.8062133789062,110.87691497802734,140.3185272216797,273.4476013183594,765.8778076171875,1311.505615234375,271.20263671875,4633.580078125,697.1505126953125,62.46795654296875,46.59220504760742,64.3982162475586,474.772705078125,610.701171875,174.70455932617188,318.5967712402344,264.28485107421875,23.386676788330078,1535.8189697265625,412.9327087402344,910.5779418945312,69.54779052734375,3132.04931640625,293.4901428222656,84.16278839111328
2020-03-27,127.63277435302734,242.91751098632812,1150.0626220703125,1531.74951171875,358.2541198730469,1770.7822265625,487.96221923828125,249.0343780517578,429.15826416015625,94.2766342163086,2259.630859375,388.99884033203125,79.09601593017578,1806.74267578125,561.6326904296875,1365.25146484375,445.0013732910156,340.48736572265625,428.33648681640625,434.35198974609375,1358.693359375,87.90174102783203,1934.272705078125,328.69873046875,397.0009460449219,548.964599609375,115.69763946533203,141.86407470703125,278.65582275390625,765.0096435546875,1279.91748046875,279.7519226074219,4413.2998046875,705.9798583984375,65.09528350830078,46.376319885253906,65.06925201416016,474.50555419921875,595.5855102539062,177.60499572753906,318.5497131347656,269.6831970214844,22.794708251953125,1564.58984375,404.0361328125,919.1608276367188,69.44955444335938,3049.072021484375,302.5516357421875,84.57759857177734
2020-03-30,128.33074951171875,243.25582885742188,1082.310546875,1522.964599609375,366.61920166015625,1713.220703125,465.0687255859375,219.62791442871094,412.0473327636719,92.92378234863281,2210.047119140625,411.9962158203125,79.96685791015625,1837.1533203125,576.6050415039062,1271.179443359375,434.9601745605469,331.2764587402344,393.85931396484375,406.2816162109375,1270.6060791015625,85.2613296508789,1973.8519287109375,303.1166076660156,399.2220458984375,527.0968017578125,112.86192321777344,133.38687133789062,257.6635437011719,729.9144897460938,1234.0960693359375,260.65850830078125,4111.56591796875,731.681884765625,64.11492919921875,45.58479690551758,63.3001708984375,458.85345458984375,614.5047607421875,169.40223693847656,313.32293701171875,266.5104675292969,20.887271881103516,1525.1427001953125,422.2301330566406,925.6348876953125,66.94465637207031,2993.106689453125,289.64019775390625,84.877197265625
2020-03-31,137.2052459716797,242.91751098632812,1122.518310546875,1591.2855224609375,377.4241027832031,1743.96337890625,458.0893859863281,217.05165100097656,421.4631042480469,107.17942810058594,2402.30712890625,403.5034484863281,84.11084747314453,1929.452392578125,600.96533203125,1248.564697265625,459.6771240234375,345.0334777832031,408.18536376953125,434.6966857910156,1305.7344970703125,91.88636016845703,2077.001220703125,313.1269836425781,339.2518615722656,539.5445556640625,121.72357940673828,136.9932098388672,258.1315612792969,738.9166870117188,1312.056640625,270.68017578125,4073.427490234375,761.678466796875,66.03642272949219,49.14666748046875,64.70323181152344,495.94647216796875,633.2758178710938,178.42071533203125,331.78143310546875,279.24884033203125,22.16574478149414,1565.9615478515625,453.2481994628906,915.8748779296875,69.79337310791016,3147.277099609375,306.58941650390625,90.66165161132812
2020-04-01,133.56570434570312,236.6343536376953,1073.046875,1530.8424072265625,357.1587219238281,1768.755859375,449.1794738769531,217.39939880371094,402.7749938964844,102.46136474609375,2291.436279296875,394.81976318359375,83.75049591064453,1820.759765625,596.006591796875,1239.5740966796875,459.7253723144531,326.967529296875,392.9121398925781,423.4192810058594,1341.06787109375,87.99775695800781,1969.604248046875,300.9403991699219,330.51220703125,506.9954528808594,117.96622467041016,133.9489288330078,235.34677124023438,707.705810546875,1278.4481201171875,259.1861267089844,4033.57958984375,731.4903564453125,63.526729583740234,47.311767578125,62.87314987182617,481.1181640625,627.4468383789062,169.0850067138672,323.5409851074219,265.1845397949219,21.898542404174805,1465.328857421875,409.7267761230469,918.179931640625,66.74819946289062,3046.21044921875,287.10479736328125,87.34308624267578
2020-04-03,128.67974853515625,236.6343536376953,1172.2855224609375,1452.2569580078125,324.0968017578125,1753.794189453125,450.0624694824219,216.23861694335938,405.26031494140625,107.26396942138672,2290.00634765625,428.6478271484375,82.7295150756836,1844.089111328125,605.9818115234375,1208.9176025390625,439.0152893066406,320.84002685546875,385.4294128417969,415.933837890625,1293.95703125,85.2613296508789,1946.5169677734375,277.2442932128906,302.45849609375,492.6131591796875,126.11893463134766,131.7945098876953,227.22071838378906,707.9800415039062,1243.4622802734375,266.6430358886719,3810.4970703125,705.7949829101562,62.389522552490234,50.26201248168945,63.52384567260742,479.7822570800781,642.3156127929688,159.06951904296875,354.0539855957031,253.01446533203125,20.862607955932617,1418.5496826171875,417.5013122558594,846.3282470703125,64.14506530761719,2950.13916015625,279.92132568359375,82.96440887451172
2020-04-07,137.75364685058594,239.8242645263672,1208.1571044921875,1550.5128173828125,387.233154296875,1966.1895751953125,471.42938232421875,220.72991943359375,449.471435546875,118.74628448486328,2532.341552734375,469.7282409667969,84.17089080810547,2005.8914794921875,690.0197143554688,1248.5789794921875,500.66278076171875,356.69537353515625,424.38201904296875,463.4072570800781,1447.02685546875,99.8075942993164,2209.29296875,315.3998718261719,370.685546875,537.4418334960938,128.70652770996094,148.09320068359375,238.61312866210938,732.65625,1255.3994140625,304.9248046875,4325.4814453125,796.1651611328125,63.95807647705078,52.45669174194336,64.25587463378906,537.0693969726562,726.439453125,168.9490509033203,393.04278564453125,269.4938049316406,22.708385467529297,1522.3126220703125,440.7047119140625,929.3623657226562,66.06057739257812,3180.885498046875,303.9132385253906,88.44928741455078
2020-04-08,137.70379638671875,242.4825439453125,1245.6055908203125,1536.3328857421875,389.7227783203125,1933.118896484375,459.8155212402344,228.5223388671875,441.29833984375,115.77002716064453,2479.675537109375,489.2902526855469,82.4892807006836,2103.9619140625,709.23828125,1254.5330810546875,494.9180603027344,366.1434631347656,420.9722595214844,469.415283203125,1489.9254150390625,96.83113098144531,2223.706298828125,308.4844665527344,385.4607849121094,531.2180786132812,126.65064239501953,144.81472778320312,236.5417938232422,737.63720703125,1244.7017822265625,310.05438232421875,4462.69384765625,788.3430786132812,66.8207015991211,53.5720329284668,64.3982162475586,530.8574829101562,733.8490600585938,165.86737060546875,411.2658386230469,278.8226318359375,22.589168548583984,1462.4991455078125,447.9583435058594,896.011474609375,66.40438842773438,3158.5283203125,300.6736145019531,88.91020202636719
2020-04-09,142.0413055419922,243.4975128173828,1261.2747802734375,1576.8193359375,418.4029846191406,2100.629638671875,480.9429626464844,249.96986389160156,467.1558837890625,116.64936828613281,2503.037841796875,553.0817260742188,84.56127166748047,2241.65869140625,697.4047241210938,1310.1925048828125,512.2489013671875,370.84783935546875,438.0924072265625,465.13092041015625,1628.3546142578125,103.26414489746094,2143.644775390625,331.4552001953125,381.8393859863281,535.1290283203125,131.32958984375,155.774169921875,253.52085876464844,742.8466186523438,1284.324951171875,362.30010986328125,5059.74951171875,786.8687744140625,68.31083679199219,55.62281036376953,66.87896728515625,543.2367553710938,730.5394897460938,170.1726837158203,427.9820556640625,292.6974182128906,23.419559478759766,1514.5521240234375,437.017822265625,994.4946899414062,73.28057861328125,3264.833251953125,299.5467834472656,90.66165161132812
2020-04-13,145.58111572265625,254.082275390625,1260.831298828125,1604.9876708984375,417.2079772949219,2067.515625,448.1318054199219,224.05551147460938,489.6199035644531,118.40806579589844,2417.673583984375,565.7254028320312,87.62422180175781,2271.05078125,721.4857177734375,1277.610107421875,525.7176513671875,362.3089294433594,424.0268249511719,470.5971374511719,1569.5889892578125,109.26507568359375,2120.33056640625,319.800537109375,396.324951171875,536.0962524414062,128.7419891357422,157.03871154785156,249.13912963867188,790.96533203125,1284.8759765625,344.6790771484375,5018.4287109375,775.6661987304688,69.52647399902344,54.003787994384766,65.04891204833984,529.5216674804688,699.2215576171875,166.32057189941406,435.421875,288.90911865234375,23.230459213256836,1508.635009765625,422.270263671875,948.3919067382812,72.936767578125,3361.874267578125,305.1339416503906,87.20481872558594
2020-04-15,144.8332977294922,259.930419921875,1340.8037109375,1640.6519775390625,415.5648193359375,2013.704833984375,458.8776550292969,213.78480529785156,487.994873046875,119.6763687133789,2534.887451171875,565.248291015625,88.19477081298828,2323.675537109375,733.2326049804688,1269.4442138671875,516.9315185546875,378.5168762207031,408.848388671875,464.58917236328125,1491.9290771484375,110.51327514648438,2247.8330078125,316.6088562011719,409.5550842285156,537.4839477539062,134.2362060546875,160.55137634277344,233.77334594726562,804.400146484375,1350.302001953125,335.4648132324219,4839.04150390625,809.5873413085938,70.50682067871094,53.50007247924805,64.88623046875,512.0216064453125,692.4540405273438,165.27821350097656,423.0378112792969,298.9482727050781,23.44422721862793,1487.9683837890625,431.7279357910156,933.87451171875,71.61064910888672,3491.89306640625,329.1728210449219,85.98339080810547
2020-04-16,142.88888549804688,258.6737976074219,1402.79052734375,1664.4283447265625,420.79302978515625,2012.3253173828125,468.90509033203125,217.46307373046875,478.38787841796875,120.20061492919922,2534.396484375,572.977783203125,88.52507019042969,2321.492919921875,743.448486328125,1274.826171875,524.9935302734375,363.4949035644531,416.638916015625,482.31781005859375,1458.0272216796875,115.74608612060547,2201.341552734375,330.77813720703125,420.467529296875,524.6997680664062,132.1094207763672,159.84884643554688,225.22903442382812,833.1891479492188,1347.8685302734375,338.8370666503906,4873.712890625,836.19140625,74.58509063720703,54.291587829589844,66.45196533203125,520.1259155273438,676.9925537109375,170.85244750976562,436.6933288574219,306.9037780761719,23.752540588378906,1471.5892333984375,414.89642333984375,966.4407348632812,73.32969665527344,3432.67919921875,341.0514221191406,86.58258056640625
2020-04-17,143.4871368408203,259.2054748535156,1354.1568603515625,1676.9847412109375,476.8091125488281,2051.64794921875,498.84771728515625,226.09791564941406,480.2997131347656,121.79019165039062,2530.241943359375,570.6398315429688,89.33586883544922,2262.32080078125,756.7164916992188,1408.2071533203125,526.7313842773438,359.9370422363281,431.1069641113281,488.0304260253906,1501.580322265625,119.20263671875,2155.166015625,363.227294921875,458.1783142089844,528.8209838867188,133.35003662109375,166.0779266357422,236.26295471191406,852.6102294921875,1326.61083984375,345.01153564453125,5229.1630859375,809.5127563476562,74.89879608154297,54.90324401855469,68.22103118896484,545.0401611328125,693.9852905273438,175.15774536132812,430.4776306152344,307.3299865722656,24.118406295776367,1548.8968505859375,408.64471435546875,956.8767700195312,75.49078369140625,3427.781005859375,341.145263671875,86.19081115722656
2020-04-20,146.27911376953125,261.47705078125,1429.8914794921875,1652.3492431640625,454.05413818359375,2050.915283203125,487.1290588378906,226.10772705078125,468.6853332519531,124.59735107421875,2531.0009765625,558.6163330078125,86.60326385498047,2272.3603515625,740.3865356445312,1355.2073974609375,503.6558837890625,371.59893798828125,447.46942138671875,500.637451171875,1477.0025634765625,111.80946350097656,2111.384765625,349.44482421875,441.0370788574219,549.4691772460938,128.1039581298828,156.898193359375,234.5700225830078,836.7991333007812,1370.1365966796875,338.0296325683594,5064.21337890625,793.25634765625,77.56534576416016,53.24821472167969,67.30599975585938,553.85693359375,691.5648193359375,174.47796630859375,445.82830810546875,307.5194396972656,23.5469970703125,1559.572998046875,420.6672058105469,956.8767700195312,79.02711486816406,3410.80712890625,333.11669921875,83.47140502929688
2020-04-21,135.55995178222656,256.3538513183594,1331.5401611328125,1648.10009765625,418.90093994140625,2003.443115234375,458.47357177734375,205.68382263183594,478.4356689453125,120.14984130859375,2558.0263671875,565.0097045898438,83.480224609375,2334.49169921875,773.44140625,1286.614990234375,491.9732666015625,360.29278564453125,436.4822082519531,488.8675842285156,1494.7509765625,102.83206939697266,2094.080322265625,320.961181640625,387.1025085449219,532.5636596679688,127.32413482666016,149.49826049804688,225.08963012695312,795.4435424804688,1331.3857421875,315.42144775390625,4750.51171875,795.0763549804688,76.31050109863281,49.902217864990234,66.14694213867188,550.9848022460938,663.210693359375,167.4535369873047,445.5928955078125,295.8702087402344,21.86565589904785,1490.1121826171875,411.12939453125,918.8175659179688,73.32969665527344,3300.914306640625,324.85333251953125,82.06562042236328
2020-04-22,137.2052459716797,262.83038330078125,1328.7313232421875,1731.1734619140625,429.3572998046875,2052.122314453125,476.50299072265625,210.4346923828125,479.2960205078125,120.64026641845703,2637.896484375,560.333984375,84.501220703125,2313.05322265625,781.22119140625,1306.474365234375,492.7939147949219,365.5899658203125,439.7736511230469,496.0575256347656,1543.9068603515625,103.9842529296875,2156.205078125,324.92669677734375,401.6363220214844,539.8389282226562,129.2027587890625,150.9969482421875,229.47132873535156,779.2212524414062,1302.506591796875,323.1633605957031,4921.25537109375,824.3602294921875,76.54576873779297,47.02393341064453,65.96394348144531,607.2032470703125,696.3070068359375,171.03370666503906,446.7229919433594,312.6810302734375,22.062978744506836,1517.4246826171875,415.4174499511719,933.2369384765625,74.55758666992188,3337.674560546875,332.08380126953125,82.29608917236328
2020-04-23,140.09690856933594,268.3402404785156,1363.962646484375,1739.4332275390625,428.2618103027344,2096.058837890625,471.8983154296875,212.80523681640625,474.13409423828125,120.11604309082031,2633.206298828125,559.8568725585938,84.621337890625,2344.870849609375,775.5017700195312,1341.2781982421875,483.1871337890625,377.68670654296875,452.2527160644531,481.1358947753906,1525.38134765625,106.81668853759766,2094.170654296875,341.3688659667969,395.890380859375,571.3367919921875,127.99759674072266,149.82606506347656,248.8901824951172,768.2540283203125,1339.8798828125,330.0978088378906,4897.982421875,814.734375,74.66350555419922,48.46308135986328,64.25587463378906,610.453857421875,709.002197265625,169.22096252441406,449.6424255371094,312.4915771484375,22.223302841186523,1610.682861328125,419.74554443359375,895.1776123046875,74.31201171875,3338.69287109375,327.6234436035156,83.37922668457031
2020-04-24,134.26368713378906,261.6220703125,1339.768798828125,1745.0667724609375,402.2703857421875,2108.735595703125,437.99462890625,193.58621215820312,472.4612121582031,118.5264663696289,2735.723388671875,571.88037109375,82.27909088134766,2352.72802734375,770.8223266601562,1295.59619140625,481.83544921875,370.0966796875,444.24908447265625,446.51580810546875,1549.7547607421875,99.51954650878906,2063.085693359375,323.8627624511719,369.76806640625,553.422119140625,127.64313507080078,143.55015563964844,246.87860107421875,777.9417724609375,1316.601806640625,317.5588073730469,4792.82958984375,813.3326416015625,73.25181579589844,48.642974853515625,64.72355651855469,630.98193359375,670.9661865234375,162.92164611816406,457.27069091796875,308.8453369140625,21.997201919555664,1559.4876708984375,403.51513671875,888.7527465820312,72.88765716552734,3208.479736328125,315.3692626953125,81.92735290527344
2020-04-27,134.21385192871094,262.1053771972656,1398.306640625,1767.7926025390625,425.52325439453125,2160.8212890625,460.7135009765625,200.22764587402344,472.2700500488281,120.20061492919922,2896.44677734375,580.8502807617188,82.9397201538086,2353.164794921875,766.4895629882812,1334.714111328125,481.06304931640625,381.9561767578125,440.2945861816406,477.44244384765625,1582.7978515625,103.88822937011719,2096.836181640625,336.4845275878906,393.4278564453125,558.97314453125,127.50135040283203,147.34381103515625,259.63531494140625,781.6431884765625,1332.0743408203125,313.7591247558594,4802.9931640625,838.7871704101562,72.42831420898438,49.254608154296875,64.90657806396484,636.6594848632812,705.4949340820312,163.96395874023438,461.3673095703125,330.8651123046875,22.33429527282715,1574.9661865234375,410.12750244140625,910.038330078125,73.91908264160156,3259.594970703125,328.0459899902344,83.9092788696289
2020-04-28,138.90036010742188,263.8453369140625,1405.7471923828125,1742.0589599609375,453.55621337890625,2124.559326171875,485.088623046875,218.2565155029297,464.24029541015625,121.45197296142578,2853.4736328125,571.21240234375,81.31816101074219,2292.537841796875,760.6064453125,1365.9237060546875,480.2906188964844,372.4686279296875,441.0997314453125,478.8213195800781,1589.2593994140625,104.41632080078125,2069.275634765625,348.04248046875,451.9977722167969,555.693115234375,127.21778869628906,149.31088256835938,264.22613525390625,783.379638671875,1346.0318603515625,319.1261901855469,4799.5263671875,820.97705078125,70.85975646972656,49.79428482055664,63.93052291870117,635.947021484375,711.1755981445312,167.045654296875,446.3463134765625,324.75634765625,22.490507125854492,1594.2178955078125,417.1005554199219,915.041015625,75.58901977539062,3291.9423828125,338.51605224609375,82.82613372802734
2020-04-29,139.0997772216797,278.05499267578125,1397.370361328125,1687.72705078125,437.27423095703125,2155.129638671875,498.7429504394531,224.9518280029297,474.13409423828125,122.01002502441406,2851.53173828125,568.9698486328125,83.9907455444336,2298.842529296875,747.3095092773438,1364.865478515625,484.6354064941406,388.7952575683594,462.74261474609375,485.42034912109375,1611.46533203125,111.66545867919922,2016.684326171875,358.294677734375,454.9432067871094,569.0239868164062,129.1318817138672,153.71340942382812,264.46514892578125,800.0133056640625,1345.29736328125,330.57269287109375,4814.486328125,817.2413330078125,70.74209594726562,50.729736328125,64.2762222290039,635.41259765625,704.75390625,172.3026580810547,449.83074951171875,335.26904296875,23.23868179321289,1634.1795654296875,423.7530212402344,907.7333374023438,76.76779174804688,3331.0791015625,338.6099548339844,83.26399230957031
2020-04-30,140.99432373046875,280.4233093261719,1374.1129150390625,1679.32421875,443.05010986328125,2262.18994140625,509.2892150878906,227.07257080078125,491.6273193359375,125.13848114013672,2859.616455078125,562.6241455078125,89.18572235107422,2262.99951171875,758.0164794921875,1402.2578125,487.4836730957031,429.7501525878906,474.4402770996094,493.4967346191406,1772.1412353515625,125.01153564453125,1983.4754638671875,367.6763610839844,452.0943603515625,601.7835083007812,129.06101989746094,169.2158966064453,270.3106994628906,820.3026733398438,1462.7427978515625,348.2887878417969,5090.28857421875,837.5652465820312,74.54586791992188,57.49368667602539,65.90293884277344,652.8013305664062,718.09130859375,172.66522216796875,437.3996276855469,332.9960632324219,24.525381088256836,1727.480224609375,437.8193359375,951.5308227539062,91.60072326660156,3428.023681640625,394.4345703125,88.01142120361328
2020-05-04,131.17257690429688,257.4654541015625,1351.841064453125,1601.1207275390625,401.1251525878906,2105.975830078125,475.1659851074219,203.71490478515625,509.02496337890625,117.66398620605469,2793.856201171875,583.8561401367188,85.46215057373047,2218.620361328125,758.5363159179688,1310.8123779296875,462.52532958984375,406.58453369140625,437.1215515136719,471.7298889160156,1636.3701171875,111.28138732910156,1881.9522705078125,326.957763671875,408.5411071777344,566.6270141601562,123.38956451416016,153.19821166992188,254.49676513671875,777.4390869140625,1419.03369140625,339.1695251464844,4641.46337890625,815.6876831054688,71.72245025634766,55.08312225341797,64.6828842163086,639.0863037109375,679.3636474609375,162.10589599609375,438.34136962890625,317.2270202636719,22.494619369506836,1655.4461669921875,402.71368408203125,874.8237915039062,82.41609191894531,3246.937255859375,361.8975524902344,87.59658813476562
2020-05-05,132.3192901611328,254.3239288330078,1328.041748046875,1546.07275390625,387.3825378417969,2089.289306640625,461.88092041015625,196.1428680419922,504.7711181640625,117.37651824951172,2690.69970703125,569.5901489257812,82.8796615600586,2215.8076171875,738.2971801757812,1316.737548828125,455.1874694824219,411.4468994140625,431.6516418457031,470.3509826660156,1607.457275390625,111.28138732910156,1844.767578125,319.9940185546875,404.34033203125,566.6270141601562,123.28321075439453,153.52606201171875,246.63958740234375,764.8724975585938,1409.897216796875,349.713623046875,4587.84228515625,814.0545654296875,72.62438201904297,56.4503173828125,66.55364227294922,650.4189453125,704.9515380859375,154.4469757080078,429.7242736816406,312.0654296875,22.41651153564453,1657.4190673828125,400.7098693847656,870.017333984375,79.46915435791016,3185.58984375,363.44696044921875,84.9002456665039
2020-05-06,132.86770629882812,261.1387634277344,1286.799072265625,1537.956298828125,387.233154296875,2131.587646484375,468.236572265625,206.32052612304688,521.9297485351562,116.27732849121094,2698.7841796875,564.6757202148438,80.32720947265625,2222.69482421875,741.87890625,1321.4093017578125,465.7597961425781,410.4190979003906,448.2035217285156,483.5982666015625,1657.676513671875,113.87378692626953,1816.48388671875,330.19781494140625,410.9070739746094,560.0665893554688,116.19388580322266,155.30581665039062,248.15328979492188,765.2380981445312,1410.5399169921875,367.7621154785156,4600.5712890625,808.8118896484375,74.27137756347656,57.02597427368164,67.26532745361328,650.4635009765625,722.3395385742188,155.08145141601562,427.9349060058594,317.7953186035156,22.8358211517334,1632.4212646484375,406.240234375,859.7177124023438,81.72846984863281,3224.43505859375,355.88787841796875,86.21385192871094
2020-05-07,134.51295471191406,272.9801330566406,1252.700927734375,1522.3441162109375,395.69781494140625,2075.276123046875,466.29095458984375,201.84393310546875,504.7711181640625,111.45780181884766,2633.4306640625,562.576416015625,78.55550384521484,2191.168701171875,739.0193481445312,1335.762939453125,468.46319580078125,404.60797119140625,438.0687255859375,487.0946960449219,1636.0430908203125,112.9616470336914,1800.0828857421875,325.7004089355469,438.76763916015625,559.2675170898438,114.13800811767578,161.30072021484375,238.96168518066406,752.0317993164062,1463.0186767578125,380.58612060546875,4511.3291015625,801.015380859375,70.93817138671875,54.3995361328125,65.78095245361328,671.0361328125,726.2913208007812,154.7642364501953,425.8630676269531,323.24102783203125,22.67960548400879,1622.1739501953125,413.8544616699219,832.8898315429688,81.04085540771484,3155.03662109375,345.9342956542969,84.85415649414062
2020-05-08,136.75653076171875,275.541748046875,1295.717529296875,1507.1619873046875,380.4613952636719,2086.055908203125,459.06719970703125,198.27830505371094,506.6829833984375,109.83438873291016,2705.061767578125,564.8189086914062,77.4744644165039,2231.861572265625,767.2020263671875,1321.304443359375,469.5252685546875,409.8656921386719,439.9867248535156,512.2103271484375,1605.2083740234375,112.4335708618164,1888.09716796875,326.6192626953125,425.247802734375,567.0474853515625,112.18843841552734,157.97543334960938,242.4770050048828,745.7255249023438,1455.1214599609375,367.3346862792969,4420.94580078125,831.8786010742188,68.23240661621094,54.68736267089844,64.66254425048828,695.4605712890625,750.8912353515625,151.04808044433594,441.6846618652344,330.2968444824219,22.43706512451172,1623.6744384765625,429.7643127441406,816.9501342773438,79.61650848388672,3206.39453125,342.36602783203125,84.80805969238281
2020-05-11,139.648193359375,280.0366516113281,1285.271240234375,1498.7587890625,377.9718017578125,2213.035888671875,454.77685546875,197.38693237304688,512.5618286132812,106.46917724609375,2758.62744140625,559.2366333007812,77.14413452148438,2257.179443359375,743.7083129882812,1362.3104248046875,487.0491943359375,417.0999450683594,433.71173095703125,517.2826538085938,1708.3043212890625,114.97797393798828,1850.641357421875,309.64508056640625,418.5361633300781,574.36474609375,112.33021545410156,163.50198364257812,236.7011260986328,750.8892211914062,1482.2559814453125,370.5644226074219,4690.38330078125,820.6243896484375,67.95792388916016,55.44292068481445,64.58123016357422,702.1400756835938,741.4563598632812,149.9604034423828,436.8345947265625,336.21612548828125,22.708385467529297,1659.605712890625,424.95526123046875,813.7621459960938,84.57717895507812,3259.69189453125,345.6525573730469,85.13069915771484
2020-05-12,139.49862670898438,281.7765808105469,1282.2164306640625,1454.596435546875,385.2414855957031,2266.9755859375,465.77215576171875,202.740234375,535.1692504882812,105.6912841796875,2806.81884765625,544.0640869140625,76.18321228027344,2292.7314453125,726.6466064453125,1350.6883544921875,500.08349609375,416.98150634765625,426.9631042480469,518.8585815429688,1729.2835693359375,116.274169921875,1817.703857421875,310.6606750488281,430.89715576171875,578.3598022460938,117.00916290283203,166.9209442138672,230.4771270751953,744.6744995117188,1513.6146240234375,373.3666687011719,4703.20703125,815.944580078125,71.87930297851562,54.90324401855469,66.41128540039062,658.7014770507812,735.62744140625,151.274658203125,436.8816223144531,339.7204284667969,22.523393630981445,1671.78271484375,427.3998107910156,830.2905883789062,84.67540740966797,3248.635009765625,351.7091979980469,86.21385192871094
2020-05-13,140.74502563476562,299.0311584472656,1265.9066162109375,1492.7432861328125,412.278564453125,2324.8818359375,480.558837890625,211.68853759765625,531.4412231445312,107.06105041503906,2781.751708984375,544.11181640625,78.4354019165039,2269.40185546875,727.8405151367188,1360.660888671875,504.9110107421875,418.0486755371094,439.32373046875,508.9600524902344,1789.235595703125,118.62653350830078,1803.426513671875,326.957763671875,433.2148742675781,583.8268432617188,117.25730895996094,170.8083038330078,236.35256958007812,788.6348876953125,1521.052490234375,392.3651123046875,4783.7578125,771.57275390625,72.97730255126953,56.270408630371094,67.77368927001953,672.677001953125,751.3358154296875,157.8005828857422,426.00433349609375,337.4947204589844,22.737159729003906,1671.9112548828125,436.6170959472656,844.0232543945312,85.65773010253906,3440.050537109375,365.888427734375,87.43527221679688
2020-05-14,140.49575805664062,298.11285400390625,1275.61376953125,1453.689453125,400.2786865234375,2330.616455078125,477.94970703125,206.88377380371094,516.0509643554688,104.7442855834961,2817.115966796875,543.6823120117188,77.26426696777344,2295.68994140625,718.6742553710938,1337.7984619140625,493.7594299316406,409.11456298828125,423.24542236328125,487.5379638671875,1833.1976318359375,112.52957916259766,1812.7340087890625,316.6571960449219,413.32135009765625,553.5482177734375,116.12298583984375,164.11083984375,233.6438751220703,796.6317749023438,1513.5228271484375,380.3961181640625,4857.8017578125,758.9635009765625,70.07546997070312,54.795310974121094,65.39459228515625,645.481201171875,737.7514038085938,152.22634887695312,429.3946228027344,343.6034240722656,22.079421997070312,1631.3494873046875,413.3335266113281,829.8491821289062,82.31786346435547,3500.96240234375,367.9542541503906,85.72989654541016
2020-05-15,140.6453399658203,298.93450927734375,1335.6298828125,1482.8603515625,386.9343566894531,2296.942138671875,471.2647705078125,204.38099670410156,529.6727294921875,107.61912536621094,2823.39404296875,544.2070922851562,77.8348159790039,2265.230712890625,719.2713012695312,1344.257568359375,499.9869384765625,404.2125244140625,420.6170349121094,479.9540100097656,1794.10205078125,114.49788665771484,1836.2735595703125,312.1114501953125,404.34033203125,548.6280517578125,116.7255859375,163.26780700683594,234.67959594726562,790.0057373046875,1511.2730712890625,362.205078125,4844.8359375,768.3695068359375,71.25188446044922,54.795310974121094,64.9879150390625,656.0224609375,742.8887939453125,150.82147216796875,422.4727478027344,333.5643005371094,22.482282638549805,1623.2459716796875,409.205810546875,829.4566650390625,82.85813903808594,3475.404296875,355.7939758300781,84.71587371826172
2020-05-18,135.5100860595703,283.51654052734375,1247.67529296875,1433.3504638671875,357.30810546875,2136.416748046875,445.5426330566406,189.89817810058594,514.3302612304688,99.4512710571289,2808.85107421875,572.977783203125,73.09025573730469,2260.38037109375,708.4968872070312,1238.296630859375,478.69757080078125,403.8172912597656,396.2272644042969,462.2746276855469,1693.5003662109375,110.75330352783203,1812.010986328125,288.70550537109375,363.8289794921875,558.384521484375,116.79649353027344,152.91720581054688,221.80335998535156,743.3493041992188,1511.13525390625,358.3104553222656,4484.3994140625,758.863037109375,69.72254180908203,52.45669174194336,62.832489013671875,647.6390380859375,692.3057250976562,140.7606658935547,415.0328369140625,328.734130859375,21.919097900390625,1668.4383544921875,403.9960021972656,801.6970825195312,79.22357177734375,3208.33447265625,352.8830261230469,83.97840881347656
2020-05-19,139.29917907714844,308.5526123046875,1255.756103515625,1436.072021484375,353.0260009765625,2163.882080078125,452.52691650390625,192.4792938232422,572.4021606445312,99.1976089477539,2803.83740234375,567.7293701171875,74.23136138916016,2252.18359375,712.4349365234375,1236.1990966796875,494.1939392089844,409.7470397949219,393.3857421875,464.638427734375,1695.913330078125,112.62560272216797,1785.17333984375,290.4464111328125,355.18597412109375,562.3375854492188,121.05007934570312,158.58428955078125,225.14938354492188,727.8124389648438,1533.6326904296875,363.7250061035156,4564.52197265625,754.6553955078125,71.40874481201172,55.51487731933594,64.2762222290039,633.3218994140625,694.4793090820312,138.49472045898438,415.974609375,339.104736328125,22.363069534301758,1671.0538330078125,410.84881591796875,811.015625,80.3532485961914,3334.7646484375,318.9375,84.99241638183594
2020-05-20,140.94448852539062,312.9508361816406,1269.75,1432.3480224609375,360.9927673339844,2205.6630859375,469.1495056152344,200.10520935058594,567.8615112304688,104.47374725341797,2825.381103515625,592.2535400390625,74.02115631103516,2301.60693359375,752.990234375,1303.78564453125,518.33154296875,416.46746826171875,405.9121398925781,472.0253601074219,1655.1002197265625,115.98612976074219,1798.99853515625,295.6208801269531,345.0460510253906,563.1364135742188,124.5947494506836,160.22352600097656,231.05471801757812,763.135986328125,1638.1766357421875,384.7657470703125,4646.83056640625,761.80908203125,72.85966491699219,56.126495361328125,64.43888092041016,644.4699096679688,707.1744995117188,139.03854370117188,429.20635986328125,341.661865234375,23.28390121459961,1675.298828125,416.1387634277344,832.49755859375,81.97405242919922,3422.39794921875,334.80694580078125,85.24592590332031
2020-05-21,137.90321350097656,306.57098388671875,1261.7183837890625,1503.2470703125,355.7147216796875,2276.892578125,452.901123046875,194.95269775390625,568.3394775390625,105.92803955078125,2810.115478515625,588.3887939453125,74.77186584472656,2286.717041015625,740.9161376953125,1343.113525390625,508.7730712890625,422.87158203125,407.0723876953125,486.3559875488281,1733.536376953125,124.33941650390625,1780.9710693359375,294.4118957519531,334.9061584472656,565.3652954101562,133.95266723632812,159.14630126953125,229.09291076660156,749.884033203125,1639.003173828125,387.8529968261719,4797.05615234375,761.4376831054688,70.78130340576172,55.406951904296875,64.62190246582031,647.86376953125,721.5985107421875,137.72430419921875,439.28314208984375,341.2357177734375,23.32501220703125,1707.542236328125,416.82000732421875,833.6255493164062,82.61255645751953,3464.10498046875,344.4318542480469,87.15872955322266
2020-05-22,137.70379638671875,300.2394714355469,1261.4224853515625,1544.879150390625,335.5489501953125,2202.213623046875,430.5862731933594,185.65664672851562,567.049072265625,106.6044692993164,2860.835693359375,610.0979614257812,75.19226837158203,2250.486083984375,749.649169921875,1327.36328125,513.9867553710938,419.35333251953125,397.26910400390625,487.29168701171875,1758.9735107421875,119.87472534179688,1796.3330078125,281.49993896484375,326.7459716796875,582.3128051757812,132.1094207763672,155.63363647460938,231.07460021972656,745.4970703125,1640.610107421875,404.9991149902344,4877.03759765625,757.6854858398438,71.330322265625,54.795310974121094,63.38152313232422,643.50341796875,721.1539916992188,136.72727966308594,442.06134033203125,343.27197265625,22.564502716064453,1732.53955078125,424.514404296875,833.4295654296875,81.3355484008789,3529.526611328125,348.5165710449219,87.11262512207031
2020-05-26,139.0997772216797,305.0726623535156,1302.566650390625,1556.289794921875,339.880859375,2211.785888671875,408.8052673339844,179.16213989257812,534.5957641601562,105.91111755371094,2857.89990234375,598.9810180664062,76.4234619140625,2226.9140625,744.1512451171875,1411.5201416015625,514.2764282226562,414.2931823730469,403.6862487792969,499.8002624511719,1728.7515869140625,123.95537567138672,1787.206298828125,283.0957946777344,336.2581787109375,572.3881225585938,135.9021759033203,165.09439086914062,229.68045043945312,754.4993286132812,1641.1612548828125,407.65887451171875,4983.28271484375,778.2453002929688,72.93807983398438,55.406951904296875,63.99153518676758,640.132080078125,745.3587646484375,137.2257843017578,432.4082336425781,352.269287109375,23.057804107666016,1666.2088623046875,417.1406555175781,875.7066040039062,81.63024139404297,3672.155029296875,344.6665954589844,87.02045440673828
2020-05-27,140.595458984375,315.75408935546875,1318.186767578125,1546.35888671875,385.3908386230469,2225.324462890625,424.8491516113281,189.6875762939453,538.2760009765625,111.42399597167969,2908.89111328125,604.086181640625,78.55550384521484,2221.773193359375,747.7523193359375,1426.9508056640625,547.1036987304688,419.7881164550781,427.9576416015625,495.7127990722656,1779.46142578125,127.98799896240234,1805.55029296875,308.3877258300781,356.2965087890625,593.3308715820312,136.2212371826172,173.1032257080078,242.4969024658203,777.6218872070312,1647.5430908203125,410.84112548828125,4981.6201171875,781.1121215820312,74.27137756347656,56.090518951416016,63.91020584106445,649.796630859375,732.2190551757812,143.75172424316406,424.6387634277344,349.0491943359375,23.674434661865234,1719.6339111328125,419.7856140136719,868.9382934570312,83.05460357666016,3615.316650390625,364.1512451171875,92.75881958007812
2020-05-28,142.24073791503906,320.7322998046875,1317.64453125,1569.4190673828125,389.3244323730469,2242.096923828125,427.6329040527344,190.78955078125,537.9414672851562,110.40935516357422,3001.8857421875,599.6012573242188,80.41729736328125,2216.632080078125,748.6671142578125,1547.989990234375,556.6138916015625,429.0386047363281,447.65887451171875,509.0092468261719,1879.6136474609375,132.884765625,1816.258056640625,316.1252746582031,373.5826416015625,594.9708251953125,135.15780639648438,172.49435424804688,244.86700439453125,827.568359375,1646.8084716796875,418.3454895019531,5194.349609375,793.8521118164062,75.0556411743164,56.7381477355957,63.95087432861328,661.7986450195312,739.0851440429688,143.38917541503906,432.36114501953125,351.5115966796875,24.29517364501953,1718.7762451171875,424.5544738769531,882.2786865234375,85.46126556396484,3694.656982421875,367.2500305175781,91.88309478759766
2020-05-29,147.9243927001953,312.99920654296875,1337.255859375,1607.13623046875,383.349365234375,2337.386474609375,439.501220703125,191.37242126464844,528.2388305664062,115.93911743164062,3052.10888671875,618.495361328125,84.861572265625,2318.486083984375,784.0038452148438,1577.731201171875,568.875732421875,435.0473937988281,450.68988037109375,515.3128662109375,1930.9366455078125,133.31683349609375,1859.0904541015625,321.0578918457031,380.1494140625,589.0885620117188,139.9076690673828,172.54119873046875,243.7815399169922,852.0162353515625,1651.8125,414.498291015625,5329.6611328125,819.629150390625,76.7418441772461,59.86827087402344,64.07286071777344,658.2700805664062,759.3875732421875,146.19894409179688,446.6287536621094,347.4864807128906,24.270509719848633,1691.3775634765625,425.15557861328125,873.0091552734375,85.46126556396484,3787.43115234375,381.1005554199219,98.08236694335938
2020-06-01,150.06822204589844,318.364013671875,1353.3685302734375,1616.8282470703125,395.2995300292969,2378.606201171875,475.2508239746094,211.66896057128906,534.4044799804688,117.12285614013672,3102.694091796875,613.1038208007812,89.21575164794922,2405.740478515625,761.3382568359375,1619.423583984375,563.372314453125,442.5584716796875,467.739013671875,508.31982421875,1902.6781005859375,133.6048583984375,1905.3560791015625,328.1183776855469,396.0352783203125,596.377685546875,142.17623901367188,181.67408752441406,248.6412353515625,848.26904296875,1692.3082275390625,438.0088806152344,5503.30224609375,802.9310302734375,76.78106689453125,60.4079475402832,64.6015625,683.42041015625,765.4635009765625,154.1297607421875,438.29425048828125,343.6507873535156,25.914852142333984,1753.892578125,435.6552734375,940.59375,87.96617126464844,3700.96142578125,393.7303161621094,99.11942291259766
2020-06-02,149.51979064941406,328.6104736328125,1340.902099609375,1632.1539306640625,408.3948059082031,2411.203125,517.3060913085938,229.8251495361328,533.4964599609375,115.53327178955078,3117.281982421875,608.427978515625,86.12277221679688,2338.75927734375,750.1209716796875,1658.5606689453125,575.7791137695312,442.91424560546875,474.0614013671875,492.1671142578125,1896.0941162109375,135.52517700195312,1904.3172607421875,336.9681701660156,419.79156494140625,603.6664428710938,139.83677673339844,179.98800659179688,267.4625549316406,864.080078125,1706.633056640625,439.6712341308594,5404.98779296875,795.0341796875,75.879150390625,60.65980911254883,67.12299346923828,690.3204956054688,770.1068115234375,154.31101989746094,445.54583740234375,348.00738525390625,26.26016616821289,1755.5218505859375,438.8211975097656,957.514404296875,94.79324340820312,3718.9541015625,398.8010559082031,99.48816680908203
2020-06-03,150.21778869628906,328.2237854003906,1330.2095947265625,1639.07666015625,407.8470764160156,2400.251220703125,527.41845703125,236.26087951660156,527.330810546875,118.05294799804688,3170.847412109375,611.8633422851562,85.101806640625,2310.822265625,763.04248046875,1672.5374755859375,577.1790161132812,444.96978759765625,484.1251220703125,493.792236328125,1881.330810546875,137.63751220703125,1916.1549072265625,345.1408996582031,417.52215576171875,598.0826416015625,139.44683837890625,180.50318908691406,276.1562805175781,878.5661010742188,1697.2666015625,460.8069763183594,5342.2001953125,813.4027099609375,74.27137756347656,62.09893798828125,66.9196548461914,692.9951171875,797.374267578125,158.52569580078125,448.4181823730469,347.2497253417969,26.09572982788086,1759.822265625,443.4298400878906,965.557861328125,97.00344848632812,3739.952880859375,393.5425109863281,97.4140396118164
2020-06-04,147.57537841796875,327.885498046875,1344.44970703125,1560.013671875,392.71026611328125,2429.44140625,512.5269775390625,226.57789611816406,547.2137451171875,120.82630157470703,3116.69482421875,630.3280029296875,84.23096466064453,2348.60546875,770.0712890625,1646.8052978515625,584.2273559570312,457.7387390136719,474.3929443359375,509.7971496582031,1905.091064453125,136.96539306640625,1916.2449951171875,336.4361877441406,400.8154602050781,603.3682250976562,141.89268493652344,179.84750366210938,265.7696838378906,850.5996704101562,1709.1123046875,454.4900207519531,5405.0830078125,803.5455932617188,74.6242904663086,61.09154510498047,68.83106231689453,710.1441040039062,785.2224731445312,157.75527954101562,466.0290832519531,361.31396484375,26.305383682250977,1798.8690185546875,466.5531005859375,952.7080078125,96.75786590576172,3689.516357421875,396.3126220703125,99.6725082397461
2020-06-05,152.01263427734375,329.77044677734375,1339.325439453125,1564.596923828125,403.61474609375,2394.128662109375,522.464599609375,234.14993286132812,558.5892333984375,125.0031967163086,3131.46337890625,621.1195678710938,86.9936294555664,2386.33984375,775.0781860351562,1668.0087890625,605.5166625976562,455.3668518066406,489.38189697265625,508.4675598144531,1914.414794921875,143.30238342285156,1886.4254150390625,345.4794006347656,407.8651428222656,599.78759765625,141.7863311767578,184.57785034179688,266.44683837890625,873.0368041992188,1705.439208984375,459.95208740234375,5458.27734375,798.8846435546875,76.82028198242188,62.566654205322266,69.72576904296875,710.9981079101562,787.0996704101562,170.21798706054688,465.46405029296875,359.65655517578125,27.867509841918945,1761.6285400390625,464.74969482421875,972.0318603515625,108.79121398925781,3753.1923828125,412.60455322265625,100.82479095458984
2020-06-08,152.2120361328125,331.8487243652344,1344.252685546875,1560.490966796875,428.46099853515625,2415.4716796875,542.8736572265625,245.60104370117188,559.3538818359375,133.2894287109375,3095.421875,606.0424194335938,88.10466766357422,2340.748291015625,764.0438842773438,1610.7572021484375,595.8616943359375,457.1851806640625,481.1178283691406,514.1802368164062,1950.116455078125,140.51795959472656,1908.2027587890625,347.99407958984375,436.1119384765625,614.5361328125,140.12034606933594,182.61077880859375,266.2377624511719,878.6116943359375,1717.1468505859375,447.2706298828125,5447.44775390625,786.7052612304688,77.29084014892578,65.4449462890625,70.0917739868164,705.5140991210938,769.9092407226562,169.31161499023438,460.51971435546875,359.3724365234375,27.427648544311523,1781.8399658203125,472.88494873046875,1005.4317626953125,113.4080810546875,3664.589111328125,410.1631164550781,104.37384033203125
2020-06-09,151.4641876220703,334.5069885253906,1344.745361328125,1567.9390869140625,418.3034362792969,2406.93408203125,529.887939453125,239.36611938476562,542.768798828125,129.02793884277344,3085.395751953125,610.7659912109375,86.6633071899414,2349.236083984375,794.12353515625,1623.342041015625,590.792724609375,452.9157409667969,467.5732727050781,499.2093200683594,1952.5699462890625,136.9174041748047,1903.5040283203125,337.1131896972656,447.9900817871094,611.7654418945312,140.7229461669922,178.0209197998047,259.7448425292969,871.2545166015625,1731.2882080078125,454.7749938964844,5378.58056640625,773.4511108398438,76.85950469970703,64.76136779785156,69.3597412109375,690.9722900390625,749.3599853515625,167.18161010742188,471.5854187011719,363.9184875488281,27.312545776367188,1782.0977783203125,469.8393249511719,978.0645141601562,109.47882843017578,3677.34423828125,404.3411865234375,100.64044189453125
2020-06-10,151.4143524169922,334.99029541015625,1335.974853515625,1562.1141357421875,425.67266845703125,2343.163818359375,521.1275634765625,238.5873565673828,542.0996704101562,128.16551208496094,3050.43798828125,613.5332641601562,84.501220703125,2322.899658203125,791.9473266601562,1629.367431640625,593.5443725585938,457.5410461425781,469.7280578613281,494.13690185546875,1874.8287353515625,141.0940399169922,1915.3414306640625,341.4172058105469,482.46575927734375,610.2736206054688,141.1128387451172,178.8639678955078,265.34149169921875,865.08544921875,1733.216552734375,448.4105224609375,5391.21435546875,772.6170043945312,76.97713470458984,63.50210189819336,69.15638732910156,706.7053833007812,732.7623291015625,170.12734985351562,470.07861328125,364.29730224609375,26.63836097717285,1813.662109375,473.2857666015625,958.5933837890625,109.42971801757812,3678.410888671875,399.0827331542969,100.0182113647461
2020-06-11,151.36448669433594,327.3537902832031,1327.9923095703125,1537.9085693359375,411.73089599609375,2344.328369140625,514.6421508789062,229.11007690429688,527.5219116210938,125.15540313720703,3044.43115234375,605.9469604492188,82.69949340820312,2285.698486328125,781.3753051757812,1567.65869140625,570.2273559570312,457.02703857421875,458.7171325683594,494.08770751953125,1889.3056640625,138.64564514160156,1903.865234375,330.0527648925781,505.2081298828125,600.128662109375,137.70994567871094,172.9627227783203,258.65936279296875,850.3712158203125,1717.5142822265625,450.7852783203125,5154.263671875,778.927490234375,76.8987045288086,62.53069305419922,69.5427474975586,691.219482421875,731.9719848632812,160.56504821777344,446.06378173828125,355.91558837890625,25.746309280395508,1778.3138427734375,458.337646484375,933.0897827148438,104.27256774902344,3593.49365234375,391.9931640625,98.12845611572266
2020-06-12,151.86305236816406,333.781982421875,1383.228759765625,1563.451171875,406.30352783203125,2399.173095703125,527.408447265625,240.00770568847656,535.4082641601562,126.45751190185547,3040.547119140625,614.1534423828125,80.86772918701172,2323.3359375,771.8140258789062,1607.177001953125,581.1859130859375,451.2554931640625,465.41845703125,494.72784423828125,1964.470458984375,140.22991943359375,1904.181640625,332.9059753417969,510.3263244628906,589.9835815429688,137.46185302734375,176.9905548095703,254.89511108398438,846.669677734375,1698.781982421875,482.9876708984375,5283.0693359375,773.6770629882812,75.99679565429688,60.371971130371094,67.63134765625,714.1897583007812,741.4069213867188,162.3778076171875,452.1380920410156,351.3695373535156,26.112173080444336,1754.102783203125,444.592041015625,959.0348510742188,103.43760681152344,3674.628173828125,386.546875,95.82389068603516
2020-06-15,148.82180786132812,328.4171142578125,1390.2257080078125,1545.1656494140625,387.98004150390625,2352.95166015625,509.2143859863281,230.3345184326172,526.4226684570312,122.09458923339844,3032.552734375,614.2012939453125,79.33627319335938,2265.08544921875,772.6517944335938,1571.39111328125,561.8274536132812,457.7387390136719,449.8373718261719,492.36407470703125,1920.549072265625,139.9898681640625,1883.443359375,320.23583984375,473.7261047363281,586.1473999023438,132.71202087402344,172.1196746826172,248.74081420898438,822.450439453125,1708.331787109375,482.7026672363281,5201.37841796875,769.174560546875,73.09494018554688,60.51588439941406,66.39095306396484,725.7647705078125,736.3189086914062,157.43804931640625,457.506103515625,350.42242431640625,25.17490005493164,1745.84619140625,439.8631591796875,930.2942504882812,98.72250366210938,3632.19384765625,380.3023376464844,98.54327392578125
2020-06-16,145.7805633544922,329.4320983886719,1352.826416015625,1548.5076904296875,379.9635009765625,2344.24169921875,511.6788024902344,231.66673278808594,520.8783569335938,121.67181396484375,3021.8486328125,608.618896484375,78.76569366455078,2250.82568359375,771.3327026367188,1593.04296875,568.7792358398438,459.28045654296875,469.0414123535156,498.0766296386719,1959.6448974609375,144.11851501464844,1876.25927734375,331.69696044921875,465.2762451171875,597.7842407226562,131.15235900878906,178.0209197998047,254.297607421875,818.0178833007812,1722.7025146484375,481.372802734375,5226.5029296875,766.4450073242188,72.78123474121094,60.371971130371094,66.16727447509766,727.1807250976562,754.892333984375,156.7129364013672,455.2459411621094,349.5226745605469,25.4009952545166,1759.521484375,427.4398498535156,939.760009765625,93.0741958618164,3666.286865234375,388.98828125,97.89800262451172
2020-06-17,146.7278289794922,329.9154052734375,1332.722412109375,1523.3944091796875,387.98004150390625,2319.23388671875,502.5643615722656,234.70339965820312,538.6105346679688,123.3121566772461,3072.523681640625,611.0521850585938,77.74471282958984,2231.1826171875,767.43310546875,1601.4136962890625,563.7103271484375,455.2876281738281,463.7608947753906,492.85650634765625,1932.9404296875,142.10220336914062,1877.976318359375,330.72979736328125,474.3055419921875,599.8729248046875,128.4584197998047,179.70700073242188,247.7250518798828,808.6500244140625,1728.5333251953125,472.6809997558594,5439.27978515625,759.6937255859375,71.76167297363281,60.58784103393555,64.86589050292969,726.1243286132812,762.7466430664062,156.75827026367188,457.3648376464844,350.04364013671875,25.339332580566406,1761.241455078125,429.2432861328125,944.615478515625,93.71269989013672,3694.656982421875,395.1388244628906,100.38693237304688
2020-06-18,147.4258270263672,332.3320617675781,1327.8936767578125,1525.686279296875,403.7143249511719,2309.662109375,541.5366821289062,247.43280029296875,536.1730346679688,125.22305297851562,3075.052734375,612.6744384765625,82.6394271850586,2241.222412109375,771.6311645507812,1631.8463134765625,577.4688110351562,457.7387390136719,483.03594970703125,508.172119140625,1934.2899169921875,144.79063415527344,1866.3197021484375,340.4500427246094,482.0794677734375,608.6111450195312,132.28663635253906,181.1588897705078,259.5855407714844,819.4801635742188,1724.3095703125,481.2303161621094,5428.0703125,758.7933349609375,72.70281982421875,60.15610122680664,67.28565979003906,744.3522338867188,762.3020629882812,162.83099365234375,456.0464172363281,355.02032470703125,26.15328025817871,1752.8985595703125,429.5238342285156,957.3673095703125,94.64588928222656,3728.6533203125,401.8058776855469,100.54825592041016
2020-06-19,152.2619171142578,337.26190185546875,1350.8062744140625,1549.2716064453125,415.3158874511719,2306.21240234375,588.6555786132812,264.34490966796875,547.2616577148438,128.70663452148438,3106.035888671875,607.0921020507812,82.42923736572266,2235.69287109375,771.361572265625,1654.0892333984375,580.5101318359375,450.3462219238281,489.38189697265625,513.2444458007812,1926.8470458984375,145.03065490722656,1903.9849853515625,351.86279296875,467.0627746582031,601.49267578125,130.4788818359375,182.00192260742188,259.41619873046875,820.896728515625,1717.0091552734375,475.0083312988281,5601.853515625,754.8489990234375,72.93807983398438,61.703189849853516,69.70542907714844,790.8770141601562,766.5008544921875,167.2269287109375,459.67218017578125,359.93328857421875,26.354713439941406,1758.4888916015625,431.8882141113281,957.2201538085938,100.68712615966797,3720.990966796875,410.2570495605469,102.3458251953125
2020-06-22,154.206298828125,337.9385681152344,1378.0057373046875,1577.5831298828125,428.3614196777344,2462.6416015625,616.9669189453125,278.2253723144531,555.4346923828125,130.26242065429688,3090.36376953125,625.9384765625,86.27291870117188,2278.85986328125,776.609130859375,1676.9326171875,596.296142578125,450.3462219238281,487.20343017578125,512.5550537109375,1973.2626953125,144.11851501464844,1911.308837890625,355.4897766113281,473.0984191894531,599.9154663085938,131.15235900878906,185.4208984375,269.9422302246094,829.3506469726562,1724.0338134765625,473.77337646484375,5600.57177734375,757.0040283203125,74.74192810058594,61.055580139160156,72.63352966308594,784.9209594726562,768.5755615234375,170.12734985351562,464.4751892089844,363.55841064453125,26.778133392333984,1744.1690673828125,439.62274169921875,960.8004760742188,100.83447265625,3710.224365234375,418.9898986816406,100.50216674804688
2020-06-23,156.74899291992188,343.7867431640625,1395.5472412109375,1607.900146484375,441.8052978515625,2468.16064453125,630.5465087890625,296.3668518066406,553.2838134765625,132.5791473388672,3131.780029296875,629.6122436523438,86.39302062988281,2308.737060546875,791.2445068359375,1705.744384765625,600.8822631835938,458.7666015625,493.62060546875,528.9540405273438,1978.3746337890625,152.03976440429688,1961.4847412109375,363.8075866699219,502.55242919921875,614.36572265625,131.7549285888672,188.88671875,276.823486328125,884.3237915039062,1731.196533203125,490.5395202636719,5591.546875,776.122802734375,79.01627349853516,61.631221771240234,76.23268127441406,773.5707397460938,787.0501708984375,174.43264770507812,471.30291748046875,372.859619140625,27.296100616455078,1750.4906005859375,447.8781433105469,980.1734619140625,102.55352783203125,3824.23974609375,434.8593444824219,101.67750549316406
2020-06-24,154.3558807373047,340.113525390625,1391.309814453125,1668.39111328125,422.88427734375,2429.44140625,603.2477416992188,287.447998046875,532.7794189453125,128.03018188476562,3113.126953125,602.3208618164062,85.01171112060547,2271.196533203125,778.4962768554688,1757.771728515625,592.4823608398438,442.4399719238281,488.9794616699219,519.3016967773438,2039.6761474609375,145.36669921875,1938.1483154296875,336.6780090332031,465.17962646484375,608.824462890625,136.00852966308594,181.6272430419922,267.6617736816406,873.3108520507812,1768.9371337890625,489.5420837402344,5466.96875,783.603515625,76.11442565917969,59.796321868896484,72.59288787841797,776.69482421875,771.3418579101562,167.31756591796875,456.1877136230469,365.46630859375,26.806907653808594,1756.425048828125,449.6014709472656,969.3344116210938,102.94644927978516,3706.684326171875,417.816162109375,100.57129669189453
2020-06-25,161.1862030029297,332.5253601074219,1416.6365966796875,1612.7701416015625,419.94659423828125,2432.20068359375,600.763427734375,294.3930969238281,534.3568115234375,125.22305297851562,3116.73974609375,605.8515625,84.32102966308594,2260.622802734375,771.5541381835938,1724.76953125,586.4962158203125,434.88922119140625,487.20343017578125,530.2837524414062,2093.57568359375,140.75799560546875,1977.133056640625,339.48284912109375,458.8542785644531,597.1874389648438,143.27508544921875,181.29937744140625,275.1903076171875,861.932373046875,1738.08349609375,481.8477478027344,5473.56982421875,787.310791015625,75.3693618774414,58.716957092285156,72.93855285644531,772.2220458984375,776.7754516601562,167.90673828125,459.2483825683594,366.3249206542969,26.56437110900879,1733.9769287109375,444.15118408203125,958.9367065429688,101.96412658691406,3688.013427734375,415.8911437988281,100.57129669189453
2020-06-26,161.68478393554688,331.7520751953125,1368.0030517578125,1610.6217041015625,423.08349609375,2472.860595703125,593.2952270507812,284.416259765625,535.6950073242188,133.13720703125,3122.15966796875,605.8515625,85.34204864501953,2280.314697265625,770.0136108398438,1761.2562255859375,594.8960571289062,444.6535949707031,500.3218078613281,533.7310180664062,2077.830810546875,145.03065490722656,1959.892333984375,337.6451416015625,475.65753173828125,637.8525390625,138.38345336914062,180.4563446044922,266.9049072265625,879.3886108398438,1771.048828125,476.29071044921875,5466.541015625,782.1752319335938,76.07521057128906,60.5518798828125,72.87755584716797,782.8981323242188,774.8983764648438,167.31756591796875,451.9969177246094,367.89892578125,26.626026153564453,1822.349365234375,449.5212097167969,947.7544555664062,99.60658264160156,3744.51171875,413.4027099609375,103.91292572021484
2020-06-29,159.2916717529297,331.22039794921875,1345.23828125,1615.5867919921875,403.1168212890625,2465.875244140625,587.6978149414062,279.954345703125,542.0996704101562,129.6536407470703,3178.93212890625,615.39404296875,80.98784637451172,2247.18798828125,765.2474365234375,1726.9432373046875,597.8892822265625,437.7751159667969,509.604248046875,529.1017456054688,2048.059814453125,140.0378875732422,1986.049072265625,331.84210205078125,463.5379638671875,623.8285522460938,139.83677673339844,178.62977600097656,270.0019836425781,855.9917602539062,1778.165283203125,482.0377502441406,5394.1591796875,784.3959350585938,74.42823028564453,59.292625427246094,72.49120330810547,774.58203125,777.3189086914062,162.46847534179688,453.9274597167969,368.7575378417969,26.379377365112305,1807.555419921875,434.0522766113281,939.1714477539062,97.69107055664062,3692.523193359375,405.5619201660156,101.2626724243164
2020-06-30,155.80172729492188,332.42864990234375,1330.2587890625,1611.2900390625,404.9591369628906,2437.0302734375,583.202880859375,277.3144226074219,535.1692504882812,126.49134063720703,3255.305908203125,610.9567260742188,79.78668975830078,2210.617431640625,759.68212890625,1747.9945068359375,598.3236694335938,440.26568603515625,504.7735290527344,540.723876953125,2083.1474609375,140.37393188476562,1983.365234375,339.9180908203125,458.51629638671875,627.4091186523438,137.99356079101562,177.365234375,270.9580078125,862.4351196289062,1797.8621826171875,485.1250305175781,5545.76171875,805.4822998046875,75.13407897949219,58.53706741333008,71.10847473144531,766.0189208984375,796.7321166992188,161.7433319091797,445.404541015625,369.6160888671875,26.860347747802734,1790.7843017578125,435.5350646972656,931.7164306640625,96.51229858398438,3776.470703125,399.2705078125,101.23961639404297
2020-07-01,157.1977081298828,332.3320617675781,1300.4969482421875,1611.8150634765625,431.4485778808594,2450.82763671875,615.5501098632812,289.353271484375,535.4559936523438,128.57135009765625,3203.05029296875,598.408447265625,80.38726806640625,2174.095703125,753.2310180664062,1754.4442138671875,593.1582641601562,436.2333679199219,513.6532592773438,541.3641357421875,2083.556396484375,141.67013549804688,1974.630859375,352.1045837402344,475.5610046386719,623.9564819335938,143.84225463867188,179.33230590820312,270.2210998535156,844.7503051757812,1779.037841796875,473.96337890625,5512.3251953125,787.8665771484375,73.4086685180664,57.88944625854492,70.53912353515625,781.0775756835938,795.5465087890625,167.49884033203125,440.8841247558594,366.8019104003906,26.61369514465332,1799.299072265625,437.538818359375,930.0980224609375,98.96807098388672,3781.368896484375,419.6941833496094,100.96308898925781
2020-07-02,157.74612426757812,335.2319641113281,1342.7745361328125,1610.3349609375,421.4403381347656,2482.9931640625,617.4907836914062,290.3670654296875,533.8309936523438,129.70433044433594,3193.24951171875,616.634521484375,80.23712921142578,2130.831787109375,754.9833984375,1749.8345947265625,596.6340942382812,450.0299072265625,515.9266357421875,539.689697265625,2184.934814453125,141.86216735839844,1957.6636962890625,350.9439697265625,477.8303527832031,645.0134887695312,145.93359375,182.14244079589844,269.2750244140625,860.2872314453125,1802.315673828125,503.1734924316406,5650.39306640625,787.4210205078125,73.25181579589844,58.896846771240234,71.21014404296875,794.5242309570312,804.2405395507812,168.08799743652344,445.45166015625,372.8118591308594,27.534528732299805,1855.2896728515625,449.5212097167969,967.5687866210938,99.75392150878906,3797.22705078125,415.4685974121094,103.33678436279297
2020-07-03,159.5409698486328,348.3782958984375,1359.7742919921875,1619.1199951171875,426.66851806640625,2528.740478515625,613.5596313476562,287.15899658203125,555.8170776367188,130.3469696044922,3196.18505859375,609.5731811523438,81.22805786132812,2124.81787109375,755.15673828125,1809.889404296875,606.482177734375,457.8967590332031,508.6096496582031,563.52490234375,2239.611572265625,140.56594848632812,1977.6334228515625,349.15472412109375,470.49102783203125,650.2139282226562,147.13876342773438,178.8639678955078,269.6335144042969,862.9834594726562,1816.548828125,503.9333801269531,5634.8623046875,783.0242309570312,74.11451721191406,59.292625427246094,72.22686004638672,806.9586181640625,833.8790283203125,167.408203125,449.0774230957031,378.20184326171875,27.12344741821289,1891.841796875,454.6107482910156,984.34228515625,101.62031555175781,3772.6396484375,417.11187744140625,103.61334228515625
2020-07-06,163.72891235351562,347.46002197265625,1389.585205078125,1631.7242431640625,432.1954650878906,2498.2998046875,627.0892333984375,304.5267028808594,551.1808471679688,131.9703826904297,3273.958984375,605.565185546875,81.58843231201172,2096.34765625,749.4855346679688,1835.387939453125,619.03369140625,457.5410461425781,522.3673706054688,575.8857421875,2266.35693359375,148.1991729736328,1966.624755859375,349.976806640625,478.8926696777344,651.3222045898438,149.22317504882812,183.40773010253906,272.4418029785156,869.3352661132812,1836.93408203125,541.9778442382812,5816.76708984375,788.0143432617188,74.66350555419922,60.2640380859375,72.3895263671875,835.7996826171875,853.0946044921875,170.44459533691406,452.2323303222656,387.0260925292969,27.863399505615234,1946.49951171875,466.1122741699219,994.8380126953125,107.07215881347656,3812.697509765625,428.7557067871094,102.62236022949219
2020-07-07,167.66758728027344,334.4103088378906,1398.651611328125,1666.9591064453125,445.48992919921875,2455.225341796875,657.4808349609375,328.3447265625,542.1473999023438,128.46987915039062,3322.737060546875,607.426025390625,79.78668975830078,2119.046142578125,736.29443359375,1900.190673828125,602.1375122070312,468.0959167480469,523.3855590820312,573.8173217773438,2248.6494140625,146.23086547851562,1959.8468017578125,363.71087646484375,508.2500305175781,677.0255737304688,145.07809448242188,180.6625518798828,272.51153564453125,862.3893432617188,1844.8773193359375,531.9560546875,5914.748046875,793.1920776367188,72.58515930175781,58.96881866455078,70.39679718017578,823.0039672851562,858.1826171875,170.94308471679688,451.3376159667969,393.7038879394531,27.15633201599121,1952.2620849609375,470.3602294921875,996.848876953125,107.12127685546875,3745.869384765625,423.4502258300781,103.659423828125
2020-07-08,162.53236389160156,329.2388000488281,1373.6202392578125,1610.1441650390625,442.30322265625,2459.7958984375,639.1021118164062,314.2488098144531,536.5553588867188,127.8949203491211,3328.653564453125,605.3743896484375,79.78668975830078,2098.67529296875,748.4649047851562,1848.80712890625,587.5098876953125,454.53668212890625,525.8482666015625,573.1771850585938,2224.0302734375,148.8232421875,1988.8697509765625,356.8438720703125,533.6480712890625,660.4441528320312,146.6091766357422,184.92233276367188,269.4244079589844,860.2415771484375,1885.877685546875,523.644287109375,5741.53466796875,788.0167236328125,71.3695297241211,58.50108337402344,69.0344009399414,811.5173950195312,840.498291015625,173.93414306640625,454.3983459472656,412.4971618652344,27.476980209350586,1908.3983154296875,467.6351623535156,972.22802734375,103.48670959472656,3672.78515625,416.924072265625,102.82978057861328
2020-07-09,162.28306579589844,331.7037048339844,1383.6229248046875,1639.7449951171875,451.8633117675781,2485.278076171875,655.4454345703125,326.1946105957031,543.5813598632812,127.42143249511719,3318.356689453125,609.8116455078125,78.31526947021484,2111.140869140625,750.3712768554688,1857.535400390625,595.3788452148438,465.0915222167969,532.7625732421875,576.3781127929688,2201.333740234375,158.2327117919922,1979.589599609375,358.19793701171875,537.4625854492188,666.4117431640625,145.97434997558594,186.9102325439453,272.4915771484375,863.6232299804688,1926.3568115234375,532.2410278320312,5701.5927734375,786.00244140625,71.52638244628906,57.709571838378906,69.76644134521484,823.3650512695312,830.1248168945312,180.4600830078125,453.88037109375,413.40338134765625,28.323814392089844,1895.884521484375,462.70587158203125,972.66943359375,105.05841827392578,3727.87744140625,415.5625,102.13842010498047
2020-07-10,159.24180603027344,323.7772521972656,1382.0955810546875,1626.615478515625,437.7721252441406,2496.230224609375,646.924560546875,324.64202880859375,549.3646240234375,127.28614807128906,3366.27587890625,609.6685791015625,78.79574584960938,2137.089111328125,752.0756225585938,1854.160400390625,590.3582763671875,460.3477478027344,523.3618774414062,583.568115234375,2192.990966796875,157.1765594482422,2023.21435546875,348.5260314941406,520.7559814453125,666.5396728515625,145.15280151367188,182.9817657470703,268.74725341796875,851.9248657226562,1951.9398193359375,527.06396484375,5657.232421875,789.472900390625,70.89895629882812,56.52225875854492,70.19343566894531,847.6474609375,849.8344116210938,177.28773498535156,465.1343688964844,410.302978515625,27.846952438354492,1911.3662109375,456.053466796875,943.4873657226562,105.6969223022461,3684.279052734375,409.8814392089844,102.3688735961914
2020-07-13,155.60231018066406,321.1189880371094,1410.6744384765625,1628.668701171875,438.2202453613281,2500.80078125,644.6946411132812,316.84954833984375,560.9312133789062,128.5037078857422,3429.642578125,609.1437377929688,78.37533569335938,2168.178466796875,755.7774047851562,1873.91015625,590.6478881835938,476.437255859375,511.5932312011719,591.2505493164062,2199.902587890625,162.50540161132812,2060.926025390625,341.9975280761719,521.1422119140625,679.497802734375,147.54275512695312,187.80950927734375,265.99871826171875,848.26904296875,2031.8807373046875,528.013916015625,5688.76904296875,795.2769165039062,70.50682067871094,56.774131774902344,68.77005767822266,873.3514404296875,852.55126953125,174.65924072265625,470.59661865234375,404.9129943847656,28.12649154663086,1909.3441162109375,480.9400329589844,947.9015502929688,106.08985137939453,3673.99755859375,412.4167785644531,104.90390014648438
2020-07-14,149.3203582763672,309.7125549316406,1420.8251953125,1612.197265625,415.96319580078125,2500.369384765625,622.9435424804688,312.57379150390625,563.3687744140625,126.40678405761719,3374.044677734375,603.3704223632812,77.0240249633789,2151.68798828125,771.9800415039062,1797.1756591796875,576.1170043945312,467.54254150390625,501.45843505859375,589.4284057617188,2136.229248046875,157.2725830078125,2033.1771240234375,334.211669921875,493.2816162109375,667.7330322265625,146.31040954589844,183.69174194335938,258.5797119140625,834.3316040039062,2073.10009765625,517.8973388671875,5482.54736328125,792.4135131835938,68.74220275878906,55.658782958984375,66.43162536621094,865.227294921875,849.3898315429688,168.63182067871094,463.4391784667969,400.0478210449219,27.67841339111328,1868.0185546875,479.5373840332031,955.2093505859375,103.2902603149414,3657.509033203125,410.8204345703125,103.70550537109375
2020-07-15,147.32611083984375,304.6376647949219,1443.98388671875,1596.203125,424.8760070800781,2537.0625,615.4603271484375,308.4889831542969,538.7540283203125,125.0031967163086,3363.205322265625,609.0005493164062,76.87388610839844,2158.623779296875,782.3101806640625,1769.7559814453125,568.5861206054688,486.3992614746094,498.7590637207031,585.8334350585938,2165.8369140625,158.80880737304688,2069.932373046875,334.45343017578125,486.2803039550781,708.3981323242188,148.40164184570312,184.49635314941406,256.9266357421875,833.6918334960938,2027.0234375,522.5994262695312,5510.61669921875,793.0208740234375,69.05590057373047,54.86725616455078,66.51296997070312,832.2791137695312,845.5368041992188,166.59246826171875,466.2644958496094,394.0377502441406,27.89628791809082,1921.2989501953125,493.162841796875,949.4708862304688,101.37474060058594,3705.762939453125,410.86737060546875,121.10499572753906
2020-07-16,148.47279357910156,300.8194580078125,1415.7496337890625,1616.780517578125,432.1954650878906,2537.278076171875,625.083740234375,313.9304504394531,537.9414672851562,133.22174072265625,3481.98876953125,643.6397094726562,75.76282501220703,2138.447021484375,804.734130859375,1777.096923828125,562.9379272460938,496.32171630859375,503.2108154296875,590.8073120117188,2220.431884765625,159.43292236328125,2081.4873046875,333.3411865234375,500.8140869140625,776.6420288085938,144.77932739257812,190.41273498535156,263.4294738769531,841.87158203125,2119.917724609375,544.6367797851562,5580.9560546875,820.5464477539062,68.03633117675781,54.795310974121094,65.96394348144531,832.00830078125,854.774169921875,168.81309509277344,470.59661865234375,391.4143371582031,28.089496612548828,1926.3416748046875,480.41912841796875,942.9969482421875,101.12916564941406,3701.4951171875,407.0174560546875,120.71321105957031
2020-07-17,151.16506958007812,302.5593566894531,1477.4410400390625,1640.365478515625,431.2991638183594,2582.723388671875,634.73193359375,323.38323974609375,541.7650756835938,150.09852600097656,3418.983642578125,657.5717163085938,78.4354019165039,2195.58203125,798.2608032226562,1793.4239501953125,571.67578125,492.68475341796875,520.2125244140625,605.2364501953125,2260.7138671875,155.68833923339844,2123.97509765625,342.1909484863281,502.93865966796875,769.9497680664062,144.92872619628906,195.71380615234375,264.38543701171875,845.892822265625,2094.751220703125,561.7132568359375,5622.8935546875,808.0850830078125,69.2519760131836,57.817508697509766,66.41128540039062,862.835205078125,864.6536254882812,170.58053588867188,474.2694396972656,403.5298156738281,28.85411834716797,1897.0345458984375,480.6595458984375,978.8001098632812,104.51814270019531,3746.69384765625,409.83447265625,120.459716796875
2020-07-20,160.2389373779297,306.7159423828125,1463.5457763671875,1672.544677734375,432.1954650878906,2589.234130859375,660.529052734375,337.11669921875,550.3683471679688,147.90016174316406,3597.5205078125,643.4966430664062,79.87677001953125,2229.873046875,793.0958251953125,1829.3529052734375,582.344482421875,512.806396484375,536.5987548828125,607.1571044921875,2339.313232421875,154.48812866210938,2120.69970703125,351.089111328125,510.61602783203125,796.505615234375,143.9204559326172,195.7611541748047,262.71246337890625,840.454833984375,2081.52001953125,566.674072265625,5573.49853515625,808.884765625,68.35005187988281,57.78152847290039,66.4926528930664,866.5361328125,844.1536865234375,172.8917999267578,455.62261962890625,403.6251525878906,28.97333526611328,1903.197509765625,499.2142639160156,982.5765991210938,103.19203186035156,3748.87646484375,425.9855651855469,124.81533813476562
2020-07-21,166.8200225830078,304.2027282714844,1478.328125,1646.42919921875,444.3446960449219,2590.743408203125,637.0018920898438,322.5163269042969,542.7210083007812,156.99807739257812,3505.157958984375,631.9978637695312,79.93682098388672,2213.867431640625,781.7481689453125,1917.9239501953125,582.2962646484375,515.7713012695312,539.203369140625,617.9912719726562,2346.67431640625,153.62399291992188,2108.91796875,366.37060546875,505.54608154296875,798.5942993164062,143.58438110351562,198.7429962158203,270.6692199707031,857.3170776367188,2109.23095703125,561.2362670898438,5823.6533203125,810.2262573242188,69.29119110107422,59.32859802246094,70.62046813964844,889.8480224609375,877.6450805664062,176.20008850097656,449.4541015625,390.603515625,29.528291702270508,1917.9805908203125,497.4909973144531,995.7698974609375,106.53189086914062,3747.130615234375,430.4459228515625,125.06884765625
2020-07-22,168.91397094726562,301.5928039550781,1459.6531982421875,1619.215576171875,476.95855712890625,2574.444580078125,633.315185546875,318.6519775390625,544.059326171875,152.39837646484375,3437.0947265625,631.4253540039062,80.53740692138672,2193.9814453125,787.1845092773438,1896.3675537109375,581.0410766601562,514.0318603515625,533.4255981445312,600.4596557617188,2263.944091796875,153.52798461914062,2045.686767578125,368.5951843261719,495.93731689453125,782.5244140625,146.79588317871094,195.95046997070312,267.3530578613281,841.64306640625,2156.418701171875,564.76611328125,5702.58935546875,804.4223022460938,70.85975646972656,59.4365234375,73.0605697631836,904.4942626953125,848.846435546875,174.0247802734375,446.6759033203125,388.2662658691406,28.780120849609375,1888.586669921875,495.28692626953125,1037.5074462890625,103.2902603149414,3746.5,432.18310546875,122.60296630859375
2020-07-23,169.46240234375,303.4294128417969,1509.075439453125,1651.279541015625,458.93377685546875,2614.716552734375,636.7025146484375,323.0404052734375,542.1951904296875,154.7489776611328,3457.464111328125,640.7293090820312,80.14703369140625,2325.615478515625,800.4412231445312,1990.9354248046875,577.6135864257812,517.7593383789062,535.34375,613.3128051757812,2266.56103515625,155.5443115234375,2011.88720703125,379.3793029785156,496.2753601074219,774.0418701171875,149.89537048339844,198.17503356933594,273.6667175292969,837.6673583984375,2092.854248046875,575.5939331054688,5762.00634765625,809.3257446289062,71.01659393310547,59.47250747680664,73.91458892822266,928.7765502929688,867.2223510742188,179.6896514892578,448.27685546875,385.785888671875,28.932222366333008,1871.562255859375,511.0436706542969,1049.768798828125,104.1743392944336,3722.494384765625,434.5306396484375,122.87950897216797
2020-07-24,168.26585388183594,299.0794677734375,1490.104736328125,1636.227294921875,443.7471923828125,2574.53125,625.6224975585938,318.539306640625,534.786865234375,151.65431213378906,3449.198974609375,635.576416015625,79.03597259521484,2278.714111328125,788.027587890625,1983.1077880859375,562.5999145507812,539.251708984375,529.9920654296875,613.0174560546875,2241.615478515625,149.97543334960938,2010.0225830078125,369.272216796875,504.33892822265625,786.7442626953125,149.0738067626953,194.05723571777344,268.876708984375,826.563232421875,2104.373046875,571.1578369140625,5700.025390625,809.1124267578125,70.11468505859375,58.285213470458984,74.01626586914062,968.6528930664062,856.9476928710938,173.97946166992188,457.3177795410156,389.6495056152344,28.455360412597656,1859.6669921875,527.3255004882812,1037.409423828125,101.9150161743164,3668.760009765625,426.4550476074219,124.70012664794922
2020-07-27,165.473876953125,298.7411804199219,1486.458251953125,1699.3997802734375,429.755615234375,2604.712890625,615.934326171875,310.63421630859375,534.8346557617188,154.79971313476562,3412.07373046875,623.028076171875,78.0450210571289,2291.13037109375,778.2886352539062,1958.06689453125,551.1105346679688,556.0253295898438,511.2380065917969,623.9008178710938,2243.9873046875,151.89573669433594,2021.122314453125,346.7367248535156,489.2739562988281,808.5687255859375,146.68386840820312,195.9031219482422,263.4194641113281,826.0148315429688,2245.56591796875,567.0556640625,5740.48974609375,813.7273559570312,68.74220275878906,58.14131546020508,73.56891632080078,973.1887817382812,856.9970703125,169.6288299560547,447.8060302734375,389.6495056152344,29.010326385498047,1902.24951171875,536.9816284179688,1022.2053833007812,99.90127563476562,3744.027099609375,418.6142883300781,123.91656494140625
2020-07-28,173.05209350585938,307.9726257324219,1575.9896240234375,1681.719482421875,435.2327575683594,2689.9560546875,632.8562622070312,317.33935546875,539.7098999023438,156.0848846435547,3409.724853515625,632.2842407226562,78.34529113769531,2271.390625,785.197998046875,2007.2193603515625,575.6825561523438,565.0267333984375,514.6242065429688,630.8446044921875,2323.855224609375,158.13670349121094,2040.2730712890625,340.5467834472656,508.8777770996094,820.8450317382812,145.93702697753906,203.4287872314453,275.6583557128906,834.8798828125,2235.110595703125,591.8118896484375,5967.98974609375,801.7748413085938,69.44804382324219,57.49368667602539,73.9755859375,982.8927612304688,872.7054443359375,171.71351623535156,454.4925537109375,394.0377502441406,29.474855422973633,1990.99169921875,552.9807739257812,1032.6029052734375,104.56725311279297,4011.969970703125,421.57220458984375,126.9586181640625
2020-07-29,178.58616638183594,304.6376647949219,1617.4788818359375,1663.082763671875,439.0667419433594,2672.666015625,631.439453125,321.71307373046875,541.2393188476562,153.4806671142578,3427.7451171875,650.0808715820312,78.79574584960938,2351.030517578125,833.8155517578125,2040.3690185546875,595.041015625,550.711669921875,504.18157958984375,628.135986328125,2273.759033203125,157.5126190185547,2030.0379638671875,339.5311584472656,531.6201171875,813.4281616210938,146.90792846679688,205.9373321533203,276.73388671875,842.6026611328125,2221.0,577.02490234375,5875.2333984375,778.4396362304688,69.13433837890625,57.20586395263672,73.91458892822266,946.311279296875,870.4826049804688,173.29966735839844,464.2867736816406,408.0134582519531,30.728670120239258,1961.9423828125,546.5569458007812,1020.5867309570312,103.87964630126953,4068.01416015625,433.5916442871094,127.67301177978516
2020-07-30,174.5477752685547,302.07611083984375,1691.2425537109375,1666.140869140625,424.0793151855469,2629.246826171875,616.3733520507812,315.25286865234375,528.3344116210938,141.7446746826172,3437.90771484375,654.56591796875,77.23423767089844,2485.574951171875,875.3687744140625,2021.3392333984375,582.1513671875,551.5443725585938,497.5751037597656,625.52587890625,2231.625732421875,155.5443115234375,2006.0994873046875,333.6313781738281,502.021240234375,819.6514892578125,144.4059295654297,202.90814208984375,275.8476257324219,830.0817260742188,2208.093505859375,570.8239135742188,5951.4619140625,774.9761962890625,67.9186782836914,55.91062927246094,71.9218521118164,951.8176879882812,902.5415649414062,169.0850067138672,480.2496032714844,405.34234619140625,30.140811920166016,1964.9163818359375,545.2236328125,1021.960205078125,101.81678771972656,4043.300048828125,436.2678527832031,130.94549560546875
2020-07-31,174.74720764160156,304.6860656738281,1650.2955322265625,1639.5242919921875,429.8551940917969,2591.3037109375,619.197021484375,318.4854431152344,530.3897094726562,139.95216369628906,3453.85107421875,687.201171875,77.62460327148438,2538.15087890625,876.2312622070312,1967.6964111328125,611.2132568359375,559.27685546875,489.1215515136719,617.646484375,2208.970947265625,156.6004638671875,2019.1649169921875,335.420654296875,505.7875061035156,823.5304565429688,145.00343322753906,208.49317932128906,272.0135803222656,834.834228515625,2236.128173828125,578.55126953125,5948.94482421875,774.8917236328125,68.23240661621094,56.34238815307617,72.51154327392578,932.9739990234375,901.8499145507812,173.5262451171875,500.73284912109375,408.3473205566406,30.11614990234375,1966.5537109375,550.799072265625,1023.3335571289062,102.79910278320312,4006.083251953125,448.99151611328125,129.49363708496094
2020-08-03,171.7558135986328,300.9644470214844,1551.5003662109375,1629.9674072265625,415.61468505859375,2515.8486328125,608.9450073242188,310.9624328613281,523.2202758789062,141.3050079345703,3411.03466796875,677.8972778320312,77.11412048339844,2562.595458984375,877.4715576171875,1981.3729248046875,611.6475830078125,559.8717651367188,474.5350036621094,593.9098510742188,2171.66650390625,154.9202117919922,2014.2313232421875,331.98712158203125,485.7973937988281,815.7725830078125,143.84579467773438,208.7771759033203,260.6212158203125,837.0734252929688,2304.503662109375,569.6791381835938,5856.283203125,775.0136108398438,67.13441467285156,54.61540985107422,72.61321258544922,906.7509765625,864.5548095703125,174.2513885498047,489.1492614746094,414.1188659667969,30.70811653137207,1943.0643310546875,544.2943725585938,1060.8499755859375,111.050537109375,3936.271484375,424.5770568847656,129.77017211914062
2020-08-04,181.57757568359375,304.4443664550781,1629.9453125,1638.0430908203125,427.3655700683594,2561.12158203125,614.8168334960938,316.9474792480469,524.797607421875,138.1765594482422,3448.431396484375,681.1893310546875,77.32433319091797,2609.933349609375,898.286865234375,2003.6346435546875,603.1029052734375,549.3236083984375,493.31280517578125,604.8917846679688,2233.40087890625,155.88037109375,2008.109375,339.48284912109375,475.705810546875,809.7623291015625,144.6300048828125,215.92416381835938,263.6883850097656,844.7047119140625,2265.504638671875,574.87841796875,6040.32470703125,777.6025390625,67.13441467285156,54.759307861328125,72.49120330810547,970.6612548828125,865.246337890625,173.6622314453125,498.14312744140625,429.0484924316406,30.605342864990234,1939.2288818359375,527.365966796875,1058.7327880859375,109.47882843017578,3896.135986328125,433.544677734375,129.53970336914062
2020-08-05,179.08474731445312,316.1890563964844,1651.9215087890625,1640.288818359375,433.1414794921875,2594.79638671875,622.8038940429688,319.5482482910156,534.308837890625,138.81918334960938,3477.65283203125,689.109619140625,77.14413452148438,2587.81689453125,891.7166748046875,2093.550048828125,611.5993041992188,545.953125,486.6351318359375,595.8796997070312,2224.8583984375,168.7463836669922,2005.1405029296875,340.64349365234375,475.8506774902344,805.3718872070312,143.9951629638672,222.5978240966797,265.7298583984375,853.4628295898438,2312.923095703125,585.9924926757812,6199.24072265625,774.0076293945312,67.36968994140625,55.37096405029297,71.55583190917969,959.7612915039062,850.5260009765625,173.5262451171875,498.0488586425781,426.99749755859375,32.54155731201172,1947.6761474609375,524.0530395507812,1088.51953125,113.35897064208984,3931.893310546875,425.93865966796875,128.22610473632812
2020-08-06,185.41651916503906,312.99920654296875,1668.8720703125,1651.040771484375,431.1995849609375,2579.9638671875,628.1567993164062,327.6835021972656,532.7260131835938,138.51478576660156,3484.60791015625,697.6500854492188,77.38439178466797,2656.01025390625,888.2474975585938,2067.097900390625,612.3234252929688,559.0390014648438,492.8628234863281,597.7510375976562,2232.0390625,170.90672302246094,2028.8045654296875,346.978515625,477.92694091796875,827.6650390625,145.899658203125,226.7156219482422,266.9049072265625,850.14404296875,2284.3798828125,581.6040649414062,6227.26318359375,782.1588745117188,67.56576538085938,56.16248321533203,71.5354995727539,963.2141723632812,864.8512573242188,173.07305908203125,501.250732421875,462.4375,33.777252197265625,1989.56982421875,533.5879516601562,1102.994384765625,114.73421478271484,3919.53662109375,435.6104736328125,128.89442443847656
2020-08-07,192.3465576171875,315.75408935546875,1717.89990234375,1726.25537109375,431.498291015625,2588.5009765625,645.2633666992188,339.3501281738281,538.0023803710938,141.96453857421875,3554.297607421875,695.3121948242188,77.92488861083984,2701.407958984375,886.3966674804688,2079.11572265625,614.5924682617188,547.4600219726562,494.3546447753906,597.8003540039062,2233.483154296875,170.5226593017578,2019.75927734375,346.2048034667969,491.54339599609375,810.6574096679688,146.42247009277344,227.37826538085938,267.3829040527344,844.1515502929688,2283.131103515625,572.827392578125,6344.33740234375,787.3858032226562,67.2912826538086,56.59422302246094,71.55583190917969,968.7882080078125,858.1331787109375,172.80116271972656,495.3177490234375,494.72943115234375,34.08090591430664,1978.578857421875,535.2848510742188,1074.3402099609375,116.99352264404297,3896.087158203125,451.0104064941406,127.85737609863281
2020-08-10,195.13853454589844,320.24896240234375,1759.2413330078125,1703.41357421875,429.3074951171875,2581.688720703125,638.8428344726562,337.2587585449219,536.1317138671875,140.40878295898438,3561.52392578125,759.1990356445312,77.62460327148438,3024.3818359375,909.1500244140625,2035.807373046875,612.1786499023438,548.8480224609375,497.5751037597656,599.671630859375,2230.140625,171.48280334472656,2016.286865234375,351.62103271484375,491.88134765625,811.041015625,148.513671875,232.11135864257812,270.908203125,885.0845947265625,2330.966064453125,599.9686279296875,6277.75,781.6241455078125,69.17354583740234,56.882057189941406,72.08451843261719,956.782470703125,855.3175659179688,175.65628051757812,512.175048828125,496.3511657714844,34.59965133666992,1967.7606201171875,550.960693359375,1090.5875244140625,121.65951538085938,3861.15673828125,464.15667724609375,127.85737609863281
2020-08-11,195.28811645507812,323.8255615234375,1725.3402099609375,1710.294921875,446.1371765136719,2593.45947265625,642.58935546875,338.6742248535156,528.69677734375,145.1775665283203,3504.390380859375,742.404296875,78.13511657714844,3037.622314453125,890.7379760742188,2044.344970703125,602.7167358398438,542.3049926757812,505.15240478515625,599.5731811523438,2238.9716796875,171.81884765625,2019.849853515625,355.2963562011719,504.0975341796875,808.5687255859375,151.6505126953125,240.20497131347656,271.7845458984375,886.790283203125,2328.328857421875,600.5885620117188,6316.03076171875,779.6098022460938,69.21275329589844,56.4503173828125,71.9218521118164,963.0787353515625,850.2295532226562,176.78924560546875,509.5382995605469,492.1537170410156,35.1268310546875,1965.2613525390625,545.2640380859375,1049.919921875,120.1369400024414,3861.5458984375,452.5128479003906,128.89442443847656
2020-08-12,197.13279724121094,329.81878662109375,1682.2254638671875,1717.65380859375,449.2243347167969,2606.869140625,634.29296875,334.83929443359375,525.4349365234375,142.6578826904297,3441.340087890625,727.2317504882812,77.29429626464844,3023.605712890625,875.6690673828125,2108.60400390625,604.5512084960938,568.7144165039062,503.75537109375,599.5731811523438,2289.439697265625,168.79437255859375,2005.6424560546875,354.812744140625,502.79388427734375,814.1102294921875,152.5093994140625,243.0921630859375,265.9090576171875,875.5889282226562,2310.0087890625,605.7401733398438,6393.06591796875,775.7664794921875,69.56568145751953,56.19846725463867,72.40985870361328,960.2803344726562,846.57421875,184.26687622070312,501.1566467285156,493.7277526855469,34.96235275268555,1945.8232421875,559.2027587890625,1040.1715087890625,123.13298797607422,3891.611572265625,457.44268798828125,127.3042984008789
2020-08-13,200.17404174804688,336.0535888671875,1700.0626220703125,1722.718994140625,446.2367858886719,2602.513916015625,633.5746459960938,334.9764099121094,513.5869750976562,142.4380340576172,3439.985107421875,725.4664306640625,77.44442749023438,3031.85107421875,872.5875244140625,2066.301513671875,610.0546264648438,574.6626586914062,501.55328369140625,590.7088012695312,2318.8623046875,176.23553466796875,2008.8861083984375,355.9734191894531,500.958984375,810.9132690429688,150.45555114746094,244.7960968017578,266.1381530761719,913.34130859375,2287.0625,602.4012451171875,6451.86669921875,772.6405029296875,70.53579711914062,56.55825424194336,72.69454956054688,957.775390625,851.1187133789062,182.9979248046875,490.4676208496094,514.2380981445312,34.84426498413086,1943.3233642578125,563.242919921875,1080.839111328125,128.8303985595703,3937.974365234375,459.32073974609375,127.67301177978516
2020-08-14,195.63710021972656,336.4886169433594,1682.5701904296875,1722.718994140625,434.0377197265625,2576.298828125,623.2677612304688,326.3023376464844,507.1114196777344,139.7661590576172,3433.752197265625,736.4879760742188,79.18611907958984,2997.220947265625,875.911376953125,1920.5457763671875,607.2545776367188,562.3699951171875,489.90289306640625,578.8896484375,2314.0341796875,177.5797576904297,1986.2724609375,349.5415954589844,489.80511474609375,812.9591674804688,146.68386840820312,251.18580627441406,260.402099609375,906.0581665039062,2257.593994140625,586.1832885742188,6314.37939453125,767.0359497070312,71.46549987792969,55.47888946533203,71.3321533203125,954.0519409179688,829.1862182617188,178.10348510742188,500.4031982421875,512.7594604492188,35.29974365234375,1932.72119140625,562.3136596679688,1087.2393798828125,122.39625549316406,3901.779052734375,456.0341796875,127.44256591796875
2020-08-17,197.23252868652344,345.5267333984375,1679.6632080078125,1755.356689453125,436.3281555175781,2686.72216796875,625.5027465820312,331.5625915527344,500.2040710449219,137.9567413330078,3494.544677734375,736.3448486328125,81.67850494384766,3035.77978515625,875.8629760742188,2014.9847412109375,603.77880859375,570.1023559570312,489.0978698730469,580.2192993164062,2415.878662109375,184.87689208984375,2006.5106201171875,348.3809814453125,495.5510559082031,816.2841186523438,148.43899536132812,255.2089080810547,264.4054260253906,922.652587890625,2258.427001953125,594.9122924804688,6487.08984375,770.234619140625,77.04368591308594,57.061946868896484,72.65388488769531,943.919189453125,832.199462890625,175.0217742919922,497.57794189453125,518.7217407226562,35.85222625732422,1942.41796875,582.6357421875,1106.6376953125,121.36482238769531,3926.590576171875,462.32562255859375,129.95452880859375
2020-08-18,213.08689880371094,345.5267333984375,1672.5185546875,1791.1002197265625,443.94635009765625,2677.40869140625,632.8811645507812,335.0008544921875,504.9049377441406,136.06271362304688,3535.7802734375,729.85595703125,82.06888580322266,3056.44140625,876.105224609375,2040.7266845703125,644.088623046875,566.6128540039062,500.3455810546875,588.5912475585938,2413.36181640625,188.1894073486328,2023.2313232421875,357.4241638183594,503.7112121582031,824.8518676757812,148.2896270751953,262.35589599609375,272.7305908203125,926.1098022460938,2241.07861328125,594.006103515625,6606.60693359375,776.4113159179688,76.84158325195312,58.03337478637695,72.2878646850586,956.1957397460938,850.0814819335938,176.8345489501953,495.3648376464844,520.6297607421875,36.649314880371094,1956.511474609375,576.1715087890625,1128.005615234375,123.3785629272461,4056.33837890625,469.6499328613281,130.30018615722656
2020-08-19,238.8627471923828,344.7533874511719,1660.544677734375,1802.1866455078125,442.35302734375,2638.60302734375,628.4910278320312,334.0262145996094,514.066650390625,136.53627014160156,3500.6416015625,723.6533203125,81.13799285888672,3064.929443359375,870.0679321289062,2027.059814453125,641.916259765625,562.964599609375,505.12872314453125,594.3530883789062,2420.706787109375,188.95753479003906,2004.2720947265625,362.1634216308594,504.242431640625,817.8186645507812,148.21495056152344,263.6811828613281,269.9920349121094,930.3045043945312,2206.98291015625,595.1985473632812,6699.7666015625,766.6162109375,76.51820373535156,57.241844177246094,72.12521362304688,962.063232421875,853.2429809570312,178.6020050048828,495.7422790527344,522.9669799804688,36.41313934326172,1945.1771240234375,587.2012329101562,1130.811767578125,122.9365234375,4086.404052734375,474.4048156738281,128.9405059814453
2020-08-20,233.32862854003906,341.8051452636719,1668.62548828125,1791.864990234375,433.1414794921875,2618.8984375,627.5332641601562,332.4442138671875,504.1853942871094,139.49560546875,3494.0478515625,727.8043823242188,83.1799545288086,3093.739501953125,867.5,2037.5474853515625,642.6402587890625,563.1629028320312,501.5295104980469,586.0796508789062,2439.68896484375,191.06985473632812,1997.053955078125,355.6832580566406,495.79248046875,814.2807006835938,146.23573303222656,267.5622863769531,266.5564270019531,917.9970092773438,2196.157470703125,583.8936767578125,6684.81591796875,760.341064453125,81.73260498046875,59.112728118896484,73.69091796875,946.4917602539062,842.5729370117188,176.51731872558594,492.8172302246094,523.9686279296875,36.48905563354492,1941.94482421875,586.9588012695312,1108.45947265625,119.54753112792969,4032.305419921875,467.28021240234375,126.38246154785156
2020-08-21,232.68052673339844,342.5301208496094,1653.1534423828125,1871.2845458984375,438.6186218261719,2632.86865234375,626.829833984375,332.00341796875,499.1008605957031,138.70082092285156,3507.281005859375,725.943603515625,83.7805404663086,3150.05029296875,870.1649169921875,2069.109619140625,653.9850463867188,559.83203125,514.150634765625,589.0836791992188,2503.569091796875,188.42945861816406,2011.992919921875,358.9716796875,495.93731689453125,808.8671264648438,146.9826202392578,266.8523254394531,266.7655334472656,916.52197265625,2190.5595703125,581.7471313476562,6683.18603515625,776.7559204101562,85.65351104736328,58.321197509765625,76.9037094116211,939.6314697265625,850.871826171875,179.8256072998047,502.29986572265625,520.6774291992188,36.17274856567383,1938.2808837890625,591.9685668945312,1120.66943359375,118.76168823242188,4074.6787109375,468.70513916015625,125.99066925048828
2020-08-24,247.98648071289062,337.35858154296875,1666.0140380859375,1875.250732421875,443.94635009765625,2620.968505859375,638.6082763671875,342.06842041015625,505.48052978515625,138.58241271972656,3530.405517578125,717.3552856445312,83.96070861816406,3143.11474609375,866.8313598632812,2075.030029296875,648.3851318359375,559.6735229492188,529.0211791992188,589.7239379882812,2488.383056640625,185.59701538085938,2005.0032958984375,367.8697814941406,511.0023193359375,807.673583984375,146.90792846679688,270.4968566894531,276.2957458496094,913.9405517578125,2165.439453125,574.2583618164062,6788.13525390625,772.8561401367188,85.20887756347656,58.465110778808594,75.33798217773438,945.9050903320312,850.4765625,182.59005737304688,503.3377990722656,520.4389038085938,36.22757339477539,1937.849365234375,583.807373046875,1109.394775390625,119.05638122558594,4076.430908203125,472.5049743652344,125.69107818603516
2020-08-25,306.6676330566406,334.5553283691406,1640.292724609375,1911.997802734375,449.92138671875,2595.140869140625,648.8003540039062,356.8451232910156,507.159423828125,139.64779663085938,3520.017822265625,713.5383911132812,84.35108184814453,3148.643310546875,858.1387939453125,2113.928955078125,650.5092163085938,556.4218139648438,530.2761840820312,590.758056640625,2450.99609375,183.6767120361328,1991.0234375,373.6729431152344,518.1002807617188,799.7452392578125,145.93702697753906,269.69219970703125,278.85498046875,903.8455810546875,2168.076416015625,581.31787109375,6814.4443359375,763.9170532226562,83.91537475585938,57.925437927246094,75.13463592529297,939.7442016601562,837.6826782226562,188.48150634765625,495.4591369628906,520.4389038085938,35.76365661621094,1933.151611328125,596.8167724609375,1119.0938720703125,124.85204315185547,4059.646728515625,467.4702453613281,124.423583984375
2020-08-26,284.7307434082031,342.4334716796875,1627.2352294921875,1884.0911865234375,461.42340087890625,2657.919677734375,654.966552734375,357.10467529296875,493.5845947265625,138.70082092285156,3534.231201171875,713.7769165039062,85.251953125,3101.0146484375,859.5052490234375,2144.056396484375,648.032470703125,565.3042602539062,529.6842651367188,583.1248779296875,2608.632568359375,185.78904724121094,1994.4041748046875,376.574462890625,548.181884765625,810.5722045898438,145.60092163085938,270.9228515625,286.14459228515625,893.2896728515625,2286.877685546875,585.1338500976562,6717.35400390625,759.31396484375,83.10694122314453,58.573055267333984,75.37865447998047,964.6585083007812,829.0875244140625,190.2036590576172,495.5063781738281,523.873291015625,35.84800720214844,1942.50439453125,592.1705322265625,1116.8291015625,135.46099853515625,3969.450439453125,468.84765625,125.3914794921875
2020-08-27,285.8774719238281,338.85687255859375,1626.052734375,1894.699462890625,471.0830383300781,2624.115966796875,651.6090087890625,355.82635498046875,490.3707580566406,139.66470336914062,3522.5556640625,721.6016845703125,84.41114044189453,3170.51806640625,859.9413452148438,2132.138916015625,665.3697509765625,563.2025756835938,526.677001953125,587.0646362304688,2592.951171875,187.13323974609375,1983.85107421875,379.3309631347656,585.0718383789062,807.3751831054688,145.07809448242188,273.85736083984375,282.8184509277344,899.4203491210938,2310.194580078125,607.4573974609375,6802.99072265625,755.7330322265625,82.94525909423828,57.673583984375,75.31765747070312,952.6075439453125,831.1128540039062,195.46063232421875,502.20550537109375,519.5803833007812,36.00404739379883,1938.1082763671875,594.3927001953125,1120.226318359375,141.69871520996094,3937.827880859375,471.88751220703125,125.52976989746094
2020-08-28,287.42303466796875,348.0400085449219,1637.8291015625,1871.3800048828125,507.08270263671875,2599.237060546875,653.0857543945312,359.578125,502.1708068847656,140.3749542236328,3501.558349609375,714.3494873046875,83.5102767944336,3174.785888671875,847.7893676757812,2110.448974609375,681.0072021484375,560.2681884765625,527.8135986328125,580.4656372070312,2524.90380859375,186.0770721435547,1966.2166748046875,396.25677490234375,642.8209838867188,797.3155517578125,146.04901123046875,265.7164001464844,292.19927978515625,905.1823120117188,2331.2431640625,602.353515625,6808.8369140625,755.149169921875,82.09639739990234,57.817508697509766,74.13826751708984,955.112548828125,841.2886962890625,203.79933166503906,524.3789672851562,521.8699951171875,35.7805290222168,1929.6173095703125,607.9273071289062,1116.7308349609375,140.27435302734375,3952.812255859375,493.26129150390625,125.3914794921875
2020-08-31,278.74798583984375,343.8834533691406,1610.826904296875,1814.9931640625,494.6844787597656,2558.577880859375,617.6453857421875,341.6520690917969,492.2414855957031,137.9228973388672,3438.982177734375,680.903076171875,80.68756866455078,3029.23193359375,826.547607421875,1994.515380859375,655.4627685546875,550.711669921875,528.4530029296875,566.1348876953125,2480.955810546875,177.86778259277344,1934.6029052734375,381.6521911621094,608.5867919921875,791.6463012695312,142.72549438476562,255.39820861816406,279.10394287109375,871.1637573242188,2274.572509765625,578.9806518554688,6555.666015625,748.0343627929688,77.93296813964844,58.96881866455078,72.77588653564453,939.1123657226562,817.7754516601562,192.15235900878906,490.8829345703125,507.84649658203125,34.8358268737793,1945.7369384765625,598.756103515625,1083.6453857421875,140.6672821044922,3798.39892578125,480.6270751953125,125.04581451416016
2020-09-01,280.29351806640625,337.1652526855469,1646.5999755859375,1891.64111328125,483.68048095703125,2551.161376953125,634.532470703125,356.93817138671875,524.0438842773438,137.73690795898438,3480.468994140625,702.8507690429688,80.14703369140625,3134.286865234375,843.4576416015625,2031.79345703125,664.8840942382812,546.905029296875,533.87548828125,570.5670776367188,2472.330810546875,186.31712341308594,1975.0797119140625,378.1219787597656,605.9310302734375,779.3275756835938,142.0532989501953,271.49078369140625,284.9395751953125,880.6134033203125,2286.877685546875,579.6006469726562,6618.634765625,759.6351318359375,80.68164825439453,57.09792709350586,73.36556243896484,942.0686645507812,825.8272094726562,197.68125915527344,492.0152587890625,523.2531127929688,36.155879974365234,1936.341064453125,588.13037109375,1102.89599609375,141.25668334960938,3806.96142578125,479.7720642089844,125.18408966064453
2020-09-02,292.209228515625,347.8949890136719,1673.99658203125,1857.8568115234375,482.3858642578125,2484.02783203125,635.0762329101562,359.36749267578125,528.1690673828125,140.00291442871094,3506.496337890625,704.4729614257812,81.85867309570312,3230.902587890625,843.6127319335938,2068.73779296875,658.9593505859375,556.699462890625,537.1196899414062,572.09375,2429.373046875,188.3814239501953,1956.8055419921875,379.5244140625,618.581787109375,787.7247314453125,142.91221618652344,277.3598327636719,283.51556396484375,880.9359741210938,2293.86328125,613.1813354492188,6633.107421875,750.0511474609375,79.99447631835938,57.78152847290039,75.3790054321289,960.5512084960938,840.0537719726562,196.00445556640625,485.4574890136719,524.541015625,36.99936294555664,1952.546630859375,594.069580078125,1104.1268310546875,147.64170837402344,3835.2265625,475.7823181152344,126.1520004272461
2020-09-03,290.4143981933594,353.79150390625,1674.292236328125,1890.3988037109375,472.97515869140625,2497.696044921875,634.12841796875,354.572509765625,516.1292724609375,139.81690979003906,3458.179443359375,704.8070068359375,81.49834442138672,3184.146728515625,859.1951904296875,2127.180908203125,703.92919921875,560.506103515625,535.5804443359375,573.4234008789062,2427.598876953125,185.29322814941406,1954.521484375,370.1910400390625,610.1800537109375,797.5713500976562,143.0989227294922,277.7384948730469,278.1778564453125,886.0987548828125,2302.23681640625,614.9940185546875,6778.64599609375,768.8675537109375,78.98394012451172,56.882057189941406,74.25582122802734,953.2844848632812,842.0296630859375,193.1947021484375,493.90228271484375,551.8722534179688,36.952972412109375,1982.156005859375,613.7451782226562,1167.1466064453125,149.16429138183594,3842.32958984375,495.7311706542969,130.36935424804688
2020-09-04,284.3319091796875,341.2251281738281,1625.9541015625,1869.7076416015625,453.3072814941406,2486.313232421875,626.3109741210938,352.3293151855469,501.8829345703125,136.41787719726562,3420.338134765625,691.447509765625,79.54645538330078,3126.574951171875,837.75,2079.225341796875,686.2034912109375,555.787353515625,530.0868530273438,565.9872436523438,2405.97509765625,181.7224578857422,1941.2728271484375,360.3257141113281,595.0186157226562,783.590087890625,139.43930053710938,267.2783508300781,274.8616943359375,868.905029296875,2293.308349609375,602.9259033203125,6891.26318359375,761.3093872070312,76.55863952636719,56.05455780029297,72.82060241699219,937.55517578125,824.4934692382812,187.25791931152344,483.5232849121094,542.8572387695312,35.53592300415039,1972.9332275390625,604.5740356445312,1141.49560546875,145.1859130859375,3810.318359375,483.0019226074219,127.21209716796875
2020-09-07,284.431640625,340.3068542480469,1625.313720703125,1894.3172607421875,456.792724609375,2499.24853515625,624.9590454101562,343.3516845703125,494.4960021972656,135.35250854492188,3437.135986328125,683.9566650390625,79.24617004394531,3103.245849609375,856.617431640625,2090.71337890625,680.035888671875,562.1320190429688,525.9192504882812,582.9278564453125,2360.541015625,180.9503936767578,1975.94775390625,361.1477966308594,587.8240966796875,788.6198120117188,141.2317352294922,271.206787109375,272.6111145019531,859.3632202148438,2229.8369140625,582.3673706054688,6909.521484375,769.32470703125,74.69922637939453,55.011173248291016,73.27820587158203,939.9924926757812,828.3464965820312,188.4362030029297,484.2780456542969,520.200439453125,35.63713455200195,2005.9046630859375,603.68505859375,1149.8160400390625,146.75762939453125,3744.68994140625,469.70263671875,128.47962951660156
2020-09-08,276.9032897949219,334.0719909667969,1627.678955078125,1873.5303955078125,442.5024108886719,2502.309326171875,622.0255737304688,342.84716796875,477.851318359375,139.3772430419922,3444.1044921875,675.7978515625,78.0450210571289,3019.337890625,842.8472290039062,2060.776611328125,657.6481323242188,575.6937255859375,526.8427734375,573.0786743164062,2363.058349609375,173.9536590576172,1957.3538818359375,363.37237548828125,579.8087158203125,800.7682495117188,140.52224731445312,266.1423645019531,269.01617431640625,845.11962890625,2302.32958984375,580.6023559570312,6923.75390625,756.333251953125,73.28448486328125,53.5720329284668,72.75820922851562,951.0278930664062,834.8175048828125,184.9466552734375,473.5687561035156,513.5703735351562,34.16947937011719,2024.1353759765625,607.8465576171875,1144.7451171875,139.78318786621094,3720.462646484375,462.6254577636719,130.23106384277344
2020-09-09,282.2379150390625,332.3803405761719,1583.1346435546875,1891.4024658203125,429.45684814453125,2509.55322265625,601.3271484375,335.28985595703125,483.7513122558594,137.29722595214844,3450.288330078125,694.2625122070312,76.24327087402344,3062.504150390625,858.47802734375,2075.5068359375,667.3607177734375,572.5610961914062,519.2890625,576.8706665039062,2396.731689453125,176.4145965576172,1948.21728515625,355.53814697265625,583.8646240234375,790.9216918945312,137.2733917236328,271.5381774902344,264.12652587890625,838.4818115234375,2271.93505859375,585.6586303710938,6915.36767578125,765.0567626953125,73.08236694335938,52.31278610229492,72.90382385253906,975.5132446289062,820.4923095703125,176.60794067382812,480.5510559082031,510.1360778808594,35.20696258544922,2006.4212646484375,608.7352905273438,1143.3172607421875,137.6221160888672,3731.992919921875,469.7975769042969,130.36935424804688
2020-09-10,297.4441223144531,330.2054443359375,1585.5491943359375,1965.4700927734375,444.9919738769531,2513.47705078125,611.5491943359375,342.7198486328125,477.13177490234375,145.53268432617188,3432.70556640625,693.546875,76.06310272216797,3061.970703125,848.9231567382812,2074.2197265625,692.80810546875,572.9179077148438,516.4711303710938,592.5308227539062,2433.664794921875,170.47940063476562,1949.7247314453125,358.53643798828125,599.1710815429688,801.40771484375,138.09494018554688,270.11822509765625,262.80206298828125,849.0377807617188,2287.895263671875,587.13720703125,6931.0859375,770.13134765625,73.20362854003906,52.99638366699219,73.88141632080078,1044.4110107421875,835.0151977539062,179.5989990234375,479.2773132324219,521.392822265625,34.41408920288086,2009.43798828125,606.0285034179688,1137.5567626953125,140.76551818847656,3809.734130859375,466.4252624511719,131.1529083251953
2020-09-11,295.1507568359375,331.0754089355469,1588.406982421875,1945.7822265625,445.340576171875,2514.89990234375,611.46435546875,347.1964416503906,471.6634826660156,145.00845336914062,3481.62255859375,692.7357788085938,75.13221740722656,3052.367431640625,853.0804443359375,2059.6328125,700.2383422851562,572.322998046875,510.83544921875,595.6826782226562,2469.566162109375,172.40956115722656,1972.88671875,358.3429870605469,589.41748046875,806.224365234375,137.38540649414062,272.4374084472656,264.96307373046875,845.7649536132812,2312.552734375,585.9924926757812,6894.61767578125,765.6595458984375,72.83983612060547,52.74452590942383,72.86221313476562,1047.0062255859375,853.9838256835938,183.72303771972656,477.0127258300781,523.1577758789062,34.37191390991211,2046.4613037109375,618.2702026367188,1149.8653564453125,141.74783325195312,3798.642333984375,474.02490234375,135.18588256835938
2020-09-14,292.3089599609375,339.92022705078125,1600.1341552734375,1941.24267578125,438.7181396484375,2550.557861328125,609.8429565429688,337.0383605957031,454.8269348144531,141.08518981933594,3432.936767578125,688.5847778320312,75.04212951660156,3069.9736328125,845.8125,2058.7744140625,686.6890869140625,632.2076416015625,501.03216552734375,590.413330078125,2499.484130859375,169.65908813476562,1940.22265625,351.76611328125,588.4517822265625,834.1017456054688,136.9373016357422,274.37799072265625,259.8544006347656,831.6596069335938,2453.467529296875,586.994140625,6832.55859375,754.3073120117188,73.44615936279297,52.99638366699219,71.34381103515625,1039.2431640625,846.771728515625,179.91624450683594,467.81304931640625,521.34521484375,34.13151931762695,2147.57275390625,638.9559936523438,1169.80517578125,145.9226531982422,3808.37255859375,490.0790710449219,141.59259033203125
2020-09-15,287.7221374511719,340.8868103027344,1648.5709228515625,1928.197265625,447.68072509765625,2533.00927734375,610.1822509765625,344.1597900390625,465.8114929199219,140.1551055908203,3446.412109375,708.4808349609375,74.5316390991211,3089.51953125,860.9782104492188,2040.850830078125,699.7040405273438,630.4181518554688,506.97576904296875,585.2424926757812,2506.623046875,170.575927734375,1941.090087890625,359.3585510253906,611.677001953125,837.5543212890625,135.7796630859375,274.1413269042969,263.6883850097656,838.8966674804688,2489.644775390625,585.2293090820312,6759.6689453125,752.321044921875,73.64827728271484,53.10431671142578,72.09261322021484,1046.60009765625,854.2802124023438,181.41177368164062,477.81475830078125,517.3861694335938,34.18212890625,2147.57275390625,639.2792358398438,1156.561279296875,145.7753143310547,3825.25341796875,503.18829345703125,141.66172790527344
2020-09-16,296.2476501464844,341.7568054199219,1664.38818359375,1922.988525390625,444.1455383300781,2619.760986328125,613.21533203125,344.9532165527344,462.1659851074219,139.69850158691406,3548.3056640625,718.1664428710938,74.3814926147461,3147.14013671875,896.93994140625,2062.921875,699.7040405273438,627.6744995117188,517.9393310546875,589.5761108398438,2522.345458984375,177.37965393066406,1958.49609375,362.4051818847656,600.3299560546875,854.0078735351562,134.92076110839844,273.2420349121094,263.9771423339844,849.8212890625,2495.936279296875,610.033203125,6764.60546875,759.6774291992188,72.47603607177734,52.56463623046875,71.53102111816406,1049.172607421875,857.1946411132812,179.64434814453125,489.2318115234375,517.4339599609375,34.12730026245117,2157.572265625,639.9661254882812,1163.6015625,148.7713623046875,3867.52978515625,502.04840087890625,143.8740997314453
2020-09-17,292.85736083984375,334.5553283691406,1754.164306640625,1919.0223388671875,441.0583801269531,2603.592041015625,599.3516235351562,340.0995178222656,459.52777099609375,140.56097412109375,3521.6787109375,717.11669921875,74.65176391601562,3114.934814453125,935.5762329101562,2045.474609375,703.8805541992188,642.824462890625,513.1797485351562,582.9278564453125,2526.30712890625,169.70738220214844,1944.5167236328125,356.8922119140625,596.1773071289062,861.8936767578125,133.38970947265625,271.5381774902344,259.93408203125,835.5316162109375,2533.27001953125,607.5050659179688,6791.34619140625,756.0919189453125,71.66761779785156,52.6365852355957,70.01261901855469,1037.5279541015625,845.8333129882812,177.1517791748047,483.0986328125,523.0623779296875,33.629642486572266,2121.32470703125,635.8855590820312,1164.291015625,145.03855895996094,3861.740478515625,503.99578857421875,143.6667022705078
2020-09-18,290.7135009765625,345.91339111328125,1804.851318359375,1938.5670166015625,441.5065612792969,2630.971435546875,587.523193359375,340.3786926269531,474.4455871582031,139.3603057861328,3504.92724609375,769.36181640625,74.26138305664062,3244.19189453125,1033.6641845703125,2052.625244140625,723.597412109375,644.6536254882812,500.7244567871094,576.2796630859375,2568.9345703125,173.22984313964844,1917.562744140625,357.4241638183594,592.1697998046875,854.3489379882812,133.76312255859375,272.3427734375,254.35736083984375,830.3690185546875,2504.54150390625,624.0569458007812,6675.27880859375,754.483154296875,73.20362854003906,53.4640998840332,71.51020812988281,1040.6650390625,837.8802490234375,174.568603515625,493.80792236328125,515.7167358398438,33.35973358154297,2111.7998046875,650.1878051757812,1145.7789306640625,145.28414916992188,3894.481689453125,510.4079895019531,145.8790740966797
2020-09-21,276.3050231933594,336.2469482421875,1807.911376953125,1885.190185546875,421.5897216796875,2575.565673828125,569.9427490234375,326.2093200683594,448.73504638671875,135.7752685546875,3349.68603515625,732.9572143554688,73.06022644042969,3064.1533203125,996.5784301757812,2004.955078125,696.2561645507812,638.2913818359375,496.9356994628906,570.6162719726562,2521.643798828125,161.31126403808594,1861.919189453125,339.19268798828125,541.3736572265625,860.9558715820312,131.2611541748047,256.81817626953125,256.4984130859375,812.9909057617188,2458.41796875,593.8153076171875,6351.51904296875,723.7026977539062,71.3846664428711,51.19746017456055,70.92781829833984,1018.1653442382812,829.9765625,168.40524291992188,475.219970703125,484.3788757324219,31.495634078979492,2125.07470703125,636.1279296875,1102.7481689453125,135.01898193359375,3774.123046875,505.563232421875,143.75888061523438
2020-09-22,279.5955505371094,321.2156066894531,1766.05859375,1851.6925048828125,410.2868957519531,2574.8330078125,566.9544677734375,323.5497741699219,451.8050231933594,132.62991333007812,3311.567626953125,742.0703735351562,71.79902648925781,3139.62255859375,1001.6078491210938,1968.1539306640625,708.1542358398438,652.9246826171875,490.35284423828125,570.6657104492188,2476.086181640625,157.74050903320312,1851.868408203125,342.771240234375,525.3429565429688,858.9097290039062,130.103515625,257.3861389160156,253.05279541015625,789.6203002929688,2386.9892578125,587.4711303710938,6172.86572265625,712.8452758789062,70.89959716796875,50.010162353515625,70.22062683105469,997.9901733398438,821.825927734375,168.7677764892578,480.12646484375,481.1830139160156,31.55890464782715,2174.76904296875,646.7940063476562,1087.5347900390625,130.7459259033203,3778.2578125,502.6658630371094,143.9202117919922
2020-09-23,282.7364807128906,313.7724609375,1794.339111328125,1860.341796875,418.0046691894531,2575.134521484375,563.3974609375,317.7556457519531,416.1652526855469,131.10792541503906,3345.62451171875,732.2893676757812,72.69988250732422,3053.240478515625,989.9403076171875,1980.0238037109375,697.7616577148438,647.4370727539062,495.9648742675781,571.5028076171875,2440.267333984375,159.67063903808594,1875.3961181640625,340.3049621582031,509.9400329589844,869.3531494140625,128.83383178710938,253.88368225097656,254.01876831054688,793.4000854492188,2265.412109375,584.4183349609375,6231.0908203125,720.6682739257812,68.79766845703125,48.678951263427734,68.18222045898438,1006.859130859375,822.9620971679688,166.59246826171875,474.5122985839844,470.83245849609375,30.47502326965332,2126.927734375,640.8145141601562,1100.089599609375,129.0759735107422,3764.63623046875,505.75323486328125,145.11856079101562
2020-09-24,269.6741027832031,303.2843933105469,1922.5130615234375,1833.390625,400.776611328125,2528.26611328125,541.3521118164062,296.699951171875,402.254638671875,127.59053802490234,3334.410888671875,699.8926391601562,69.48680877685547,2929.94873046875,974.3676147460938,1939.6470947265625,660.17333984375,626.9190063476562,487.98486328125,568.9420166015625,2408.53369140625,153.54244995117188,1883.0252685546875,324.6848449707031,473.4364318847656,831.5441284179688,124.38999938964844,244.74874877929688,248.1831512451172,784.2732543945312,2233.90771484375,548.6435546875,6035.95361328125,715.6405029296875,66.8170166015625,47.95937728881836,66.28942108154297,984.4724731445312,794.7068481445312,159.83995056152344,458.3775939941406,466.157958984375,29.007362365722656,2010.38671875,607.5233154296875,1079.3619384765625,120.62808990478516,3675.754150390625,479.8670654296875,140.44032287597656
2020-09-25,279.4958190917969,315.2707824707031,2001.480712890625,1840.3193359375,413.3241882324219,2550.298828125,579.02734375,307.4800109863281,421.77740478515625,127.08321380615234,3402.386474609375,734.86572265625,70.32759857177734,2969.04150390625,990.8027954101562,2018.8271484375,687.8060913085938,658.2528686523438,494.4256896972656,568.7942504882812,2477.613037109375,156.389404296875,1899.6087646484375,337.2099304199219,497.1927490234375,862.2772216796875,127.5268325805664,254.02566528320312,249.56736755371094,819.81298828125,2288.774658203125,565.05224609375,6227.640625,738.056396484375,68.5551528930664,49.57841491699219,66.87181854248047,993.7249755859375,787.4453735351562,165.1422576904297,462.01025390625,486.33447265625,29.699016571044922,2088.009765625,624.0880126953125,1092.3597412109375,124.99938201904297,3754.27392578125,479.39208984375,144.68072509765625
2020-09-28,294.8516540527344,328.2237854003906,2033.314453125,1859.4334716796875,437.423583984375,2558.01708984375,597.251220703125,326.6990966796875,425.6147766113281,130.26242065429688,3449.411376953125,739.3507080078125,72.06928253173828,3004.350341796875,994.2235717773438,2079.320068359375,713.1077270507812,664.2572631835938,499.2562561035156,572.4384765625,2549.333251953125,161.84202575683594,1885.21826171875,351.089111328125,536.0623168945312,861.3822021484375,129.4313507080078,262.21392822265625,254.676025390625,832.35107421875,2346.4638671875,586.9464721679688,6424.408203125,737.2591552734375,70.73789978027344,51.70114517211914,69.9502182006836,1000.2920532226562,803.2032470703125,169.719482421875,481.305908203125,493.2030944824219,30.449710845947266,2091.457275390625,629.7847900390625,1121.3095703125,130.50033569335938,3816.058837890625,484.2843017578125,143.59756469726562
2020-09-29,297.04534912109375,329.62542724609375,2058.287841796875,1873.148193359375,425.0751647949219,2498.64501953125,586.350830078125,322.7416687011719,417.8920593261719,130.7359161376953,3448.94970703125,727.4702758789062,70.65791320800781,2970.15673828125,985.3760986328125,2096.052490234375,700.7239990234375,646.363525390625,503.2108154296875,562.1952514648438,2620.35205078125,170.23814392089844,1857.716064453125,345.3343505859375,517.8588256835938,860.1886596679688,126.5185775756836,268.9349365234375,251.59886169433594,825.5289306640625,2314.49658203125,584.9907836914062,6462.50634765625,732.6183471679688,68.83810424804688,49.75830841064453,67.9326171875,1013.2907104492188,799.35009765625,167.72544860839844,477.57879638671875,480.0859680175781,31.213071823120117,2144.986572265625,620.6943359375,1149.42236328125,129.37066650390625,3952.374755859375,468.420166015625,143.57452392578125
2020-09-30,296.2476501464844,330.3503723144531,2120.326416015625,1898.4267578125,422.88427734375,2484.502197265625,583.9212646484375,321.15960693359375,403.83758544921875,119.40577697753906,3505.52734375,739.25537109375,69.66694641113281,2956.624755859375,1005.4549560546875,2100.15234375,722.8204345703125,645.448974609375,510.8117980957031,550.9671020507812,2597.531982421875,169.12832641601562,1889.7410888671875,343.1097717285156,509.3124084472656,859.5492553710938,128.23635864257812,262.9238586425781,252.5847625732422,831.1986694335938,2353.402587890625,579.9346313476562,6463.17724609375,746.5852661132812,68.79766845703125,49.83026885986328,67.57901763916016,1008.4614868164062,801.6718139648438,168.04269409179688,472.20062255859375,476.9378356933594,30.344282150268555,2148.348388671875,639.7640991210938,1182.950927734375,130.9423828125,3940.16357421875,477.72967529296875,144.51939392089844
2020-10-01,307.2658996582031,341.51513671875,2062.779052734375,1950.0828857421875,441.8551025390625,2574.444580078125,604.0011596679688,337.24407958984375,414.774169921875,119.49032592773438,3515.172119140625,737.633056640625,70.41767883300781,2973.067138671875,990.773681640625,2095.2421875,732.873046875,646.522705078125,524.238037109375,560.6193237304688,2600.95703125,168.01849365234375,1914.1820068359375,357.0856628417969,571.8899536132812,867.5629272460938,127.60153198242188,266.99432373046875,259.9241027832031,832.3049926757812,2338.321044921875,582.0811157226562,6513.830078125,750.4238891601562,68.635986328125,49.75830841064453,68.47342681884766,1004.3541870117188,809.0321044921875,172.48394775390625,478.2864990234375,485.66668701171875,30.78289222717285,2175.199951171875,664.6112060546875,1180.2921142578125,131.1388397216797,3987.061279296875,480.3420104980469,144.28892517089844
2020-10-05,325.6629943847656,338.66357421875,2099.30126953125,1938.1844482421875,442.30322265625,2545.901123046875,586.7948608398438,331.37652587890625,407.1953125,119.77781677246094,3535.338134765625,743.0245971679688,71.10834503173828,3032.5302734375,999.9701538085938,2107.15966796875,728.5994873046875,655.4695434570312,527.7425537109375,566.0857543945312,2582.59375,172.79556274414062,1928.846923828125,360.857666015625,580.9192504882812,894.0335693359375,126.40652465820312,274.6146240234375,261.8261413574219,826.9117431640625,2388.145751953125,579.0759887695312,6535.443359375,751.9552612304688,68.2721939086914,49.79428482055664,67.74542236328125,998.4641723632812,815.0091552734375,171.0790557861328,493.572021484375,480.37213134765625,32.246337890625,2332.38427734375,679.7620239257812,1176.0579833984375,131.53176879882812,3937.827880859375,481.719482421875,153.92202758789062
2020-10-06,326.2113952636719,350.7948913574219,2098.364013671875,1997.4385986328125,447.78033447265625,2563.104736328125,598.1942138671875,340.3296813964844,409.4018249511719,119.06758880615234,3475.715576171875,744.6467895507812,70.14741516113281,3067.83935546875,995.512451171875,2095.194580078125,735.9325561523438,659.406005859375,541.8317260742188,573.275634765625,2588.494873046875,170.72067260742188,1933.2779541015625,368.1116027832031,601.4404296875,900.043701171875,126.89200592041016,275.79791259765625,266.5364685058594,822.9013671875,2480.76318359375,598.5375366210938,6605.935546875,744.6248779296875,68.02965545654297,49.902217864990234,67.89102172851562,997.629150390625,820.0477294921875,173.6622314453125,491.63775634765625,482.3277893066406,31.833030700683594,2339.711669921875,684.7313842773438,1181.572265625,142.1898651123047,4024.37548828125,484.0468444824219,152.1244354248047
2020-10-07,329.1529235839844,348.6199951171875,2145.05322265625,2011.774658203125,451.21600341796875,2653.7802734375,589.199462890625,326.3072509765625,405.276611328125,115.75308990478516,3494.26708984375,738.20556640625,68.73607635498047,3086.56103515625,989.397705078125,2133.712158203125,737.8265380859375,658.5313110351562,550.4274291992188,570.2223510742188,2668.798583984375,166.81214904785156,1954.7041015625,370.0943298339844,597.8673706054688,909.2509765625,126.59323120117188,275.8926086425781,263.8377380371094,818.5684814453125,2467.716796875,602.5443115234375,6754.0146484375,755.7659301757812,66.93827819824219,50.729736328125,66.39344024658203,1018.9100341796875,817.9730224609375,172.8464813232422,482.86279296875,481.8031005859375,31.301633834838867,2358.3740234375,683.8829345703125,1234.7943115234375,138.5061798095703,4099.53857421875,485.2817687988281,154.54425048828125
2020-10-08,315.34271240234375,347.75,2219.628173828125,1996.1480712890625,450.0209655761719,2651.322998046875,585.8768920898438,325.8468017578125,407.1953125,115.00902557373047,3502.3427734375,774.3239135742188,68.04540252685547,3134.626708984375,1006.7342529296875,2105.872802734375,748.21923828125,675.6297607421875,564.4219360351562,574.359130859375,2706.3505859375,168.16322326660156,1974.30322265625,374.78521728515625,596.5154418945312,932.3966674804688,124.838134765625,277.3125305175781,262.92156982421875,812.2532958984375,2647.491455078125,604.9769897460938,6785.59521484375,764.6862182617188,66.7765884399414,49.254608154296875,65.85262298583984,1010.6729736328125,811.1561279296875,173.57159423828125,494.5156555175781,465.7763977050781,31.5167293548584,2435.737060546875,695.1550903320312,1234.942138671875,138.45706176757812,4228.60546875,483.90435791015625,165.67530822753906
2020-10-09,312.1019592285156,345.2850646972656,2247.71142578125,1959.78369140625,466.1038513183594,2638.60302734375,590.1922607421875,325.0093078613281,407.9148254394531,116.68319702148438,3456.564453125,766.4036865234375,69.00631713867188,3094.41845703125,998.7103271484375,2114.59619140625,723.694580078125,680.5606079101562,584.1942138671875,565.1500244140625,2746.17236328125,164.06170654296875,1954.978515625,388.3258056640625,601.6819458007812,943.5648193359375,125.36094665527344,276.4132080078125,262.8717956542969,837.5137939453125,2708.4189453125,604.0706787109375,6768.8701171875,751.9998168945312,67.01913452148438,50.585819244384766,65.72782897949219,1008.0552368164062,796.1887817382812,179.7349853515625,483.9478759765625,449.55889892578125,31.166677474975586,2424.747314453125,690.1856689453125,1235.9759521484375,136.0012969970703,4182.2431640625,472.4099426269531,172.38162231445312
2020-10-12,314.4452819824219,345.7200622558594,2244.305419921875,1985.82666015625,466.0540466308594,2606.6533203125,589.9478149414062,325.9203186035156,398.1773986816406,115.53327178955078,3444.011962890625,776.4232788085938,67.98534393310547,3111.151611328125,1011.79248046875,2079.701904296875,723.3060913085938,688.5530395507812,574.7698974609375,554.9068603515625,2710.930908203125,166.13661193847656,1953.8360595703125,390.7921142578125,593.3768310546875,965.1332397460938,128.60977172851562,269.9288635253906,261.4875793457031,835.024658203125,3031.7451171875,605.215576171875,6840.03466796875,745.8137817382812,66.8978500366211,49.75830841064453,66.47663879394531,1009.6800537109375,782.1104736328125,180.09751892089844,484.89141845703125,452.8501281738281,31.301633834838867,2439.444580078125,692.40771484375,1237.5023193359375,133.49639892578125,4189.97802734375,481.719482421875,173.9947967529297
2020-10-13,312.30145263671875,338.2285461425781,2225.353515625,1973.21142578125,459.4317321777344,2616.742919921875,585.4478759765625,320.5718994140625,398.417236328125,114.687744140625,3457.07177734375,751.1357421875,68.37572479248047,3045.092041015625,1001.7628784179688,2116.121826171875,727.9195556640625,716.0697021484375,567.5712890625,558.1571655273438,2713.6962890625,167.19818115234375,1953.653564453125,383.2480773925781,587.3411865234375,987.0430908203125,127.07872009277344,274.4726867675781,267.8708801269531,826.4508666992188,3006.8095703125,599.0145874023438,6740.5966796875,735.0642700195312,66.8170166015625,49.72233200073242,66.74701690673828,1029.3812255859375,777.0718383789062,177.37838745117188,474.74822998046875,447.3647766113281,31.069679260253906,2436.470703125,701.5386352539062,1210.029541015625,131.72824096679688,4264.36328125,481.1495361328125,173.2803955078125
2020-10-14,312.5008544921875,337.3102722167969,2198.948486328125,1979.6143798828125,469.34033203125,2633.73095703125,608.6357421875,330.31365966796875,396.45062255859375,112.59080505371094,3497.8203125,745.7442016601562,66.39381408691406,3036.65283203125,992.8959350585938,2148.87060546875,741.6631469726562,708.1568603515625,573.7516479492188,563.7218017578125,2732.471923828125,168.114990234375,1971.88134765625,393.4518737792969,601.295654296875,969.3107299804688,125.3235855102539,275.13525390625,269.5439453125,843.7366943359375,3081.5693359375,595.1508178710938,6711.31640625,735.0665283203125,63.947059631347656,48.21123504638672,65.33264923095703,1032.450439453125,800.8320922851562,181.32115173339844,473.85186767578125,467.2550964355469,31.676986694335938,2432.184814453125,685.9030151367188,1204.7120361328125,128.38836669921875,4322.84033203125,485.32928466796875,161.52711486816406
2020-10-15,306.2189636230469,331.3653564453125,2154.4306640625,1997.8685302734375,460.676513671875,2610.6630859375,588.5808715820312,314.9051208496094,382.97174072265625,110.47698974609375,3443.55029296875,733.1481323242188,66.4238510131836,3018.17333984375,979.9590454101562,2143.818115234375,728.5509643554688,683.9404907226562,553.7426147460938,553.0354614257812,2735.3603515625,167.58421325683594,1966.7650146484375,378.1703186035156,577.4910278320312,944.8006591796875,123.26968383789062,275.9872131347656,260.82037353515625,819.3981323242188,3050.01806640625,588.9021606445312,6606.1279296875,731.7694702148438,63.866241455078125,47.52764129638672,64.79182434082031,995.8914794921875,795.0526733398438,174.79519653320312,462.6235046386719,452.2777099609375,31.537811279296875,2372.4541015625,656.4500122070312,1195.012939453125,124.7046890258789,4264.8984375,481.1969909667969,157.44801330566406
2020-10-16,306.1191711425781,338.27691650390625,2182.019775390625,1969.9140625,470.4357604980469,2625.625,593.8938598632812,316.5312194824219,385.3221435546875,114.9752197265625,3458.50244140625,746.5552978515625,66.87428283691406,3126.138916015625,984.6686401367188,2164.12548828125,750.5016479492188,657.8155517578125,567.99755859375,552.6907348632812,2761.89453125,173.51937866210938,1964.9376220703125,383.10302734375,587.4378051757812,961.2117309570312,123.75516510009766,294.4463195800781,266.1978759765625,824.2842407226562,2845.26220703125,578.7421264648438,6608.33203125,723.67919921875,64.91719818115234,48.39112091064453,66.12301635742188,982.03515625,789.915283203125,177.60499572753906,459.41546630859375,455.1396484375,33.22055435180664,2392.104736328125,664.813232421875,1204.4168701171875,125.49053955078125,4361.02978515625,443.5790100097656,156.5492401123047
2020-10-19,316.0406799316406,335.9569396972656,2183.55029296875,1978.4200439453125,490.90032958984375,2569.7880859375,596.767333984375,320.0429382324219,381.5327453613281,117.24122619628906,3481.806640625,729.0448608398438,68.8862075805664,3000.712890625,980.3272705078125,2095.71875,750.938720703125,671.8124389648438,569.9866333007812,561.8997802734375,2681.219482421875,176.3180694580078,1989.8358154296875,403.4139099121094,605.5929565429688,959.847900390625,125.6596450805664,296.7655334472656,274.1944580078125,832.397216796875,2789.840087890625,569.96533203125,6567.16748046875,754.7692260742188,66.00859069824219,49.866241455078125,66.45581817626953,982.2156982421875,788.6802368164062,184.90133666992188,456.34893798828125,453.9471740722656,33.35973358154297,2347.30615234375,665.9444580078125,1209.9803466796875,125.98169708251953,4392.65185546875,440.2541809082031,158.1854705810547
2020-10-20,320.9764709472656,337.3102722167969,2183.6982421875,2024.6763916015625,491.89617919921875,2590.65673828125,593.8489990234375,319.5482482910156,388.53594970703125,116.12515258789062,3279.40234375,729.3311767578125,68.255615234375,2993.2919921875,982.8468017578125,2092.191162109375,754.8723754882812,699.5677490234375,579.6477661132812,562.392333984375,2672.058349609375,174.48446655273438,1985.5416259765625,400.9959411621094,603.8065185546875,969.73681640625,125.06217956542969,301.68798828125,272.6210632324219,845.6726684570312,2743.161865234375,574.5444946289062,6560.12255859375,762.2451171875,65.20015716552734,48.49907302856445,65.39501953125,973.0534057617188,791.100830078125,184.04026794433594,458.896484375,455.9028015136719,33.0982551574707,2371.06884765625,686.7110595703125,1214.6083984375,127.35692596435547,4421.59814453125,433.12957763671875,159.8217010498047
2020-10-21,311.1048583984375,343.4967956542969,2121.7578125,2020.6624755859375,499.364990234375,2602.557373046875,589.0897216796875,316.67816162109375,401.9668884277344,118.2220458984375,3135.513916015625,732.0029907226562,69.12644958496094,2986.69580078125,978.1177978515625,2079.701904296875,769.0044555664062,692.7283325195312,590.421875,554.2173461914062,2623.157958984375,179.45452880859375,1976.4500732421875,406.5089111328125,606.5587158203125,978.9866943359375,125.2115478515625,305.71112060546875,277.50067138671875,852.264404296875,2868.1162109375,573.2089233398438,6576.65576171875,751.8472290039062,66.53406524658203,48.786888122558594,68.11982727050781,958.9263916015625,775.8863525390625,184.6747283935547,462.52923583984375,443.8827819824219,34.08090591430664,2316.012451171875,683.5194091796875,1225.636962890625,127.94631958007812,4504.05859375,431.4671325683594,158.30072021484375
2020-10-22,310.6063232421875,346.396728515625,2074.57470703125,2006.89990234375,508.1781921386719,2592.381591796875,586.0216674804688,324.6714172363281,413.1432800292969,118.1544418334961,3191.906494140625,722.8422241210938,69.54686737060547,3000.809814453125,973.321044921875,2058.822509765625,768.9072875976562,692.0892944335938,584.0758666992188,552.6414184570312,2543.226318359375,178.0069580078125,1991.2518310546875,399.3517761230469,587.8723754882812,962.533203125,125.88374328613281,308.125,277.45086669921875,863.1891479492188,2823.84326171875,576.5478515625,6528.44580078125,746.1537475585938,68.43387603759766,49.54243469238281,68.68143463134766,950.9600830078125,771.3911743164062,184.26687622070312,458.14166259765625,444.7413330078125,34.553260803222656,2312.333740234375,676.69140625,1210.620361328125,131.1388397216797,4489.9013671875,431.7521057128906,158.76161193847656
2020-10-23,314.54498291015625,352.1965637207031,2048.21923828125,2026.3486328125,505.091064453125,2657.962890625,581.845947265625,324.911376953125,416.7408142089844,118.89845275878906,3202.427978515625,722.8899536132812,70.68794250488281,2976.8984375,972.5942993164062,2080.22607421875,762.642578125,681.0636596679688,585.2598266601562,555.990234375,2567.614501953125,175.8837890625,1958.81591796875,403.26885986328125,587.29296875,967.2291870117188,127.5268325805664,304.10186767578125,275.45916748046875,867.7525634765625,2832.308349609375,596.39111328125,6808.0224609375,744.0901489257812,69.72737121582031,49.65037536621094,70.78221893310547,953.71337890625,761.4129028320312,183.81369018554688,457.15093994140625,451.0375061035156,35.71726608276367,2325.880859375,685.4183349609375,1222.6827392578125,134.57693481445312,4382.87255859375,428.37982177734375,157.81675720214844
2020-10-26,306.51806640625,351.56829833984375,2025.8126220703125,1988.3111572265625,491.29864501953125,2496.617919921875,568.8152465820312,322.6583557128906,416.405029296875,117.05522918701172,3216.8720703125,712.9658203125,68.79613494873047,2950.99853515625,964.812744140625,2009.8653564453125,757.5918579101562,677.3486938476562,573.4674682617188,569.9269409179688,2391.73828125,166.37786865234375,1979.7393798828125,391.17901611328125,595.50146484375,958.5693969726562,125.88374328613281,291.8431396484375,282.2010192871094,877.4327392578125,2774.989990234375,569.6791381835938,6761.5859375,762.5640258789062,69.4848403930664,49.07472610473633,71.57260131835938,915.8229370117188,769.4646606445312,178.28475952148438,447.7154541015625,454.9965515136719,34.44782638549805,2327.09326171875,661.9850463867188,1196.884033203125,131.33531188964844,4364.23974609375,411.7081604003906,156.6183624267578
2020-10-27,313.14898681640625,352.2449035644531,2091.30615234375,2100.46435546875,505.9873046875,2541.6328125,565.452880859375,338.2677307128906,415.7335205078125,117.91765594482422,3297.03125,735.0089721679688,68.43577575683594,3062.26220703125,988.3220825195312,2019.542236328125,756.7177734375,676.9092407226562,583.9810791015625,578.446533203125,2403.29296875,168.35626220703125,1988.8302001953125,396.49853515625,592.9423217773438,939.9572143554688,124.87548828125,292.4584655761719,316.2089538574219,905.2745361328125,2695.531005859375,569.6791381835938,6860.88037109375,808.08056640625,72.3143539428711,48.103302001953125,72.17581176757812,918.2603759765625,765.1177368164062,176.42666625976562,443.89404296875,475.7930908203125,34.66712951660156,2276.84130859375,669.5806274414062,1212.9345703125,133.2508087158203,4443.58740234375,416.60040283203125,153.9680938720703
2020-10-28,317.93524169921875,341.8534851074219,2052.464111328125,2067.059326171875,502.6014709472656,2538.786865234375,562.9684448242188,330.19122314453125,433.4814453125,116.83536529541016,3268.8349609375,730.2376708984375,67.68505859375,3037.622314453125,959.5603637695312,2035.5115966796875,754.9208984375,662.8076782226562,572.851806640625,577.3138427734375,2431.559814453125,164.49598693847656,1990.34814453125,383.05462646484375,572.5176391601562,927.635498046875,123.6058120727539,289.52392578125,308.97918701171875,906.104248046875,2686.649658203125,576.3571166992188,6887.38134765625,802.888671875,71.22297668457031,47.743499755859375,71.9054183959961,907.8567504882812,761.709228515625,172.619873046875,437.2419738769531,470.1646423339844,33.93330001831055,2269.959228515625,649.9049072265625,1198.3612060546875,132.4158477783203,4348.57470703125,428.1898193359375,154.70555114746094
2020-10-29,327.95635986328125,331.2687683105469,2058.92919921875,2130.136474609375,491.7966003417969,2522.660888671875,561.1326293945312,331.0972900390625,432.47412109375,115.60090637207031,3260.481689453125,727.4226684570312,66.5739974975586,3014.487548828125,957.806396484375,2037.2752685546875,748.073486328125,671.1566162109375,562.243408203125,577.2645874023438,2388.478515625,162.0350341796875,1951.494873046875,386.77825927734375,568.5099487304688,926.1704711914062,122.37347412109375,290.4232177734375,312.8728942871094,861.5296630859375,2727.5654296875,564.7183227539062,6821.8720703125,797.52099609375,69.92948150634766,46.34035110473633,71.38541412353516,914.8300170898438,752.3238525390625,171.03370666503906,430.5899353027344,469.3537902832031,33.85738754272461,2279.004638671875,675.0432739257812,1160.1552734375,129.56712341308594,4453.17138671875,427.71484375,155.53521728515625
2020-10-30,338.7254333496094,347.8466796875,2092.095947265625,2116.7841796875,490.4521789550781,2489.503662109375,556.0988159179688,324.13751220703125,416.11724853515625,119.87928771972656,3205.658447265625,719.9794921875,68.58592224121094,3047.9052734375,947.4762573242188,1988.413818359375,755.9893798828125,672.6748657226562,560.514892578125,580.859619140625,2310.733154296875,164.68899536132812,1904.7789306640625,379.7178649902344,565.6128540039062,913.8915405273438,123.4190902709961,292.5057678222656,308.1924743652344,856.9201049804688,2713.896240234375,566.674072265625,6675.66162109375,811.2772216796875,70.81876373291016,46.700138092041016,71.13581085205078,927.287109375,759.881591796875,171.53224182128906,439.4593505859375,470.1646423339844,34.629173278808594,2306.88037109375,682.6393432617188,1147.8958740234375,130.30386352539062,4450.49560546875,430.564697265625,157.03318786621094
2020-11-02,340.1214294433594,344.9950866699219,2042.5933837890625,2079.789794921875,520.476806640625,2452.25048828125,568.8651733398438,334.9910583496094,438.80584716796875,117.15666961669922,3156.787841796875,716.878173828125,69.48680877685547,2957.3037109375,941.6619873046875,1935.0709228515625,765.2164306640625,657.0552978515625,575.5276489257812,578.6434936523438,2340.32080078125,164.78549194335938,1905.4224853515625,403.7524719238281,606.8001708984375,923.9732666015625,124.53938293457031,292.83709716796875,314.8247375488281,856.7357177734375,2653.080810546875,568.6297607421875,6582.88525390625,809.0720825195312,72.11225128173828,47.27578353881836,71.98861694335938,847.3766479492188,756.8189697265625,177.6956329345703,442.9033203125,471.0232238769531,33.97969055175781,2254.72314453125,683.7725219726562,1150.60400390625,130.50033569335938,4427.87353515625,423.06005859375,154.31378173828125
2020-11-03,343.8107604980469,341.8534851074219,2084.100341796875,2062.369384765625,531.9290161132812,2513.606201171875,573.0706787109375,341.9459533691406,436.11962890625,118.66175079345703,3141.420654296875,724.5598754882812,69.9672622680664,2997.317626953125,945.2861328125,1997.375732421875,768.421630859375,650.3841552734375,591.0138549804688,590.0193481445312,2424.29736328125,173.4711151123047,1890.4329833984375,429.28619384765625,624.4241943359375,915.5719604492188,127.04134368896484,297.94879150390625,317.39398193359375,873.7450561523438,2730.494384765625,568.3912353515625,6626.01513671875,798.5562133789062,69.4848403930664,47.7075309753418,74.8590087890625,835.1676635742188,779.3936157226562,185.5811309814453,458.1888427734375,466.9688720703125,34.32130432128906,2279.82763671875,678.2747802734375,1181.572265625,131.72824096679688,4426.65673828125,396.1765441894531,154.70555114746094
2020-11-04,350.8405456542969,349.0549621582031,2076.450439453125,2076.535400390625,522.9664306640625,2523.3076171875,579.88037109375,348.8665771484375,434.6326599121094,117.98529052734375,3203.304931640625,745.41015625,68.94627380371094,3100.4326171875,956.5757446289062,1999.6636962890625,760.6028442382812,651.262939453125,595.4893188476562,585.291748046875,2449.552001953125,170.3346405029297,1894.43310546875,422.70928955078125,654.7955932617188,942.62841796875,126.81729888916016,300.8833312988281,324.7831726074219,883.2366333007812,2825.99462890625,569.34521484375,6665.0234375,803.5009155273438,68.79766845703125,47.81546401977539,73.67340087890625,863.51220703125,781.4683227539062,187.6204833984375,476.16351318359375,470.06927490234375,34.068260192871094,2296.750732421875,694.012451171875,1197.0316162109375,133.49639892578125,4409.1923828125,381.2622985839844,158.07025146484375
2020-11-05,351.7379455566406,356.3531188964844,2095.205078125,2142.4365234375,537.0575561523438,2543.314208984375,604.1558227539062,366.05303955078125,438.7098693847656,123.88709259033203,3229.655517578125,757.1951293945312,71.97917938232422,3112.849365234375,961.0140380859375,2021.02001953125,781.291015625,673.4337158203125,601.0776977539062,583.1248779296875,2430.032958984375,180.8056640625,1933.3326416015625,424.11175537109375,689.8990478515625,951.2883911132812,130.5142822265625,310.20758056640625,333.6958923339844,900.3872680664062,2956.13330078125,574.4014282226562,6798.00634765625,814.0994262695312,70.17201232910156,48.642974853515625,74.48460388183594,882.3783569335938,795.299560546875,198.17977905273438,483.57037353515625,483.138671875,35.89017868041992,2324.92919921875,705.637451171875,1223.07666015625,135.21542358398438,4493.1611328125,397.45892333984375,159.19947814941406
2020-11-06,351.0898742675781,358.721435546875,2058.978515625,2114.439453125,539.4974365234375,2567.5458984375,627.2338256835938,370.34844970703125,431.6107482910156,122.58499908447266,3242.853759765625,753.8075561523438,73.15031433105469,3140.252685546875,950.2477416992188,2039.373046875,771.5296630859375,679.1861572265625,619.287109375,581.6967163085938,2430.94140625,181.5776824951172,1925.79150390625,428.2706604003906,713.3173217773438,958.827880859375,129.916748046875,309.0242919921875,342.1804504394531,902.8777465820312,2946.13720703125,585.3724365234375,6620.50439453125,803.9523315429688,70.57622528076172,48.9307975769043,74.23501586914062,915.8455810546875,791.5947875976562,198.6782989501953,480.4095153808594,480.9922790527344,35.97453308105469,2343.7568359375,714.4086303710938,1234.302001953125,136.5415802001953,4432.9326171875,401.25872802734375,159.36080932617188
2020-11-09,356.87322998046875,354.80645751953125,2057.498046875,2129.8974609375,562.7005004882812,2588.716552734375,626.924560546875,378.6012268066406,452.62042236328125,127.01556396484375,3274.926513671875,728.2814331054688,73.12027740478516,3321.16455078125,945.73193359375,2090.666015625,769.392822265625,683.1010131835938,634.8681030273438,583.9127807617188,2438.20361328125,187.89889526367188,1961.104736328125,447.5177001953125,748.8552856445312,979.3358764648438,129.0579071044922,315.3193359375,344.19207763671875,907.6705322265625,3049.634521484375,587.9957885742188,6586.52734375,819.3326416015625,72.3143539428711,49.254608154296875,76.56461334228516,925.572021484375,798.4116821289062,198.95021057128906,481.35308837890625,486.3822021484375,36.969844818115234,2360.3349609375,732.5385131835938,1265.369140625,138.5061798095703,4500.3125,405.3909912109375,162.21847534179688
2020-11-10,358.4685974121094,354.51654052734375,2007.1563720703125,2105.537109375,581.1734008789062,2584.87939453125,667.2638549804688,412.254150390625,447.4399719238281,129.46762084960938,3238.054443359375,684.4814453125,74.95205688476562,3165.619140625,910.5261840820312,2130.708740234375,766.8189697265625,646.90869140625,660.0157470703125,600.4596557617188,2435.728271484375,185.63099670410156,1964.829345703125,467.97369384765625,806.5560302734375,940.129638671875,133.20297241210938,316.9285583496094,349.13140869140625,971.4334716796875,2811.813720703125,591.4302368164062,6511.09912109375,784.953369140625,73.97164916992188,50.90961837768555,77.3342056274414,940.8499755859375,819.4055786132812,210.00802612304688,463.189697265625,475.4591979980469,37.27348709106445,2293.678466796875,689.3541870117188,1285.4072265625,143.41775512695312,4592.0654296875,411.1382141113281,157.77066040039062
2020-11-11,359.06689453125,359.2048034667969,2167.016357421875,2088.2607421875,606.1193237304688,2606.955322265625,692.9210815429688,418.1560363769531,459.14398193359375,133.25558471679688,3223.65576171875,708.3853759765625,75.5826644897461,3252.679931640625,946.2164916992188,2218.278564453125,780.0283203125,659.9713745117188,658.2633666992188,614.0515747070312,2525.605712890625,196.92230224609375,1959.8170166015625,470.5851135253906,760.926513671875,967.2291870117188,138.39366149902344,324.4542236328125,360.0657653808594,995.6322631835938,2771.130615234375,604.0706787109375,6572.341796875,789.3427734375,75.10345458984375,52.060935974121094,78.89418029785156,901.425048828125,829.4332275390625,212.2739715576172,477.4844970703125,480.2767639160156,39.97685623168945,2326.747314453125,702.9514770507812,1255.177490234375,148.28021240234375,4693.4990234375,413.89306640625,159.8217010498047
2020-11-12,364.501220703125,355.77313232421875,2083.211669921875,2078.78515625,597.2064819335938,2602.0830078125,701.0428466796875,421.04571533203125,460.34320068359375,133.47540283203125,3244.46875,705.856689453125,73.33049011230469,3266.163818359375,935.4987182617188,2241.207763671875,803.193115234375,658.8928833007812,649.620361328125,620.8968505859375,2546.774658203125,201.31336975097656,2015.8671875,461.0583190917969,742.8196411132812,963.1361694335938,140.4102325439453,319.9577331542969,349.4898986816406,1008.5541381835938,2774.1533203125,603.5936889648438,6552.6953125,790.33544921875,73.40576171875,51.48527908325195,78.83180236816406,893.6619262695312,827.6549682617188,205.5667724609375,480.5038757324219,485.3328552246094,39.90937423706055,2312.2470703125,707.77783203125,1258.5252685546875,148.52578735351562,4715.19677734375,408.0984191894531,159.2686309814453
2020-11-13,367.5425109863281,353.3081970214844,2236.55712890625,2086.585205078125,607.8120727539062,2622.17529296875,724.4801025390625,428.66180419921875,456.40985107421875,133.25558471679688,3243.68408203125,710.5801391601562,75.6126708984375,3330.0888671875,941.3228149414062,2397.4228515625,817.179443359375,661.6092529296875,643.5111083984375,618.0404663085938,2582.346435546875,203.19525146484375,2009.6597900390625,469.617919921875,742.1918334960938,968.6942138671875,139.738037109375,324.8802185058594,351.1927795410156,988.1612548828125,2810.186279296875,600.874755859375,6526.24169921875,795.3959350585938,73.93122100830078,51.917015075683594,78.5614013671875,901.06396484375,821.825927734375,207.96868896484375,479.7490234375,489.62567138671875,41.039642333984375,2299.9541015625,704.0846557617188,1268.716796875,143.76158142089844,4767.3974609375,404.0611267089844,158.62335205078125
2020-11-14,370.1849060058594,353.88818359375,2255.163330078125,2091.03662109375,610.6005859375,2623.167236328125,731.9083251953125,428.5393981933594,461.9261169433594,139.630859375,3255.59033203125,711.6298217773438,76.33336639404297,3341.7294921875,944.259033203125,2422.16357421875,814.5084838867188,663.5267944335938,648.6732177734375,626.5108032226562,2571.452392578125,201.98892211914062,2011.82080078125,470.92364501953125,744.0266723632812,976.6646118164062,140.8583221435547,323.6969299316406,352.6367492675781,995.3973999023438,2824.87890625,602.3058471679688,6567.45458984375,795.98681640625,73.48658752441406,52.276798248291016,78.20780181884766,903.7269897460938,830.3223266601562,208.1499481201172,484.9857177734375,492.3922424316406,41.51620864868164,2311.64111328125,705.1758422851562,1267.0919189453125,146.2173614501953,4775.6201171875,407.765869140625,159.2225341796875
2020-11-17,393.16876220703125,366.9861755371094,2277.5703125,2093.95556640625,626.1854248046875,2625.9697265625,734.8817138671875,439.6280212402344,464.85211181640625,133.47540283203125,3239.392578125,708.5762329101562,77.29429626464844,3324.3173828125,927.2230224609375,2423.260009765625,818.6849365234375,651.1429443359375,667.0247802734375,659.9490356445312,2501.79541015625,206.0904541015625,2002.5328369140625,470.4400329589844,757.2568359375,968.2633056640625,139.9247589111328,322.75030517578125,357.83502197265625,1015.7903442382812,2787.77587890625,607.9343872070312,6691.28466796875,802.8272094726562,71.7080307006836,51.30538558959961,77.70860290527344,899.6422729492188,852.7489013671875,217.71226501464844,489.1373596191406,494.4432373046875,44.088836669921875,2307.91845703125,709.4564208984375,1282.0098876953125,155.20550537109375,4776.4462890625,408.1458740234375,160.7205047607422
2020-11-18,393.3681640625,378.0542907714844,2259.161376953125,2101.708740234375,633.6542358398438,2619.7177734375,777.2464599609375,455.86431884765625,458.9521179199219,129.55215454101562,3230.671142578125,708.9579467773438,77.0240249633789,3348.374267578125,911.6502075195312,2492.333984375,824.5611572265625,650.5839233398438,667.14306640625,654.7781982421875,2461.931884765625,211.6878662109375,1960.690673828125,481.32086181640625,799.8927001953125,956.9322509765625,137.46011352539062,324.312255859375,364.5968017578125,1078.989501953125,2806.001708984375,673.2831420898438,6761.10693359375,797.6153564453125,71.3846664428711,51.77310562133789,77.1261978149414,896.91162109375,847.6115112304688,228.40753173828125,484.0422058105469,493.107666015625,43.62491989135742,2273.811279296875,701.7763671875,1260.4947509765625,170.43138122558594,4794.39794921875,404.9635314941406,159.15338134765625
2020-11-19,384.6432800292969,369.1611633300781,2269.3779296875,2069.1171875,608.9573974609375,2616.5703125,780.5838623046875,444.3837890625,449.5025634765625,129.7720184326172,3240.8232421875,708.146728515625,77.85328674316406,3332.126220703125,912.4061279296875,2432.36474609375,812.7116088867188,642.7940063476562,650.8753662109375,636.3108520507812,2466.470947265625,206.37998962402344,1959.449462890625,463.04107666015625,789.9459838867188,945.0411987304688,140.33551025390625,313.5207214355469,363.75030517578125,1065.9267578125,2773.874267578125,671.518310546875,6673.88916015625,800.5250854492188,72.5973129272461,51.917015075683594,78.95658111572266,890.5702514648438,836.5464477539062,217.30438232421875,478.71112060546875,491.86749267578125,44.16474533081055,2282.684326171875,690.6971435546875,1272.655517578125,164.97952270507812,4648.93701171875,395.6540222167969,157.908935546875
2020-11-20,387.1859436035156,363.3129577636719,2319.275634765625,2073.759521484375,605.3225708007812,2637.525390625,852.3424682617188,461.9473571777344,464.03668212890625,129.63671875,3278.43359375,706.0474853515625,77.47054290771484,3365.156005859375,905.2835083007812,2469.9287109375,831.4086303710938,654.53857421875,664.7515869140625,653.8917236328125,2474.84814453125,208.0205841064453,1949.7933349609375,464.4434814453125,783.1859741210938,950.7281494140625,143.173583984375,318.20648193359375,376.307861328125,1064.0941162109375,2874.860595703125,682.6799926757812,6676.3330078125,825.4024047851562,74.21417999267578,51.55723190307617,79.80939483642578,857.328857421875,835.2621459960938,220.0235137939453,474.8425598144531,495.15869140625,44.949180603027344,2302.89794921875,702.9935302734375,1344.2420654296875,166.1092071533203,4731.20263671875,399.3587951660156,159.6143035888672
2020-11-23,407.8764343261719,362.63629150390625,2344.69287109375,2092.61572265625,593.1234741210938,2654.08251953125,875.4653930664062,471.31195068359375,457.8489074707031,133.4077911376953,3283.3251953125,712.1547241210938,78.29978942871094,3440.04296875,935.866943359375,2476.316650390625,830.048828125,670.477783203125,660.465576171875,651.3309326171875,2525.275390625,210.43325805664062,1958.20751953125,452.88555908203125,820.6070556640625,982.1793823242188,142.5387725830078,319.7210998535156,377.99090576171875,1058.0325927734375,3035.313720703125,672.9970092773438,6697.32275390625,840.8133544921875,75.70978546142578,55.04716110229492,81.01580810546875,880.4375,821.5790405273438,216.3526611328125,483.9006652832031,497.6390075683594,45.809539794921875,2358.300048828125,726.6630249023438,1326.9609375,167.68089294433594,4757.42431640625,405.1060485839844,164.01602172851562
2020-11-24,406.03173828125,379.1659240722656,2283.493408203125,2113.338134765625,617.0735473632812,2669.561279296875,883.9811401367188,471.233642578125,454.9708557128906,131.81817626953125,3287.8017578125,714.206298828125,78.61873626708984,3431.070068359375,952.6799926757812,2567.795654296875,828.737548828125,671.516357421875,681.114013671875,654.1380615234375,2537.15966796875,218.1055450439453,1983.910888671875,462.50909423828125,824.421630859375,982.3516845703125,146.04901123046875,322.6556091308594,383.37835693359375,1067.1014404296875,3102.080078125,695.7974853515625,6860.88037109375,835.6701049804688,76.11400604248047,54.759307861328125,80.91179656982422,886.4629516601562,828.8405151367188,221.02053833007812,490.7886047363281,502.5997009277344,46.24814987182617,2356.396240234375,736.6513061523438,1306.82421875,169.00701904296875,4741.56494140625,406.05596923828125,163.85470581054688
2020-11-25,398.1045227050781,385.6424255371094,2212.5703125,2062.0341796875,597.3558349609375,2631.22998046875,869.8181762695312,459.39068603515625,445.2334289550781,129.21392822265625,3281.848388671875,698.175048828125,79.06523895263672,3365.4951171875,931.5159912109375,2474.171630859375,818.8790893554688,658.8928833007812,664.3489990234375,655.0736694335938,2483.183837890625,215.64463806152344,1964.139404296875,457.1895751953125,825.7252807617188,961.326904296875,144.77932739257812,320.1944274902344,370.9403076171875,1048.77587890625,2890.48291015625,686.8299560546875,6762.44873046875,828.229248046875,75.95230102539062,58.14131546020508,81.24459075927734,879.128662109375,838.8187255859375,220.25010681152344,477.6260681152344,491.1043395996094,45.65348815917969,2338.433349609375,723.725341796875,1286.9334716796875,168.41763305664062,4689.65673828125,397.64892578125,161.31967163085938
2020-11-26,400.79681396484375,396.4688415527344,2274.609619140625,2062.99072265625,610.0030517578125,2698.449951171875,878.6931762695312,472.2720031738281,449.358642578125,127.84419250488281,3275.341552734375,704.9024658203125,79.76692199707031,3438.102783203125,949.937744140625,2430.41064453125,852.19384765625,672.754638671875,675.64404296875,650.8385009765625,2496.22412109375,221.8693389892578,1981.013916015625,459.7042236328125,821.379638671875,959.2157592773438,145.48887634277344,340.026123046875,376.24810791015625,1051.4544677734375,2872.349609375,694.9866333007812,6703.552734375,838.7119750976562,76.07357788085938,57.709571838378906,82.2221908569336,881.295166015625,841.2392578125,222.47073364257812,482.81561279296875,495.921875,47.94355010986328,2355.140869140625,719.3607788085938,1307.0703125,170.6769561767578,4703.56982421875,399.5013122558594,163.55511474609375
2020-11-27,397.25701904296875,397.82208251953125,2317.597412109375,2120.42138671875,599.0984497070312,2736.695068359375,873.9138793945312,480.84808349609375,444.41802978515625,126.15311431884766,3357.66943359375,711.4866943359375,80.08585357666016,3497.080810546875,935.9057006835938,2416.538330078125,850.5911865234375,656.8155517578125,682.3690795898438,637.0494995117188,2565.798828125,218.44334411621094,1966.3004150390625,457.8182373046875,828.236083984375,947.8416748046875,144.6300048828125,331.5065612792969,379.8331604003906,1054.7906494140625,2976.07958984375,688.7855834960938,6743.3759765625,845.6611938476562,76.55863952636719,56.48628234863281,80.03820037841797,871.0045166015625,835.8549194335938,221.38307189941406,482.7684020996094,513.2364501953125,48.69846725463867,2319.69140625,735.9796142578125,1340.3526611328125,177.1602325439453,4672.2880859375,396.7939758300781,161.55015563964844
2020-12-01,420.68951416015625,409.66351318359375,2431.2119140625,2134.53955078125,601.1400756835938,2797.145263671875,872.6917114257812,476.1755676269531,459.9595031738281,128.28387451171875,3349.732177734375,721.0291748046875,80.62806701660156,3512.261962890625,936.186767578125,2414.67919921875,881.7205200195312,666.4030151367188,678.7933959960938,632.2235107421875,2566.95361328125,221.29031372070312,1961.5643310546875,469.18267822265625,864.7880249023438,980.455810546875,145.1901092529297,339.03216552734375,373.609130859375,1048.7288818359375,3118.353271484375,700.7582397460938,6806.53662109375,823.4050903320312,75.79061889648438,58.68099594116211,80.01739501953125,882.333251953125,841.0910034179688,224.8273468017578,508.90478515625,504.9369201660156,49.41120147705078,2360.5078125,761.537841796875,1320.5604248046875,176.57083129882812,4777.857421875,411.3757019042969,162.63328552246094
2020-12-02,452.44818115234375,423.58319091796875,2380.42578125,2216.665283203125,605.5714721679688,2878.636962890625,878.244140625,472.5316162109375,465.1878967285156,130.04258728027344,3319.87451171875,723.6533203125,82.76496124267578,3530.49853515625,940.033935546875,2414.488525390625,889.1992797851562,673.6334838867188,666.3143310546875,626.90478515625,2580.11767578125,223.75120544433594,1967.312255859375,464.6852722167969,866.5262451171875,983.0840454101562,146.3477783203125,348.73504638671875,361.3304748535156,1046.66162109375,3155.828125,718.931884765625,6906.9814453125,816.23388671875,76.63947296142578,61.055580139160156,80.76617431640625,883.8001708984375,864.9994506835938,223.83030700683594,513.9056396484375,514.428955078125,50.975868225097656,2380.201904296875,762.712890625,1367.726806640625,180.35275268554688,4799.84716796875,419.8302917480469,165.4218292236328
2020-12-03,446.2659912109375,421.2632141113281,2359.054931640625,2308.12255859375,600.1940307617188,2840.9091796875,909.3591918945312,476.7975769042969,460.39117431640625,133.22174072265625,3355.823486328125,727.2796020507812,85.12511444091797,3581.716796875,954.1434326171875,2430.696533203125,883.9058837890625,688.8533935546875,652.22509765625,638.1822509765625,2591.383056640625,233.54666137695312,1956.6903076171875,466.0393371582031,865.5123291015625,970.6327514648438,146.53448486328125,351.0542907714844,362.684814453125,1057.3748779296875,3069.255126953125,711.5384521484375,7417.44482421875,826.9033203125,79.67109680175781,63.82590866088867,80.4749984741211,886.4629516601562,847.8091430664062,232.30494689941406,517.3024291992188,525.065673828125,52.371829986572266,2345.48876953125,768.126708984375,1396.7750244140625,181.5806427001953,4761.3173828125,431.9896240234375,166.06707763671875
2020-12-04,444.6705627441406,438.566162109375,2403.227783203125,2334.3017578125,611.9448852539062,2855.56884765625,903.2129516601562,477.5714111328125,473.6781921386719,132.68060302734375,3367.129638671875,731.8599243164062,85.02943420410156,3600.729248046875,951.3331909179688,2434.510009765625,904.7396240234375,685.8973388671875,656.2033081054688,633.5531005859375,2624.891357421875,243.87289428710938,2008.60205078125,485.5765380859375,882.3155517578125,977.69873046875,148.02821350097656,350.6282653808594,367.71380615234375,1080.258056640625,3036.2431640625,716.022216796875,7478.83251953125,842.81298828125,79.67109680175781,64.65342712402344,80.84940338134766,878.6547241210938,852.6006469726562,238.8308868408203,536.9283447265625,537.562744140625,52.523658752441406,2361.157470703125,774.7994384765625,1415.1395263671875,180.8930206298828,4953.8701171875,432.89208984375,166.29754638671875
2020-12-07,456.2372741699219,455.77239990234375,2401.302978515625,2366.654052734375,616.6751708984375,2862.59716796875,903.1631469726562,473.0751953125,488.2602233886719,133.5937957763672,3349.36279296875,737.7762451171875,87.26200103759766,3606.16162109375,974.6971435546875,2441.8037109375,910.761474609375,683.340576171875,649.8809204101562,639.7581176757812,2619.609375,242.47354125976562,2074.767578125,493.7008972167969,903.0781860351562,985.3243408203125,151.7251739501953,345.5165100097656,362.5951232910156,1099.2413330078125,3041.63720703125,717.6917724609375,7421.56591796875,830.2313232421875,80.64122009277344,65.87669372558594,80.49578857421875,883.8225708007812,841.4862670898438,244.3597869873047,549.4303588867188,541.71240234375,51.836219787597656,2369.943359375,792.593505859375,1403.470947265625,180.3036346435547,4919.9140625,452.1285705566406,165.21441650390625
2020-12-08,450.6034851074219,447.8942565917969,2418.8232421875,2334.44482421875,618.0693969726562,2868.332275390625,894.9266967773438,469.42144775390625,483.1277160644531,132.054931640625,3364.54541015625,730.953369140625,85.63541412353516,3579.43701171875,972.0029907226562,2429.45703125,899.2034301757812,690.1317138671875,651.7989501953125,641.6787109375,2614.5751953125,237.11741638183594,2078.308349609375,491.7181701660156,885.2609252929688,993.8118896484375,151.20240783691406,343.29193115234375,365.2341613769531,1100.8389892578125,3032.80322265625,719.3135375976562,7440.064453125,828.19384765625,79.38815307617188,65.30101776123047,79.70538330078125,899.867919921875,843.5115356445312,246.44444274902344,536.5980834960938,536.84716796875,51.743438720703125,2421.53759765625,782.5213623046875,1405.9818115234375,178.58457946777344,5076.80810546875,449.1361999511719,167.63418579101562
2020-12-09,447.8115539550781,448.4259338378906,2411.174072265625,2414.27294921875,631.5630493164062,2851.386962890625,899.0422973632812,474.51519775390625,482.6000671386719,133.64451599121094,3347.6552734375,727.5181884765625,85.92245483398438,3613.776123046875,980.0850830078125,2428.55126953125,893.8128051757812,695.524658203125,666.4327392578125,642.7620849609375,2633.350830078125,232.58160400390625,2107.91943359375,494.7164306640625,896.6561889648438,1012.6395263671875,153.40562438964844,342.5346984863281,375.1427307128906,1109.860595703125,3036.894775390625,720.2675170898438,7388.83544921875,830.5433349609375,79.468994140625,65.62483978271484,80.16300201416016,914.8526000976562,847.660888671875,245.0395965576172,537.4000854492188,539.470703125,51.397605895996094,2433.22412109375,780.1713256835938,1404.3079833984375,179.46865844726562,5005.828125,467.9451904296875,165.69834899902344
2020-12-10,445.96685791015625,455.2890930175781,2362.164794921875,2417.862548828125,624.4426879882812,2837.847900390625,900.8583374023438,469.6810302734375,484.6147155761719,135.04812622070312,3451.62646484375,727.85205078125,86.01815032958984,3620.42138671875,979.3485717773438,2376.49560546875,883.37158203125,692.4886474609375,656.3216552734375,649.5089111328125,2636.322021484375,234.22219848632812,2161.486328125,490.31573486328125,884.4400024414062,1006.2199096679688,158.85772705078125,342.96063232421875,379.0763244628906,1118.647216796875,3023.457763671875,702.2847290039062,7414.4736328125,867.583984375,78.53929138183594,65.94863891601562,80.18380737304688,905.8482055664062,845.7344970703125,244.31446838378906,533.295654296875,553.2078857421875,51.46086883544922,2410.283447265625,778.3247680664062,1402.3878173828125,174.4588623046875,4830.2041015625,416.50543212890625,164.03904724121094
2020-12-11,448.509521484375,450.7458801269531,2329.4423828125,2412.98046875,610.7001342773438,2869.582275390625,897.4859008789062,474.48577880859375,483.8951721191406,134.40548706054688,3445.166015625,721.2677612304688,88.18694305419922,3532.972412109375,972.3423461914062,2355.663818359375,876.3298950195312,688.8933715820312,654.877197265625,654.482666015625,2628.89453125,235.13900756835938,2183.83349609375,498.5368347167969,892.0691528320312,1002.2994384765625,161.54644775390625,340.45208740234375,382.4820556640625,1122.359375,3039.49853515625,694.0802612304688,7412.12548828125,869.8718872070312,82.78357696533203,69.6544418334961,80.32938385009766,905.306640625,839.4609375,246.94297790527344,536.0319213867188,549.8689575195312,52.43930435180664,2409.677734375,771.6939697265625,1420.30908203125,175.686767578125,4879.53466796875,413.2281188964844,162.93284606933594
2020-12-14,453.8442077636719,451.42254638671875,2326.382080078125,2439.015380859375,613.339111328125,2836.2529296875,891.3446655273438,479.8537902832031,482.6000671386719,137.1280975341797,3485.96044921875,753.1873168945312,91.44013214111328,3491.93994140625,973.4761352539062,2288.592041015625,885.265625,697.48193359375,649.8336181640625,645.8646850585938,2569.76025390625,237.74472045898438,2180.154541015625,508.5472412109375,889.6549072265625,1003.4628295898438,161.24771118164062,338.4168395996094,386.25628662109375,1174.375244140625,3008.16064453125,678.95947265625,7376.9033203125,878.886962890625,84.56211853027344,73.03641510009766,80.82859802246094,898.7621459960938,839.9548950195312,248.52914428710938,543.7218017578125,550.4413452148438,52.865272521972656,2421.88427734375,763.300537109375,1441.0364990234375,174.50796508789062,4936.6982421875,420.0202331542969,161.0200958251953
2020-12-15,461.12322998046875,459.8806457519531,2324.802978515625,2419.202392578125,604.5756225585938,2821.291015625,927.608154296875,501.78131103515625,483.7033386230469,134.8113555908203,3475.438720703125,745.8873291015625,91.2806625366211,3519.682861328125,975.1332397460938,2359.8583984375,885.7998046875,707.8684692382812,658.9027709960938,641.6295166015625,2568.687255859375,236.00758361816406,2133.53076171875,501.0515441894531,894.9662475585938,994.8889770507812,159.4925537109375,346.3684387207031,388.60650634765625,1171.18017578125,3034.3837890625,684.9219360351562,7442.5087890625,859.887939453125,85.5726547241211,72.2808609008789,80.20460510253906,891.1118774414062,845.8826293945312,245.31149291992188,539.381591796875,545.0037231445312,53.590660095214844,2390.590576171875,778.1149291992188,1446.25537109375,175.73587036132812,5017.55322265625,426.3373718261719,162.5641632080078
2020-12-16,461.9209289550781,459.6872863769531,2358.857666015625,2471.8466796875,603.579833984375,2848.756591796875,923.69189453125,504.1420593261719,495.2154846191406,135.14956665039062,3463.486328125,750.8016357421875,92.81156158447266,3606.500732421875,976.6060791015625,2354.99658203125,888.519287109375,707.1094360351562,668.09033203125,638.9209594726562,2572.937744140625,242.66656494140625,2155.509033203125,495.6352844238281,890.1859741210938,1004.45361328125,159.82864379882812,350.8175964355469,388.88531494140625,1191.85498046875,3058.375244140625,698.2778930664062,7472.31591796875,866.2012329101562,84.80464935302734,74.04381561279297,81.6189956665039,892.1048583984375,847.1669311523438,244.17849731445312,544.052001953125,556.737548828125,54.2696647644043,2436.167236328125,773.4984741210938,1481.4085693359375,179.32131958007812,4974.8876953125,436.64434814453125,165.19134521484375
2020-12-17,457.9822692871094,452.1474914550781,2373.466796875,2464.763671875,602.8828125,2820.25634765625,927.32373046875,517.86572265625,494.1602478027344,133.72906494140625,3442.39697265625,747.366455078125,91.50391387939453,3710.10107421875,983.1763305664062,2351.65966796875,886.4796752929688,702.555419921875,682.8189086914062,644.6826782226562,2568.9345703125,237.26217651367188,2129.162109375,493.65252685546875,903.705810546875,998.8526611328125,159.11915588378906,346.6524963378906,391.4546203613281,1201.76953125,3074.22998046875,697.0377197265625,7374.2197265625,865.3455810546875,84.44084930419922,73.03641510009766,82.51542663574219,896.1895141601562,846.03076171875,242.63771057128906,539.0983276367188,550.7275390625,53.58644485473633,2456.94287109375,780.6748657226562,1478.9468994140625,178.48634338378906,5032.0986328125,432.6070556640625,164.49998474121094
2020-12-18,453.8442077636719,447.845947265625,2356.932861328125,2490.080810546875,606.9656982421875,2886.742919921875,919.4913940429688,514.515625,489.8910827636719,133.20484924316406,3433.859619140625,757.1475219726562,90.38762664794922,3718.05517578125,1013.3914184570312,2365.3408203125,883.517333984375,711.5835571289062,668.3981323242188,644.2394409179688,2587.628662109375,241.1707000732422,2145.853271484375,500.1810607910156,874.1553344726562,1025.219970703125,160.20208740234375,344.7592468261719,388.24798583984375,1204.3538818359375,3121.0966796875,699.8519897460938,7245.5498046875,868.05908203125,83.87494659423828,71.23749542236328,82.77156829833984,898.8749389648438,846.8211669921875,246.03660583496094,542.5424194335938,547.150146484375,53.24483108520508,2476.680908203125,783.7804565429688,1496.0804443359375,177.356689453125,5013.3203125,437.2618103027344,167.5650634765625
2020-12-21,427.9686584472656,429.431396484375,2305.307861328125,2445.237548828125,580.0779418945312,2792.48876953125,882.6891479492188,493.88116455078125,470.9440002441406,124.24225616455078,3344.840087890625,742.8814697265625,84.80616760253906,3525.260498046875,982.3429565429688,2284.73046875,852.1453247070312,695.4447021484375,650.0703125,619.7149047851562,2471.0927734375,224.18548583984375,2120.56396484375,478.27423095703125,813.798828125,1014.4490966796875,151.5758056640625,334.6304016113281,382.5717468261719,1160.466796875,3157.408203125,654.39404296875,7069.5322265625,860.0155029296875,78.82225799560547,64.65342712402344,79.185791015625,875.4728393554688,830.717529296875,230.85475158691406,521.3597412109375,536.84716796875,50.258907318115234,2441.318359375,761.16015625,1449.1109619140625,161.63967895507812,4872.578125,415.4129638671875,163.1403045654297
2020-12-22,457.4836730957031,453.0174560546875,2377.267333984375,2489.410888671875,587.2977905273438,2815.8154296875,891.8785400390625,490.89837646484375,479.9618835449219,125.98402404785156,3350.700927734375,758.6265869140625,86.4327621459961,3609.459716796875,1000.4158325195312,2332.686767578125,859.7697143554688,730.0792846679688,650.2833862304688,631.5831909179688,2516.485595703125,223.79945373535156,2125.208251953125,483.8839416503906,811.867431640625,1051.6732177734375,151.91189575195312,342.6293640136719,379.006591796875,1186.63916015625,3322.51171875,663.0753784179688,7088.0302734375,877.07861328125,79.95405578613281,65.15711975097656,81.23480987548828,874.1187744140625,843.6597290039062,233.3472900390625,536.2206420898438,549.4873657226562,50.722816467285156,2486.6357421875,792.8873901367188,1475.84521484375,162.0325927734375,4885.66455078125,422.3951110839844,167.86463928222656
2020-12-23,462.26995849609375,455.0474548339844,2402.388916015625,2529.37255859375,589.986572265625,2854.059814453125,899.3018188476562,498.4900207519531,486.5813903808594,126.62662506103516,3346.040283203125,786.919921875,86.14572143554688,3578.0791015625,1012.490234375,2332.686767578125,876.087158203125,737.10986328125,651.4910888671875,638.8224487304688,2509.016357421875,227.94924926757812,2179.78662109375,487.07568359375,826.0149536132812,1079.720703125,155.1607666015625,347.26776123046875,382.5517578125,1188.6129150390625,3417.314208984375,678.7686157226562,7140.31298828125,885.547607421875,79.67109680175781,65.33700561523438,81.08539581298828,877.3458862304688,844.647705078125,238.37770080566406,542.1649780273438,577.438720703125,52.414005279541016,2518.016357421875,795.8250732421875,1468.01708984375,166.20742797851562,4897.97314453125,429.32977294921875,177.70513916015625
2020-12-24,472.2911071777344,462.5872497558594,2381.906494140625,2534.82861328125,607.6627807617188,2910.19873046875,897.2363891601562,507.8937683105469,496.27081298828125,127.69197082519531,3339.4873046875,795.0787353515625,86.91118621826172,3637.251220703125,1008.1683349609375,2323.2001953125,871.3763427734375,734.5133056640625,661.6494750976562,647.342041015625,2536.293212890625,228.67308044433594,2209.121826171875,496.69915771484375,823.552490234375,1065.072265625,155.7955780029297,346.6997985839844,390.4886474609375,1186.16943359375,3371.424072265625,678.1962890625,7136.57470703125,877.6837158203125,80.80289459228516,67.02799987792969,81.10672760009766,900.0484619140625,863.3693237304688,241.86724853515625,557.1203002929688,573.336669921875,52.48991394042969,2518.53564453125,795.0696411132812,1472.98974609375,172.83804321289062,4908.4814453125,426.9073791503906,176.16111755371094
2020-12-28,489.4417419433594,467.42047119140625,2357.969482421875,2568.951904296875,615.0819091796875,2944.6494140625,897.4859008789062,509.77447509765625,500.39593505859375,129.45069885253906,3325.919677734375,792.1682739257812,87.80420684814453,3653.15966796875,1008.1683349609375,2337.120361328125,880.603515625,736.4708862304688,669.1085815429688,668.4686889648438,2544.13427734375,231.52000427246094,2196.845458984375,503.0342102050781,837.2171630859375,1068.7344970703125,156.46775817871094,365.9635314941406,396.1250915527344,1211.7310791015625,3385.51220703125,678.2439575195312,7171.98876953125,879.149169921875,81.20712280273438,67.49573516845703,81.76837921142578,904.1782836914062,890.784912109375,249.4355010986328,553.81787109375,574.719970703125,53.36292266845703,2535.89208984375,794.9437255859375,1519.909912109375,183.05410766601562,5003.25,430.7071533203125,176.48374938964844
2020-12-29,487.7965087890625,467.27545166015625,2345.828125,2581.299072265625,627.5796508789062,2959.18017578125,895.590087890625,509.4218444824219,499.1008605957031,129.02793884277344,3316.45947265625,790.0689086914062,86.17760467529297,3670.814453125,1001.1524047851562,2345.8916015625,883.37158203125,747.7359008789062,675.9044799804688,663.0516357421875,2537.0361328125,227.37022399902344,2192.615234375,511.44873046875,881.5911865234375,1077.3511962890625,157.9988250732422,361.41973876953125,398.1964111328125,1207.455078125,3356.870849609375,674.5233764648438,7142.61328125,863.3270263671875,79.7115249633789,67.02799987792969,80.97867584228516,898.197998046875,888.4632568359375,251.88275146484375,557.2619018554688,571.0470581054688,53.32497024536133,2536.8447265625,810.5136108398438,1516.5125732421875,180.2053985595703,5007.7255859375,431.942138671875,177.45162963867188
2020-12-30,482.7609558105469,469.2087707519531,2365.422119140625,2617.289306640625,622.5007934570312,2973.4951171875,894.1583251953125,522.5137329101562,495.1675109863281,129.48451232910156,3307.783447265625,786.1087036132812,86.49656677246094,3685.85009765625,1002.1890869140625,2400.044677734375,907.5563354492188,751.5708618164062,678.41455078125,665.513916015625,2559.649658203125,229.1073455810547,2213.122314453125,511.4004211425781,868.2162475585938,1074.33544921875,157.7000732421875,365.490234375,401.910888671875,1214.221435546875,3404.48095703125,687.5454711914062,7296.490234375,868.839111328125,80.11573791503906,67.09996032714844,81.19210815429688,900.65771484375,892.0692749023438,250.97634887695312,551.034423828125,566.9927368164062,54.020835876464844,2518.4931640625,825.2861938476562,1528.8211669921875,180.8930206298828,5210.107421875,443.72149658203125,177.17510986328125
2020-12-31,478.17413330078125,467.6138000488281,2381.659912109375,2646.099853515625,617.8701782226562,2969.95947265625,888.6358032226562,518.6984252929688,488.979736328125,128.89263916015625,3300.815185546875,782.4349975585938,86.40087890625,3726.78564453125,1008.807861328125,2412.962890625,901.1944580078125,755.9251708984375,680.2141723632812,666.3018798828125,2566.74755859375,232.14730834960938,2202.822998046875,517.4937133789062,864.2568969726562,1082.090576171875,156.09432983398438,366.531494140625,397.45953369140625,1210.039306640625,3402.947509765625,687.449951171875,7331.66455078125,869.3590698242188,80.31785583496094,66.95604705810547,81.04269409179688,896.0541381835938,893.353515625,249.20895385742188,558.9130249023438,562.74755859375,54.290748596191406,2478.19580078125,816.8505859375,1543.1484375,180.5983428955078,5145.30615234375,443.009033203125,178.0277862548828
2021-01-01,489.7408447265625,487.0433044433594,2383.683349609375,2656.6767578125,621.2062377929688,3002.03857421875,885.0538330078125,517.22412109375,494.2082214355469,129.18014526367188,3292.923828125,788.7807006835938,86.33709716796875,3733.7216796875,1015.8336181640625,2424.21337890625,906.5850219726562,759.4005126953125,674.8863525390625,668.1732788085938,2560.681640625,230.024169921875,2195.603759765625,510.1914367675781,869.2785034179688,1086.0972900390625,159.71661376953125,368.8980712890625,397.15081787109375,1218.873291015625,3439.95751953125,698.7548828125,7371.63134765625,872.2166137695312,80.0753173828125,67.0639877319336,80.89329528808594,897.0470581054688,884.6102905273438,253.2423095703125,562.5928955078125,573.8135986328125,54.24435806274414,2534.897216796875,820.8375854492188,1534.7293701171875,183.20144653320312,5147.884765625,445.8113708496094,178.8804931640625
2021-01-04,493.0812683105469,482.2584228515625,2378.155517578125,2635.76220703125,622.1024780273438,3037.567138671875,887.8775024414062,510.9598693847656,496.07891845703125,133.71217346191406,3279.171875,794.1722412109375,87.54905700683594,3746.526123046875,1021.8222045898438,2531.947998046875,936.7429809570312,783.2892456054688,670.600341796875,685.360107421875,2512.153076171875,245.41700744628906,2231.422607421875,514.253662109375,867.057373046875,1110.0518798828125,159.38055419921875,381.5827941894531,391.4744873046875,1235.4129638671875,3575.768310546875,714.6389770507812,7382.17431640625,868.7777099609375,80.0753173828125,69.76237487792969,80.44506072998047,898.5591430664062,900.41748046875,254.73782348632812,570.2828369140625,576.1986083984375,58.45334243774414,2631.1591796875,840.9818725585938,1527.1473388671875,187.91656494140625,5183.30126953125,449.4686584472656,182.70606994628906
2021-01-05,492.9815979003906,482.79010009765625,2477.062255859375,2674.193115234375,661.687255859375,3011.869384765625,880.10498046875,501.4384765625,493.1049499511719,132.5791473388672,3277.5107421875,789.4010620117188,86.20950317382812,3726.979736328125,1024.66162109375,2550.253173828125,933.6834716796875,792.03759765625,675.667724609375,702.9902954101562,2531.424072265625,241.55673217773438,2253.5390625,519.6215209960938,890.0411987304688,1114.834228515625,157.9241485595703,374.15179443359375,390.3193664550781,1227.6129150390625,3839.858154296875,706.0528564453125,7337.271484375,877.3008422851562,78.903076171875,68.3232192993164,80.25297546386719,887.3883056640625,894.637939453125,255.372314453125,569.3865356445312,581.4931030273438,57.4031982421875,2677.516357421875,842.57666015625,1546.89013671875,189.78294372558594,5196.9228515625,447.6637878417969,187.2690887451172
2021-01-06,489.4916076660156,480.2284851074219,2469.8564453125,2685.2001953125,651.5296020507812,2986.0419921875,876.6627807617188,492.7497253417969,503.945556640625,130.9895477294922,3266.989013671875,787.0630493164062,86.17760467529297,3763.5986328125,1024.93310546875,2522.080078125,956.3141479492188,781.5315551757812,672.7551879882812,708.2103881835938,2544.91796875,250.00106811523438,2222.96240234375,528.7614135742188,890.7171020507812,1104.75244140625,153.40562438964844,380.25750732421875,392.4404602050781,1234.84912109375,3679.498291015625,702.2369995117188,7311.53759765625,875.2681884765625,79.10519409179688,69.76237487792969,83.73202514648438,863.9860229492188,899.3306884765625,258.3633117675781,571.132080078125,577.1047973632812,57.67732620239258,2641.590576171875,836.9530029296875,1548.5150146484375,191.94403076171875,5301.17919921875,448.7562561035156,187.315185546875
2021-01-07,516.613525390625,496.70977783203125,2476.174560546875,2672.661376953125,668.3095703125,2964.69873046875,896.782470703125,497.71612548828125,523.0845336914062,132.6468048095703,3279.07958984375,788.7329711914062,87.07064056396484,3689.099853515625,1021.5607299804688,2526.32275390625,965.2984008789062,769.02783203125,670.71875,693.6826782226562,2521.561767578125,263.3672790527344,2178.407470703125,523.3451538085938,919.3985595703125,1087.56201171875,151.46377563476562,383.7599792480469,388.8554382324219,1258.2962646484375,3610.685546875,710.1551513671875,7251.5869140625,856.9286499023438,78.41802978515625,70.44596862792969,84.11621856689453,862.5869140625,903.1343383789062,260.7652587890625,567.9239501953125,573.1935424804688,60.966922760009766,2625.403076171875,834.9385986328125,1518.7281494140625,193.27015686035156,5252.14013671875,458.3507080078125,187.4765167236328
2021-01-08,516.5138549804688,499.75469970703125,2520.5439453125,2722.865478515625,669.9029541015625,3043.344482421875,915.1011962890625,497.81414794921875,518.287841796875,135.3355712890625,3299.800048828125,800.3271484375,89.11186218261719,3743.5185546875,1034.614013671875,2632.197998046875,975.4482421875,794.6742553710938,678.0120239257812,706.1912841796875,2608.921875,258.8314514160156,2198.960205078125,524.2639770507812,907.5686645507812,1130.602783203125,150.4928436279297,381.34613037109375,392.500244140625,1290.6710205078125,3805.3125,735.0545043945312,7681.7822265625,865.3881225585938,80.96459197998047,72.42478942871094,86.89092254638672,872.7647094726562,924.22705078125,259.2243957519531,585.7571411132812,581.4931030273438,60.152957916259766,2701.66845703125,882.2356567382812,1524.8824462890625,194.64540100097656,5440.7060546875,478.442138671875,198.28492736816406
2021-01-11,517.6605224609375,491.39324951171875,2517.6318359375,2727.267822265625,664.1768188476562,3119.403564453125,896.5928344726562,488.2388610839844,524.9073486328125,135.87673950195312,3334.503173828125,817.6466674804688,90.38762664794922,3707.8701171875,1049.8377685546875,2647.73828125,975.4482421875,842.9706420898438,687.3890380859375,714.1692504882812,2639.128173828125,255.45375061035156,2233.813720703125,526.8270874023438,897.2356567382812,1185.8360595703125,151.2397003173828,377.7489318847656,386.017333984375,1268.6807861328125,3947.5400390625,752.7987060546875,7890.57763671875,869.4158935546875,80.03490447998047,73.79196166992188,86.89092254638672,856.313232421875,924.9679565429688,256.05206298828125,585.9458618164062,600.0478515625,58.67686462402344,2749.75634765625,904.478271484375,1539.9482421875,216.74745178222656,5471.79248046875,472.5524597167969,205.93609619140625
2021-01-12,523.8927001953125,494.1965026855469,2484.761474609375,2604.031982421875,672.8904418945312,3125.35400390625,893.8890380859375,493.9154357910156,542.751220703125,136.14727783203125,3351.854736328125,804.5736083984375,93.54512786865234,3654.615234375,1037.637451171875,2747.36865234375,981.27587890625,848.5631713867188,701.3836059570312,707.5702514648438,2680.84814453125,255.11593627929688,2184.89013671875,530.0187377929688,895.8353881835938,1182.0015869140625,154.1898193359375,378.2222595214844,379.106201171875,1268.4927978515625,3984.735107421875,743.974365234375,7847.73583984375,850.8682861328125,80.96459197998047,74.43958282470703,86.95494842529297,883.3036499023438,913.8535766601562,265.1158752441406,575.2364501953125,595.564208984375,58.61359786987305,2748.371337890625,893.2310791015625,1503.7117919921875,233.59413146972656,5486.67919921875,476.3997497558594,210.96006774902344
2021-01-13,534.5120849609375,518.7492065429688,2447.20263671875,2587.90380859375,684.9401245117188,3105.21826171875,877.3910522460938,480.2701721191406,554.7430419921875,139.3095703125,3342.1640625,803.1898193359375,93.0029296875,3607.9560546875,1025.262451171875,2734.97412109375,1003.6636352539062,843.64990234375,696.4819946289062,702.497802734375,2687.904541015625,253.475341796875,2181.625732421875,538.2398681640625,910.41748046875,1195.271240234375,157.7747802734375,381.4407958984375,374.8539733886719,1271.030029296875,4093.8125,790.2431640625,7801.53955078125,851.8232421875,82.90483856201172,75.73480224609375,87.50990295410156,875.0665893554688,915.3848266601562,278.07708740234375,568.3014526367188,591.8436889648438,59.815555572509766,2734.606689453125,897.8055419921875,1482.7381591796875,238.30923461914062,5498.11181640625,467.09027099609375,211.5592498779297
2021-01-14,530.5734252929688,519.0392456054688,2479.579345703125,2549.80810546875,673.189208984375,3083.788818359375,872.771484375,477.767333984375,556.9495239257812,144.3151397705078,3383.05078125,802.426513671875,93.54512786865234,3613.09716796875,1028.925537109375,2752.087890625,990.93994140625,821.079345703125,695.58203125,696.2435913085938,2695.99267578125,252.26898193359375,2205.7197265625,535.1448364257812,936.4432373046875,1180.9246826171875,159.940673828125,375.2403869628906,376.9552001953125,1293.6783447265625,4082.885986328125,791.721923828125,7810.740234375,857.1790771484375,82.62187194824219,75.59090423583984,87.55258178710938,884.9058837890625,914.0017700195312,278.4849548339844,572.783203125,585.7381591796875,59.579383850097656,2819.38671875,883.49462890625,1467.1307373046875,240.7650146484375,5431.55908203125,483.90435791015625,209.416015625
2021-01-15,525.7871704101562,510.3394470214844,2558.892333984375,2479.9345703125,672.0438842773438,3087.45361328125,861.6714477539062,478.3795471191406,578.1511840820312,140.22276306152344,3330.995849609375,786.013427734375,91.3763198852539,3535.591552734375,1010.30029296875,2724.1533203125,1003.3721923828125,790.7992553710938,694.5875244140625,694.2244262695312,2643.502685546875,244.5001983642578,2162.1298828125,525.1828002929688,932.7736206054688,1158.90869140625,162.70407104492188,373.1578674316406,371.22906494140625,1272.58056640625,3987.2470703125,781.9434814453125,7691.22265625,843.0635986328125,81.20712280273438,72.96446228027344,86.65614318847656,874.457275390625,899.2813110351562,275.4032897949219,570.1885375976562,574.6722412109375,59.54142761230469,2804.339599609375,845.472412109375,1454.625244140625,255.69618225097656,5304.9736328125,496.3962097167969,202.133544921875
2021-01-18,506.39300537109375,498.3047790527344,2575.57421875,2477.350830078125,654.2682495117188,3073.181884765625,833.5846557617188,462.33917236328125,563.0894165039062,138.51478576660156,3329.888427734375,765.0676879882812,88.47398376464844,3458.4736328125,979.1547241210938,2739.121826171875,970.4946899414062,784.1680297851562,702.3780517578125,683.48876953125,2610.613037109375,234.656494140625,2145.072021484375,515.6560668945312,900.8087158203125,1130.5596923828125,164.1231231689453,362.6503601074219,367.85321044921875,1255.5711669921875,3727.8056640625,771.7833251953125,7505.189453125,833.4529418945312,78.8626708984375,69.5465087890625,83.56129455566406,895.44482421875,882.1404418945312,266.8833312988281,548.6282958984375,557.8345947265625,56.23497772216797,2794.2783203125,837.8762817382812,1480.5224609375,241.59999084472656,5240.51318359375,533.2066650390625,198.9071807861328
2021-01-19,528.5790405273438,515.0276489257812,2611.3564453125,2531.765625,665.9692993164062,3139.79833984375,890.4118041992188,485.7801513671875,568.2218627929688,139.8338165283203,3323.796875,784.8206176757812,89.3670425415039,3491.600341796875,986.2869873046875,2749.132568359375,1002.2553100585938,786.045654296875,712.2049560546875,688.0194091796875,2668.178955078125,242.7630615234375,2173.165771484375,528.5196533203125,907.665283203125,1134.5233154296875,163.45091247558594,374.2937927246094,375.829833984375,1287.3350830078125,3804.522216796875,770.8770751953125,7593.31884765625,839.3148193359375,80.56037902832031,70.58988189697266,85.22610473632812,910.0908813476562,893.5018920898438,270.6448059082031,562.8759765625,555.8789672851562,57.44959259033203,2828.060302734375,833.0499877929688,1496.6219482421875,254.07537841796875,5341.80126953125,535.7716674804688,198.30796813964844
2021-01-20,545.181396484375,539.9671020507812,2641.265625,2581.72998046875,672.940185546875,3142.342041015625,891.8186645507812,488.0135498046875,571.9154052734375,139.96908569335938,3315.536376953125,794.697021484375,90.26004791259766,3497.66259765625,984.6880493164062,2747.2734375,1004.974853515625,798.349365234375,706.593017578125,692.3530883789062,2703.420654296875,243.2938690185547,2166.544189453125,532.9203491210938,915.19775390625,1154.1695556640625,162.55470275878906,379.5002136230469,375.1527099609375,1299.364013671875,3804.14990234375,786.5703125,7806.42724609375,835.844970703125,79.468994140625,71.12957000732422,83.73202514648438,927.3773193359375,885.9439697265625,274.2250061035156,561.1304321289062,569.1868896484375,58.21294021606445,2869.77880859375,855.6703491210938,1507.84765625,270.0379638671875,5397.26123046875,547.5035400390625,205.08340454101562
2021-01-21,535.3598022460938,529.38232421875,2551.68701171875,2600.01220703125,673.039794921875,3193.522216796875,903.2479858398438,501.3699035644531,557.717041015625,138.09202575683594,3351.0703125,775.564453125,87.61285400390625,3496.59619140625,979.1741943359375,2790.22412109375,987.8804931640625,796.7850952148438,698.4473266601562,689.9400634765625,2680.06396484375,240.20562744140625,2177.30322265625,534.5646362304688,894.0971069335938,1154.384765625,159.60458374023438,372.30584716796875,370.01416015625,1288.69775390625,3700.374267578125,771.0678100585938,7741.0615234375,837.4994506835938,77.69043731689453,68.14332580566406,83.30516052246094,947.552490234375,867.71630859375,267.2458801269531,549.9965209960938,567.851318359375,56.23497772216797,2839.465576171875,843.2901000976562,1494.0618896484375,285.4602966308594,5393.7099609375,555.2931518554688,205.47518920898438
2021-01-22,525.2886962890625,517.9276123046875,2564.37060546875,2485.43896484375,641.8201293945312,3526.56005859375,905.0637817382812,487.0927734375,553.4000244140625,133.94891357421875,3330.027099609375,771.3180541992188,84.96565246582031,3438.49072265625,976.2088623046875,2834.080322265625,975.1567993164062,790.7689819335938,683.647705078125,677.03759765625,2785.375,230.844482421875,2215.651611328125,516.2847290039062,862.6634521484375,1155.3758544921875,157.364013671875,355.3613586425781,364.0789794921875,1280.0517578125,3653.971923828125,761.6709594726562,7714.32177734375,831.510009765625,76.03315734863281,66.74018096923828,82.89962768554688,925.0755615234375,852.1560668945312,257.1397399902344,542.7310791015625,557.8345947265625,54.57331466674805,2864.834716796875,823.2716064453125,1468.361572265625,284.2323913574219,5385.2939453125,538.573974609375,205.45208740234375
2021-01-25,512.4256591796875,506.1828918457031,2652.2216796875,2406.280517578125,655.662353515625,3595.073486328125,917.8251953125,480.8382263183594,557.1414184570312,130.9895477294922,3335.149658203125,798.5139770507812,84.1045150756836,3462.111328125,985.0272216796875,2735.83251953125,1039.0179443359375,760.046142578125,692.7879028320312,670.1431274414062,2867.9482421875,231.90603637695312,2206.685302734375,520.395263671875,820.0276489257812,1141.8045654296875,155.19808959960938,362.0350646972656,357.3869323730469,1279.300048828125,3620.8681640625,757.9981079101562,7649.77099609375,823.2681274414062,75.34597778320312,65.7327651977539,81.19210815429688,876.0594482421875,852.4524536132812,254.64720153808594,553.2989501953125,547.1978149414062,54.9908447265625,2854.600830078125,815.8853149414062,1476.879150390625,274.2127685546875,5223.38818359375,558.7129516601562,201.98744201660156
2021-01-27,511.32879638671875,501.5429382324219,2566.83837890625,2332.243408203125,629.4717407226562,3575.584228515625,910.5614013671875,474.59844970703125,547.5958251953125,128.72354125976562,3332.56494140625,803.9533081054688,82.38223266601562,3378.687744140625,951.4784545898438,2659.89404296875,1031.0537109375,766.463623046875,667.5693359375,672.5560302734375,2771.881103515625,223.31690979003906,2199.052490234375,505.21038818359375,792.022216796875,1121.0379638671875,157.32667541503906,356.1659851074219,351.4716491699219,1277.937255859375,3743.5673828125,734.52978515625,7543.767578125,829.0755004882812,73.80996704101562,64.54547882080078,82.10990142822266,855.2977294921875,871.124755859375,249.8433837890625,537.6359252929688,546.2915649414062,52.802001953125,2828.364013671875,836.9110717773438,1418.635009765625,262.76885986328125,5258.85400390625,545.5086059570312,206.23741149902344
2021-01-28,510.3815002441406,501.7845764160156,2588.554443359375,2337.125,667.9113159179688,3566.486328125,893.5198364257812,471.1944885253906,547.6918334960938,129.97491455078125,3326.104248046875,803.3806762695312,81.7762451171875,3326.985107421875,944.2105102539062,2668.0458984375,1036.7353515625,749.1768798828125,649.5020751953125,661.6726684570312,2803.9443359375,221.04904174804688,2115.46044921875,510.9168701171875,775.0740356445312,1099.6685791015625,154.3018798828125,356.2133483886719,343.136474609375,1264.3106689453125,3692.4697265625,729.8074951171875,7273.1044921875,821.96337890625,74.052490234375,65.22908020019531,79.95417022705078,846.9703979492188,862.03564453125,255.91612243652344,532.4935913085938,538.6121215820312,52.608001708984375,2772.421875,823.901123046875,1427.89111328125,262.0812072753906,5296.65478515625,537.1490478515625,199.5160369873047
2021-01-29,505.1964111328125,492.6982116699219,2528.193603515625,2304.246337890625,660.1436767578125,3454.3818359375,870.3170166015625,463.7791748046875,531.0950927734375,129.73817443847656,3231.36328125,788.11279296875,80.30912017822266,3268.8798828125,892.0558471679688,2616.418701171875,1025.322998046875,733.1739501953125,658.52392578125,667.72998046875,2687.28564453125,218.39508056640625,2081.894775390625,519.3796997070312,817.0822143554688,1067.657470703125,151.79986572265625,347.26776123046875,341.1647033691406,1254.3021240234375,3686.00732421875,715.115966796875,6907.125,806.4743041992188,71.91014862060547,63.538082122802734,78.73756408691406,831.3538818359375,854.033203125,255.68954467773438,553.1103515625,534.0330810546875,50.69329833984375,2698.52734375,806.9464111328125,1398.547607421875,258.0537414550781,5183.35009765625,532.58935546875,193.0487518310547
2021-02-01,535.6587524414062,524.6456909179688,2629.124267578125,2342.9638671875,706.4004516601562,3548.29150390625,969.9977416992188,495.52191162109375,555.6065063476562,132.9173583984375,3249.498779296875,769.5049438476562,82.28654479980469,3359.820556640625,858.22607421875,2710.376953125,1093.31201171875,744.6848754882812,699.3707885742188,688.5119018554688,2757.10791015625,232.72633361816406,2067.824951171875,583.98779296875,937.3123168945312,1086.48486328125,161.2850341796875,360.5204772949219,358.801025390625,1361.5762939453125,3661.59716796875,758.5704956054688,7092.2470703125,807.7838134765625,74.3758773803711,65.37299346923828,80.63717651367188,855.43310546875,863.962158203125,281.6119689941406,556.8373413085938,557.26220703125,53.65392303466797,2722.8115234375,790.4532470703125,1478.5531005859375,274.65484619140625,5588.9892578125,507.3680419921875,194.7117462158203
2021-02-02,562.5813598632812,532.42724609375,2670.236572265625,2358.134765625,711.2303466796875,3623.099853515625,945.5028686523438,506.7476806640625,574.9852905273438,137.99053955078125,3231.50146484375,784.0094604492188,83.72177124023438,3442.274169921875,868.759765625,2769.487548828125,1155.813232421875,765.78173828125,739.0575561523438,670.7832641601562,2718.48291015625,246.4303436279297,2051.134033203125,597.09326171875,942.1891479492188,1095.4033203125,162.9654998779297,368.23541259765625,370.7113037109375,1428.628173828125,3755.423828125,779.2720947265625,7336.552734375,812.6339721679688,76.11400604248047,66.8121337890625,82.89962768554688,869.1990966796875,854.92236328125,301.9148864746094,575.0478515625,548.8672485351562,54.1220588684082,2778.40625,803.421142578125,1462.69970703125,316.3049011230469,5958.140625,537.9564819335938,197.87611389160156
2021-02-03,564.9744262695312,541.4169921875,2685.58544921875,2348.56298828125,730.7488403320312,3653.195556640625,951.4644775390625,513.790771484375,584.09912109375,140.32420349121094,3245.576416015625,810.3944091796875,87.54905700683594,3569.979248046875,901.1359252929688,2780.976318359375,1156.6387939453125,769.9930419921875,745.8060913085938,678.8103637695312,2790.24462890625,248.2639617919922,2053.341064453125,601.92919921875,1012.5890502929688,1106.94970703125,161.8825225830078,371.92724609375,368.8988037109375,1436.4754638671875,4003.65869140625,794.8700561523438,7273.77490234375,811.5040893554688,78.37760925292969,67.17192077636719,88.15021514892578,871.3881225585938,855.7127075195312,304.498046875,593.6829223632812,553.4462890625,55.09206008911133,2775.457763671875,823.7752075195312,1501.7916259765625,325.145751953125,5910.60986328125,530.3094482421875,200.25514221191406
2021-02-04,588.0081787109375,549.4402465820312,2696.39453125,2298.93359375,740.806884765625,3642.114013671875,967.8775024414062,539.2349853515625,576.1845092773438,141.55870056152344,3304.184326171875,796.2716064453125,91.599609375,3568.669677734375,904.7020874023438,2825.35693359375,1154.3563232421875,768.1881713867188,747.842529296875,670.1431274414062,2839.68115234375,252.70326232910156,2065.066650390625,607.6839599609375,996.75146484375,1102.3828125,171.74111938476562,378.93218994140625,380.4903869628906,1437.650390625,4001.9853515625,826.6381225585938,7322.4638671875,807.13623046875,80.0753173828125,70.26606750488281,87.65931701660156,868.5220336914062,853.4898071289062,321.855224609375,595.85302734375,560.9827270507812,55.32823181152344,2765.396484375,813.4933471679688,1490.4185791015625,320.3815002441406,6015.78955078125,520.619873046875,198.59214782714844
2021-02-05,593.6419067382812,548.03857421875,2703.25537109375,2274.956787109375,716.60791015625,3648.797119140625,970.03759765625,542.5361328125,557.4771728515625,140.35801696777344,3268.78857421875,808.9153442382812,89.84542846679688,3707.91845703125,930.4692993164062,2795.515625,1152.0255126953125,758.9632568359375,756.6038818359375,671.2756958007812,2830.18994140625,252.89627075195312,2087.09033203125,593.998291015625,989.9431762695312,1096.1357421875,175.02728271484375,380.7308349609375,394.8902587890625,1425.1513671875,3835.4873046875,825.6842041015625,7182.67578125,809.10986328125,80.43911743164062,70.26606750488281,88.40634155273438,868.2738647460938,853.7861938476562,356.2976379394531,598.919677734375,565.2278442382812,57.78276824951172,2738.943115234375,805.2677001953125,1486.33203125,310.3127746582031,6180.5166015625,509.64801025390625,196.5826416015625
2021-02-08,626.4973754882812,562.6349487304688,2695.012451171875,2313.33935546875,733.089111328125,3654.14453125,999.8555297851562,538.53466796875,573.0185546875,142.06602478027344,3206.073974609375,808.4859619140625,90.29193878173828,3668.534912109375,941.8848266601562,2831.983154296875,1176.015869140625,768.2683715820312,760.2269287109375,673.7380981445312,2884.495849609375,269.2059631347656,2056.835693359375,608.9412231445312,999.6002807617188,1123.2354736328125,174.09371948242188,395.3560791015625,389.8014831542969,1458.324951171875,3814.33203125,885.6905517578125,7259.7822265625,813.9529418945312,81.08585357666016,71.70521545410156,90.7328109741211,880.7760620117188,848.7476196289062,359.8778076171875,598.8253173828125,569.6160888671875,59.2926025390625,2787.643310546875,824.6985473632812,1518.0880126953125,330.0081787109375,6196.13330078125,511.35791015625,201.08665466308594
2021-02-09,628.04296875,562.5382080078125,2753.300537109375,2399.48486328125,739.4127197265625,3582.95751953125,991.933349609375,528.9935302734375,574.6015014648438,141.82925415039062,3195.64404296875,803.237548828125,88.8248291015625,3611.205810546875,938.8419189453125,2810.29296875,1182.9603271484375,763.3351440429688,763.3524780273438,694.273681640625,2888.1689453125,268.33740234375,2038.0755615234375,612.5682373046875,990.6193237304688,1124.9588623046875,171.03158569335938,384.7539367675781,388.20819091796875,1472.0924072265625,3782.622802734375,853.8270874023438,7310.05224609375,818.7156372070312,80.80289459228516,72.67662811279297,89.96443176269531,882.8973388671875,877.990966796875,357.8384094238281,593.542724609375,571.1425170898438,58.97629165649414,2755.37939453125,818.4453125,1536.009521484375,319.3009338378906,6246.97216796875,511.6428527832031,202.95758056640625
2021-02-10,648.8331298828125,557.6082763671875,2720.923828125,2403.07421875,731.74462890625,3580.068359375,1020.4991455078125,536.3990478515625,566.207275390625,140.62860107421875,3160.9873046875,823.8970947265625,88.2188491821289,3637.978759765625,934.9561157226562,2766.10302734375,1196.0240478515625,769.6320190429688,749.0975341796875,708.2103881835938,2920.768798828125,269.6402587890625,2055.77783203125,611.4075927734375,987.7221069335938,1117.160400390625,169.94863891601562,388.824462890625,388.7857360839844,1459.311767578125,3719.48291015625,872.0961303710938,7304.92431640625,812.0218505859375,80.7220687866211,71.95706176757812,89.83638000488281,891.0892944335938,900.3680419921875,355.5271911621094,596.8740844726562,573.0980834960938,58.22138595581055,2786.949462890625,818.2776489257812,1539.2095947265625,323.0828857421875,6219.4853515625,507.6531066894531,202.79586791992188
2021-02-11,656.7105102539062,572.10791015625,2720.923828125,2398.1923828125,737.0225830078125,3606.240478515625,1019.3716430664062,545.3278198242188,573.7860717773438,142.7086181640625,3195.967529296875,820.461669921875,87.48526000976562,3641.3740234375,935.1497802734375,2686.82763671875,1199.9576416015625,778.415771484375,744.6458740234375,703.4335327148438,2922.873291015625,285.0813293457031,2081.06689453125,609.9568481445312,986.85302734375,1113.843017578125,169.12709045410156,387.02581787109375,390.56829833984375,1438.307861328125,3744.078857421875,872.143798828125,7348.67724609375,823.1261596679688,81.09712982177734,71.56129455566406,91.24507904052734,927.8287353515625,896.416259765625,353.6238098144531,612.6265258789062,582.2562255859375,58.59673309326172,2780.617919921875,827.2584838867188,1501.3485107421875,319.2518310546875,6253.53955078125,516.3451538085938,201.87197875976562
2021-02-12,716.8873291015625,596.0322875976562,2712.632568359375,2379.623291015625,747.27978515625,3566.7021484375,1025.57275390625,546.3465576171875,562.4178466796875,141.40650939941406,3157.66455078125,809.7263793945312,85.3802719116211,3607.9560546875,928.7444458007812,2651.647216796875,1206.4166259765625,770.39404296875,749.1921997070312,700.2324829101562,2901.621337890625,280.64202880859375,2061.341552734375,626.3506469726562,992.1644287109375,1128.620849609375,162.4053192138672,382.24542236328125,388.5865478515625,1429.708984375,3756.67919921875,866.753662109375,7253.935546875,817.5504150390625,79.97193908691406,69.79835510253906,90.7755126953125,921.46484375,886.042724609375,356.3429260253906,596.9217529296875,579.5374145507812,57.39898681640625,2767.434814453125,831.958984375,1471.3155517578125,319.6447448730469,6224.44775390625,508.9830322265625,204.1817169189453
2021-02-15,761.259765625,606.8104858398438,3050.760986328125,2351.530517578125,790.698486328125,3554.8447265625,1051.4046630859375,566.1729125976562,569.5650024414062,141.7108917236328,3153.742431640625,805.6708984375,84.35965728759766,3599.8564453125,912.82275390625,2640.968994140625,1192.6732177734375,765.78173828125,765.6021118164062,684.7691650390625,2918.168212890625,281.2210388183594,2037.10986328125,651.8361206054688,1021.32861328125,1128.49169921875,163.26422119140625,382.1507568359375,395.5375671386719,1445.027099609375,3749.518798828125,869.90185546875,7280.9150390625,826.3218383789062,79.3468246459961,70.84172058105469,90.69012451171875,917.4027099609375,866.6790161132812,368.8509826660156,597.2548217773438,594.4193725585938,56.694671630859375,2723.245361328125,821.88671875,1462.010498046875,327.4541931152344,6234.6630859375,510.5504150390625,203.1192626953125
2021-02-16,777.9616088867188,615.31689453125,3161.41455078125,2345.308837890625,771.8273315429688,3563.942626953125,1043.7120361328125,564.2529907226562,569.8048095703125,141.35577392578125,3128.314697265625,809.5355834960938,85.31647491455078,3576.0419921875,910.2547607421875,2599.87744140625,1208.019287109375,763.8965454101562,770.3616333007812,684.8676147460938,2914.927001953125,292.1263427734375,2019.5457763671875,636.7479248046875,1021.9563598632812,1111.9044189453125,163.0028076171875,385.8899230957031,402.2494812011719,1456.116455078125,3668.385986328125,870.2359008789062,7377.14208984375,813.907958984375,81.6805648803711,74.65546417236328,96.28223419189453,929.5438842773438,861.4922485351562,364.6816101074219,600.7288818359375,599.4276733398438,58.97629165649414,2696.315185546875,828.2658081054688,1449.307861328125,323.3775939941406,6283.36083984375,511.975341796875,202.1260528564453
2021-02-17,783.1965942382812,633.87646484375,3193.248046875,2285.86865234375,774.51611328125,3592.2705078125,1016.278564453125,558.8555908203125,569.7088623046875,144.78457641601562,3104.825439453125,797.46435546875,86.24139404296875,3506.9267578125,891.63916015625,2569.89306640625,1202.871337890625,756.5970458984375,751.3471069335938,692.5007934570312,3018.0400390625,293.284423828125,1989.933837890625,635.7807006835938,997.765380859375,1104.0631103515625,162.62936401367188,386.88385009765625,396.2346496582031,1455.0826416015625,3604.176513671875,872.8592529296875,7191.349609375,791.40380859375,82.80575561523438,74.83842468261719,98.20317077636719,940.2632446289062,866.5802001953125,373.2015380859375,591.3060913085938,603.0529174804688,58.77386474609375,2665.35205078125,822.9359741210938,1438.0333251953125,324.310791015625,6245.80517578125,512.0228271484375,198.73072814941406
2021-02-18,805.8812255859375,641.899658203125,3066.6533203125,2364.930908203125,773.769287109375,3548.93798828125,1017.605712890625,544.9654541015625,565.10400390625,151.9939422607422,3100.626220703125,787.683349609375,89.27134704589844,3480.15380859375,894.8176879882812,2526.703857421875,1194.3243408203125,760.527587890625,736.0975952148438,702.6947631835938,2966.546630859375,299.0748291015625,1974.255126953125,623.4974975585938,1010.1747436523438,1113.6707763671875,163.45091247558594,385.8899230957031,387.4712219238281,1432.76318359375,3599.899169921875,853.3024291992188,7185.93359375,773.6055297851562,86.18133544921875,81.02310943603516,100.95653533935547,933.2448120117188,882.7330322265625,376.3285827636719,586.3568725585938,595.2779541015625,58.85398864746094,2651.69140625,848.2421264648438,1411.052978515625,318.1221923828125,6154.9755859375,513.97021484375,200.00108337402344
2021-02-19,779.65673828125,631.7015380859375,2882.263916015625,2312.955810546875,746.5330200195312,3450.32861328125,1022.7440795898438,538.5590209960938,557.717041015625,151.22023010253906,3074.552734375,770.4114990234375,88.8248291015625,3417.634521484375,907.3185424804688,2464.208251953125,1183.009033203125,762.1719360351562,728.8989868164062,699.9370727539062,2854.422607421875,297.2412109375,2005.7513427734375,603.5734252929688,1029.3441162109375,1112.68017578125,161.2850341796875,374.5303955078125,386.1368408203125,1417.9150390625,3552.7998046875,838.8016357421875,7018.63916015625,774.1586303710938,86.84809875488281,76.92439270019531,99.1209716796875,938.9317626953125,870.8777465820312,362.1437683105469,578.0284423828125,588.552490234375,56.57236862182617,2664.267578125,834.2670288085938,1403.7171630859375,306.3344421386719,6040.79541015625,525.1321411132812,198.615234375
2021-02-22,803.587890625,651.324462890625,2891.740478515625,2284.815673828125,716.4585571289062,3424.846435546875,997.8151245117188,526.696533203125,547.1161499023438,148.6002655029297,3083.78173828125,756.1931762695312,86.91118621826172,3391.880126953125,866.1917114257812,2366.67578125,1195.14990234375,738.1072387695312,733.1139526367188,680.1892700195312,2875.011474609375,305.05828857421875,1993.3369140625,589.83935546875,987.8187866210938,1090.1900634765625,158.4478759765625,384.4226379394531,388.29779052734375,1364.7242431640625,3527.7392578125,798.590576171875,6791.9208984375,760.9176635742188,85.05613708496094,77.80269622802734,96.02610778808594,906.3447265625,838.8187255859375,353.0346374511719,566.60693359375,589.84033203125,57.740596771240234,2565.913330078125,797.9654541015625,1383.72802734375,299.1144104003906,6008.2978515625,512.7353515625,193.41830444335938
2021-02-23,797.3558959960938,639.9180297851562,2958.072998046875,2270.60205078125,712.9730834960938,3373.709228515625,998.6183471679688,527.3674926757812,542.559326171875,153.06655883789062,3078.936279296875,754.7617797851562,87.3258056640625,3344.930419921875,871.2115478515625,2397.51806640625,1196.1212158203125,729.925048828125,724.186767578125,695.0615844726562,2867.685791015625,321.4161682128906,2004.0498046875,596.0776977539062,1012.3475341796875,1091.18115234375,159.5574951171875,390.5756530761719,373.0315856933594,1396.7706298828125,3491.333740234375,802.2635498046875,6680.78955078125,764.399169921875,86.18133544921875,82.12100219726562,96.51701354980469,913.2728881835938,859.219970703125,358.5635681152344,574.9352416992188,598.6168823242188,61.51518630981445,2584.778076171875,793.8107299804688,1402.240234375,318.26953125,6099.12646484375,538.0514526367188,191.94007873535156
2021-02-24,802.889892578125,643.0112915039062,3020.1611328125,2260.21630859375,746.2839965820312,3390.611083984375,1017.6705322265625,544.9212036132812,549.6585083007812,154.27981567382812,3143.17431640625,752.94873046875,92.1098861694336,3375.77783203125,859.6602783203125,2417.635009765625,1214.283935546875,734.7781372070312,760.7951049804688,707.964111328125,2898.127197265625,321.1749267578125,2003.6822509765625,620.06396484375,1033.3033447265625,1098.031494140625,159.82533264160156,386.3158874511719,380.64971923828125,1434.642822265625,3458.04345703125,810.515625,6663.9697265625,772.7286376953125,86.01463317871094,83.14568328857422,95.08696746826172,930.2208862304688,861.047607421875,368.21649169921875,572.4605102539062,597.1382446289062,61.38021469116211,2556.9375,805.813232421875,1429.6143798828125,315.96112060546875,6241.279296875,526.2245483398438,195.4508819580078
2021-02-25,841.0800170898438,680.8070068359375,3051.4521484375,2272.0849609375,767.4456787109375,3401.778564453125,1024.140869140625,541.6936645507812,555.6065063476562,162.31556701660156,3142.666748046875,772.129150390625,99.57310485839844,3336.9765625,868.3043212890625,2433.031982421875,1233.9521484375,745.4068603515625,760.7714233398438,722.442626953125,2892.0634765625,338.4496765136719,1989.382568359375,607.3937377929688,1071.690185546875,1098.2469482421875,160.05490112304688,399.2372131347656,377.5227966308594,1415.70654296875,3400.157470703125,819.483154296875,6642.30859375,761.7495727539062,90.01530456542969,87.13461303710938,97.13600158691406,967.8403930664062,861.8873901367188,369.1228332519531,580.1700439453125,599.5708618164062,62.662315368652344,2597.875,803.9246826171875,1412.480712890625,327.2577209472656,6210.8740234375,563.320068359375,194.619384765625
2021-02-26,831.25830078125,653.3543701171875,3019.174072265625,2179.669921875,721.7861938476562,3275.789794921875,962.6942138671875,515.7302856445312,533.6853637695312,158.2010040283203,3104.5947265625,751.0402221679688,97.0853500366211,3262.332275390625,857.916015625,2382.168701171875,1166.3031005859375,729.5239868164062,726.673095703125,690.0877685546875,2714.888671875,328.36468505859375,1960.6451416015625,578.1363525390625,1026.4951171875,1079.936279296875,155.9990234375,374.34112548828125,354.588623046875,1355.608642578125,3347.479736328125,769.302978515625,6580.7763671875,761.1680908203125,89.431884765625,81.2426986694336,91.47986602783203,941.4142456054688,856.4536743164062,353.6238098144531,565.9406127929688,581.1116333007812,60.321651458740234,2510.275390625,771.2322387695312,1385.3526611328125,317.2381286621094,5949.82177734375,533.4442138671875,189.5379180908203
2021-03-01,849.0570068359375,669.787353515625,3041.383544921875,2261.125732421875,725.5206909179688,3289.027099609375,975.2110595703125,515.9164428710938,510.5650329589844,160.1000518798828,3148.943115234375,753.6644287109375,98.4568099975586,3357.832275390625,863.1198120117188,2437.036376953125,1229.581298828125,746.2890625,738.2760009765625,694.6184692382812,2821.16015625,332.0801696777344,1971.082275390625,588.3884887695312,1031.3236083984375,1091.741455078125,158.33309936523438,383.4760437011719,367.5444641113281,1384.130615234375,3355.104248046875,781.7525634765625,6723.4404296875,770.1901245117188,90.390380859375,85.67079162597656,97.00792694091797,948.5905151367188,865.8392333984375,357.97442626953125,575.3157958984375,595.8026123046875,61.607967376708984,2536.208740234375,785.6270751953125,1429.90966796875,322.49346923828125,6193.11669921875,561.0402221679688,191.43191528320312
2021-03-02,870.046630859375,696.4666137695312,3047.4541015625,2288.02197265625,728.20947265625,3401.132080078125,985.4829711914062,520.7652587890625,519.1992797851562,164.93557739257812,3182.3076171875,774.6578979492188,97.8508071899414,3411.5234375,853.6812744140625,2481.035888671875,1257.553955078125,765.0596923828125,742.680419921875,709.93408203125,2927.43115234375,333.19000244140625,2002.854736328125,590.4679565429688,1036.53857421875,1124.0537109375,160.6288604736328,391.23828125,367.3951110839844,1396.15966796875,3564.09814453125,820.4848022460938,6914.265625,783.6015014648438,93.8076400756836,83.07247924804688,96.06880187988281,950.5313110351562,868.5560913085938,357.2945861816406,584.5958251953125,603.24365234375,62.03813934326172,2607.458740234375,811.730712890625,1448.61865234375,339.6348571777344,6249.59912109375,559.9478149414062,198.82308959960938
2021-03-03,912.7238159179688,705.5047607421875,3017.5458984375,2299.220947265625,750.8150634765625,3364.094482421875,1037.2265625,542.9622192382812,524.0919189453125,164.00363159179688,3212.94970703125,775.3258666992188,98.8076400756836,3458.327880859375,872.6456909179688,2477.9375,1280.233154296875,774.2845458984375,751.5128173828125,716.5330200195312,2883.60107421875,346.79754638671875,2017.154541015625,611.3591918945312,1062.0330810546875,1157.7025146484375,160.66714477539062,405.29559326171875,378.3194580078125,1406.73193359375,3636.954833984375,812.8529052734375,6828.58056640625,789.4207763671875,93.93264770507812,83.43843841552734,97.1146469116211,993.905517578125,895.527099609375,367.12884521484375,594.2566528320312,607.584228515625,65.55123901367188,2653.20947265625,819.2008666992188,1452.0157470703125,342.33624267578125,6324.90869140625,582.8890991210938,201.17904663085938
2021-03-04,915.76513671875,727.3509521484375,3002.838134765625,2313.57861328125,733.7363891601562,3345.07958984375,1010.7211303710938,537.3787231445312,517.6642456054688,163.1420440673828,3232.10107421875,769.8389282226562,96.98968505859375,3446.978515625,886.6969604492188,2472.360107421875,1311.605224609375,768.4688720703125,735.031982421875,709.6384887695312,2879.811767578125,337.2433166503906,2020.281005859375,600.3817138671875,1054.5006103515625,1146.328125,160.47581481933594,391.9955749511719,377.9609680175781,1374.498046875,3649.55517578125,806.36572265625,6835.19384765625,787.6502075195312,92.34903717041016,82.4869613647461,96.11148071289062,982.0578002929688,904.8633422851562,358.60888671875,589.1170654296875,602.0512084960938,63.931766510009766,2645.056396484375,812.5281372070312,1447.9786376953125,333.20074462890625,6592.5283203125,584.6465454101562,202.7034912109375
2021-03-05,907.2894897460938,723.9677124023438,2842.33642578125,2284.86328125,727.7114868164062,3322.486083984375,993.5746459960938,533.3624267578125,511.14068603515625,162.4035186767578,3222.733154296875,768.3121948242188,96.38371276855469,3392.122802734375,870.6979370117188,2467.163818359375,1300.872802734375,755.2332153320312,724.58935546875,706.4375610351562,2915.052978515625,326.04852294921875,2024.143310546875,589.452392578125,1004.2357177734375,1134.56640625,159.59573364257812,384.70660400390625,382.9003601074219,1375.3907470703125,3575.582275390625,801.7388305664062,6947.71533203125,793.3751220703125,90.59873962402344,84.13375091552734,94.019775390625,983.3441162109375,892.6620483398438,347.7323303222656,581.7405395507812,593.9901733398438,61.852569580078125,2608.932861328125,805.5195922851562,1451.6219482421875,319.399169921875,6626.33935546875,561.9426879882812,194.4114990234375
2021-03-08,907.588623046875,723.43603515625,2829.602783203125,2280.6513671875,740.2093505859375,3275.833251953125,981.701416015625,521.1913452148438,504.329345703125,164.12672424316406,3196.383056640625,772.2245483398438,97.69135284423828,3402.59912109375,870.6493530273438,2462.873779296875,1305.632080078125,771.5973510742188,719.61669921875,712.0515747070312,2916.94775390625,324.8421630859375,1999.728271484375,588.098388671875,983.3281860351562,1150.9810791015625,159.1748809814453,386.0792236328125,381.5758972167969,1423.9295654296875,3595.156494140625,811.8511962890625,6957.7783203125,796.662841796875,92.14067840576172,86.5490951538086,95.71539306640625,988.9408569335938,912.7174072265625,353.12530517578125,585.1669311523438,587.6939086914062,62.18574905395508,2607.978515625,812.90576171875,1434.439208984375,315.5682067871094,6488.029296875,598.4207763671875,192.58677673339844
2021-03-09,902.6029663085938,725.7076416015625,2848.8515625,2318.93896484375,742.3504028320312,3275.833251953125,994.67724609375,530.4384765625,500.53985595703125,156.8118896484375,3162.7412109375,760.5349731445312,96.76644134521484,3398.234130859375,862.13134765625,2471.883544921875,1327.0970458984375,780.62158203125,739.9810180664062,729.0415649414062,2904.232177734375,321.60919189453125,2021.752197265625,604.5889892578125,989.653564453125,1159.42578125,159.0218048095703,380.1628112792969,394.1433410644531,1417.4451904296875,3623.33251953125,812.8052368164062,6998.080078125,799.4212036132812,91.26553344726562,85.45121765136719,93.91108703613281,988.9181518554688,959.5955810546875,351.31256103515625,583.0730590820312,583.5440673828125,59.613136291503906,2646.141357421875,829.3988037109375,1434.587158203125,309.6252136230469,6516.4892578125,593.6235961914062,193.64927673339844
2021-03-10,895.5731811523438,720.4876708984375,2866.618896484375,2327.79248046875,757.5867919921875,3335.162353515625,996.9022216796875,543.1727905273438,504.47320556640625,156.6711883544922,3212.211669921875,775.23046875,96.28802490234375,3422.38818359375,872.2289428710938,2547.774169921875,1345.260009765625,792.934814453125,736.7843017578125,720.3248901367188,2879.39013671875,328.4612121582031,2048.743408203125,605.072509765625,1004.1874389648438,1178.899658203125,158.0269775390625,391.90093994140625,391.1558837890625,1432.387451171875,3839.48681640625,824.0624389648438,6969.85498046875,800.3975219726562,91.39056396484375,83.73120880126953,93.54154968261719,984.8109741210938,929.4137573242188,351.4031677246094,595.8271484375,592.368408203125,61.11030197143555,2663.4873046875,846.6893920898438,1448.717041015625,315.7646789550781,6581.3388671875,590.2037353515625,197.11387634277344
2021-03-12,891.5347900390625,703.8614501953125,2937.9365234375,2298.50341796875,747.47900390625,3230.689208984375,991.1800537109375,544.4265747070312,502.8902587890625,160.90890502929688,3169.66259765625,769.0755615234375,96.00096130371094,3406.8193359375,857.9063110351562,2514.595703125,1339.8692626953125,785.5147705078125,734.9844970703125,700.084716796875,2821.454833984375,318.6657409667969,2027.5001220703125,592.7409057617188,987.5773315429688,1184.6727294921875,157.03211975097656,396.3973693847656,385.4197998046875,1422.8018798828125,3734.5009765625,816.4303588867188,6801.265625,790.5172729492188,90.93214416503906,84.20696258544922,95.67192077636719,964.7938842773438,903.1837768554688,345.42108154296875,584.0247192382812,586.9307250976562,60.72652053833008,2652.21142578125,842.072998046875,1459.7947998046875,311.9336242675781,6458.84033203125,589.2537841796875,196.4209747314453
2021-03-15,893.6288452148438,695.0650024414062,2957.925048828125,2254.13818359375,741.3047485351562,3160.1923828125,966.7301635742188,532.7894897460938,501.5951843261719,161.9639129638672,3184.56884765625,768.6461181640625,96.9246826171875,3308.79638671875,841.5776977539062,2545.056884765625,1344.337158203125,796.02294921875,723.949951171875,693.5350952148438,2748.6982421875,322.1399841308594,2033.109619140625,583.6976928710938,1003.0285034179688,1183.5955810546875,157.22341918945312,406.71551513671875,382.1335754394531,1394.3739013671875,3800.802734375,805.5548706054688,6794.65185546875,795.745849609375,92.09899139404297,83.69459533691406,97.45448303222656,951.8402099609375,908.9137573242188,347.95892333984375,576.3152465820312,579.6805419921875,62.11404800415039,2659.32421875,861.7137451171875,1469.34619140625,312.91595458984375,6384.2119140625,590.2511596679688,196.95220947265625
2021-03-16,895.2242431640625,693.4216918945312,3033.5859375,2362.872802734375,734.6824340820312,3151.396484375,959.1720581054688,534.4448852539062,507.782958984375,159.60769653320312,3220.28759765625,756.0501098632812,96.13292694091797,3277.02783203125,862.4027709960938,2537.048583984375,1344.7255859375,807.9751586914062,716.1358642578125,692.4515991210938,2741.035400390625,322.23651123046875,2063.640380859375,575.42822265625,999.2139892578125,1192.556884765625,159.06007385253906,403.21307373046875,379.056396484375,1373.7462158203125,3827.39794921875,804.0761108398438,6853.1162109375,791.439208984375,91.30720520019531,84.24356079101562,97.58493041992188,948.0940551757812,903.0354614257812,343.1097717285156,573.2694702148438,582.54248046875,61.072349548339844,2697.3994140625,861.6297607421875,1477.96240234375,314.29119873046875,6460.59130859375,589.206298828125,198.31495666503906
2021-03-17,871.392822265625,665.2923583984375,2958.71484375,2319.177978515625,724.8733520507812,3078.226806640625,950.371826171875,525.0263061523438,501.6431579589844,151.94117736816406,3200.720458984375,736.8219604492188,92.27310943603516,3277.07666015625,844.2135009765625,2523.653076171875,1327.82568359375,792.0925903320312,708.1795043945312,679.4013061523438,2686.720947265625,314.9984436035156,2047.3172607421875,570.1571044921875,974.34716796875,1195.1419677734375,161.16455078125,399.94720458984375,372.11541748046875,1351.0509033203125,3764.490234375,798.4475708007812,6771.02734375,777.9098510742188,88.80677795410156,80.0350341796875,95.84583282470703,927.6707763671875,878.2379760742188,333.6834716796875,556.5653686523438,575.5784301757812,59.414913177490234,2699.91455078125,856.1739501953125,1449.997314453125,300.39141845703125,6344.12451171875,578.7093505859375,193.85714721679688
2021-03-18,868.5509643554688,656.9793090820312,2920.514404296875,2301.566650390625,715.761474609375,3160.0634765625,940.898193359375,526.2067260742188,505.7683410644531,150.1300506591797,3174.647216796875,720.5997924804688,90.42566680908203,3174.83447265625,816.4791259765625,2540.432861328125,1347.930908203125,760.2467041015625,706.1195068359375,670.5862426757812,2616.533203125,320.2098388671875,2037.10986328125,559.61474609375,968.4080200195312,1152.1446533203125,166.55966186523438,400.5624694824219,364.5569152832031,1342.0760498046875,3726.50390625,806.7473754882812,6818.08544921875,765.87890625,86.51472473144531,80.65715026855469,96.10669708251953,906.7960815429688,879.7199096679688,332.7317810058594,546.85693359375,567.5174560546875,59.45287322998047,2633.6083984375,836.15576171875,1445.7137451171875,301.5702209472656,6334.19970703125,571.2047119140625,189.46864318847656
2021-03-19,887.0977172851562,663.3590698242188,2896.725341796875,2307.97900390625,723.230224609375,3147.602294921875,941.9458618164062,534.180419921875,508.406494140625,152.25767517089844,3199.52099609375,725.84814453125,89.93080139160156,3269.31591796875,828.4373779296875,2537.477294921875,1370.707275390625,770.4341430664062,709.1978149414062,678.0717163085938,2626.595947265625,323.3945617675781,2126.173828125,567.4005737304688,977.1959228515625,1158.477783203125,170.6155548095703,417.0337219238281,365.3038635253906,1326.2412109375,3789.411865234375,811.1834106445312,6817.89453125,777.6781616210938,90.43204498291016,80.8767318725586,100.0848617553711,939.6990356445312,895.7741088867188,336.4026184082031,550.42626953125,572.6211547851562,61.827274322509766,2645.489990234375,830.4900512695312,1443.005859375,303.4857482910156,6491.775390625,594.1459350585938,189.63031005859375
2021-03-22,988.2067260742188,697.8199462890625,2867.60595703125,2321.810546875,713.2220458984375,3160.279052734375,938.4736938476562,527.9210205078125,506.5357971191406,154.50839233398438,3289.7861328125,737.489990234375,89.50193786621094,3303.89794921875,843.8452758789062,2552.1123046875,1373.2811279296875,785.1136474609375,695.771484375,669.6012573242188,2606.975341796875,327.8821716308594,2164.01513671875,554.6337280273438,934.9464721679688,1181.18310546875,172.9496307373047,421.5301513671875,363.0133972167969,1315.7159423828125,3806.149658203125,813.806884765625,6806.10595703125,784.1639404296875,91.55724334716797,80.218017578125,97.1936264038086,930.8527221679688,889.3524780273438,332.6411437988281,562.5140991210938,591.9867553710938,62.71292495727539,2714.398193359375,850.7182006835938,1437.9349365234375,297.6900634765625,6546.26318359375,596.7108764648438,191.4550323486328
2021-03-23,1055.363525390625,713.9144897460938,2908.718505859375,2307.069580078125,727.5123291015625,3172.0068359375,938.4088134765625,526.8875732421875,507.7349853515625,153.50616455078125,3293.4775390625,740.5912475585938,89.23800659179688,3391.201171875,847.39208984375,2576.80517578125,1370.707275390625,786.7981567382812,710.4527587890625,673.2454833984375,2583.0595703125,320.11334228515625,2149.393798828125,567.1588745117188,956.0952758789062,1181.829345703125,170.04161071777344,418.2169494628906,361.0217590332031,1319.7567138671875,3751.657470703125,805.7933349609375,6887.57275390625,788.5744018554688,90.55707550048828,78.4248275756836,95.21541595458984,942.1815185546875,888.0680541992188,337.8074645996094,559.515869140625,604.9130859375,62.514713287353516,2725.630615234375,850.9700927734375,1472.447998046875,301.963134765625,6751.6611328125,601.650634765625,191.94007873535156
2021-03-24,1022.5079345703125,683.2719116210938,2881.918701171875,2338.895751953125,703.4628295898438,3107.503173828125,918.139404296875,516.25927734375,502.3626403808594,151.2026824951172,3265.189453125,756.6703491210938,87.29159545898438,3376.844970703125,843.1766357421875,2536.6669921875,1347.7852783203125,782.6270141601562,700.3416748046875,666.3018798828125,2554.765625,306.650634765625,2132.197265625,548.8789672851562,925.820556640625,1166.4915771484375,165.25872802734375,414.0045166015625,355.0068359375,1286.6771240234375,3693.72509765625,774.0729370117188,6772.5126953125,777.548095703125,88.34837341308594,76.704833984375,96.10669708251953,924.0374755859375,870.08740234375,326.1604919433594,557.0888671875,600.1432495117188,59.27994918823242,2706.98291015625,832.7562866210938,1465.3582763671875,289.2421875,6673.3837890625,578.3767700195312,189.86129760742188
2021-03-25,978.7340087890625,665.2923583984375,2773.091552734375,2299.317138671875,691.7118530273438,3019.58740234375,903.7218627929688,501.7519226074219,487.1089782714844,149.06777954101562,3178.523681640625,751.2311401367188,84.52044677734375,3346.822265625,849.0006713867188,2460.204345703125,1333.3131103515625,767.7068481445312,693.024658203125,656.945068359375,2477.12548828125,303.0316162109375,2057.20361328125,552.7960815429688,924.951416015625,1149.3011474609375,161.92982482910156,414.61981201171875,351.1131286621094,1288.509521484375,3568.654296875,755.2791748046875,6504.7734375,764.40625,85.84793853759766,74.65545654296875,94.08500671386719,898.829833984375,853.6874389648438,321.94586181640625,547.9991455078125,586.5491333007812,60.9964485168457,2658.1962890625,813.0736694335938,1428.6295166015625,280.49957275390625,6486.42431640625,565.8374633789062,184.6181640625
2021-03-26,985.4645385742188,679.5986328125,2814.89501953125,2397.857421875,695.296875,3104.4853515625,944.6198120117188,507.71258544921875,501.2593994140625,150.93580627441406,3234.593017578125,751.4219970703125,85.51014709472656,3361.130126953125,853.9331665039062,2441.2314453125,1365.219482421875,768.9100341796875,706.261474609375,661.57421875,2473.883544921875,315.7222595214844,2131.553466796875,559.5663452148438,920.0745849609375,1151.3690185546875,161.39413452148438,421.43548583984375,352.7363586425781,1314.0712890625,3670.5244140625,762.5772094726562,6502.47314453125,783.3934326171875,86.84809875488281,74.94822692871094,93.30240631103516,900.274169921875,863.418701171875,323.75860595703125,558.8973388671875,599.3800048828125,64.68245697021484,2659.887451171875,831.7909545898438,1482.7872314453125,291.15771484375,6553.3173828125,556.1005859375,186.58145141601562
2021-03-30,1028.590576171875,686.8484497070312,2887.841552734375,2467.63525390625,692.458740234375,3161.96044921875,948.10205078125,508.7411804199219,500.300048828125,153.28419494628906,3337.410400390625,775.0396118164062,87.72046661376953,3476.855712890625,875.6787719726562,2516.931396484375,1381.7310791015625,798.79052734375,735.8134155273438,677.3822631835938,2495.820068359375,314.9019775390625,2205.904052734375,572.0430297851562,928.08984375,1193.677490234375,164.18736267089844,442.497802734375,354.76788330078125,1337.80029296875,3871.14892578125,758.4273681640625,6567.02294921875,811.43798828125,89.76526641845703,75.7533187866211,96.23713684082031,915.9132080078125,861.6404418945312,327.0215148925781,568.8912353515625,599.952392578125,67.47859191894531,2739.46435546875,853.5300903320312,1528.4273681640625,291.7961730957031,6602.30712890625,596.5208740234375,193.14112854003906
2021-03-31,1028.191650390625,678.9703979492188,2865.187255859375,2428.7265625,694.550048828125,3165.323486328125,964.6896362304688,504.46044921875,496.27081298828125,152.27012634277344,3345.763427734375,777.8068237304688,86.0050048828125,3514.25048828125,875.25244140625,2482.609130859375,1408.878173828125,788.2421875,707.37451171875,685.7048950195312,2453.505126953125,315.4327392578125,2236.0205078125,562.9998779296875,921.7162475585938,1178.8134765625,167.2101287841797,443.4444274902344,349.141357421875,1333.4302978515625,3770.069580078125,758.665771484375,6574.11572265625,811.4474487304688,88.80677795410156,74.7652359008789,93.75891876220703,904.0880126953125,870.2354736328125,330.19384765625,568.9862670898438,609.4921875,68.47811126708984,2756.203369140625,832.168701171875,1534.1878662109375,296.4621887207031,6555.9443359375,609.72509765625,191.31642150878906
2021-04-01,1104.0233154296875,711.6912841796875,2856.698486328125,2442.461669921875,710.0353393554688,3227.800537109375,976.7525024414062,516.4405517578125,499.6285095214844,155.63253784179688,3339.7177734375,780.8604736328125,87.19263458251953,3507.75146484375,889.1390991210938,2508.541748046875,1412.7147216796875,804.2452392578125,704.106689453125,680.583251953125,2489.293701171875,338.015380859375,2206.2255859375,574.8963012695312,959.2338256835938,1193.5911865234375,168.3962860107422,481.5932312011719,359.40850830078125,1357.582275390625,3824.468505859375,770.44775390625,6636.126953125,807.5687866210938,89.93196868896484,76.3754653930664,95.0849838256836,912.5507202148438,872.8042602539062,335.9494323730469,581.312255859375,620.224365234375,72.79676818847656,2745.05859375,832.7562866210938,1535.4677734375,302.3069763183594,6712.498046875,620.8870849609375,192.35580444335938
2021-04-05,1134.9844970703125,717.4911499023438,2881.8203125,2403.121826171875,682.4006958007812,3103.1484375,946.03662109375,486.10833740234375,506.775634765625,152.30567932128906,3415.261962890625,782.2442016601562,85.64210510253906,3502.8525390625,883.1212158203125,2399.9013671875,1404.9444580078125,829.031982421875,686.5130004882812,671.86669921875,2431.02099609375,338.4013671875,2182.407470703125,552.505859375,905.2026977539062,1214.8743896484375,162.65679931640625,489.8761901855469,350.3762512207031,1319.2398681640625,3970.182861328125,738.8228759765625,6487.2333984375,797.9912109375,88.59841918945312,75.71672821044922,93.10675048828125,899.3489379882812,864.48193359375,320.4503173828125,579.4561157226562,615.2636108398438,73.19319152832031,2809.15234375,837.4146118164062,1511.49072265625,299.6546936035156,6612.2314453125,613.9049682617188,196.53646850585938
2021-04-06,1221.8843994140625,807.678955078125,2945.043212890625,2499.748291015625,675.081298828125,3117.80859375,949.8131713867188,489.10577392578125,510.5650329589844,152.323486328125,3443.181640625,797.8938598632812,85.97200775146484,3577.59423828125,895.2634887695312,2370.7275390625,1391.395263671875,824.9409790039062,682.0848388671875,686.6405639648438,2431.905029296875,338.2083740234375,2214.685546875,547.33154296875,895.4490356445312,1215.865478515625,162.73336791992188,508.76129150390625,352.18865966796875,1316.6085205078125,3959.0703125,745.1668701171875,6470.7001953125,807.5001220703125,88.39004516601562,76.08269500732422,90.95462036132812,895.602783203125,889.2507934570312,317.731201171875,590.5447387695312,643.501220703125,72.77989196777344,2831.529541015625,832.0848388671875,1502.136474609375,302.3069763183594,6554.67919921875,628.249267578125,197.32176208496094
2021-04-07,1162.2061767578125,787.57275390625,3057.818603515625,2516.020263671875,685.3882446289062,3173.60205078125,951.8186645507812,497.3341064453125,519.5829467773438,152.35906982421875,3515.1259765625,802.3787231445312,86.59880828857422,3588.118896484375,909.4892578125,2419.9228515625,1396.10595703125,831.9998168945312,685.3762817382812,689.2997436523438,2477.083251953125,339.8972473144531,2211.88134765625,558.6959228515625,913.1215209960938,1232.366455078125,163.61338806152344,532.2847290039062,356.9089050292969,1319.5689697265625,3997.103759765625,759.6675415039062,6579.6748046875,823.0127563476562,87.88994598388672,76.59502410888672,91.54158020019531,903.97509765625,910.0070190429688,324.98223876953125,591.1157836914062,635.1063232421875,73.79206848144531,2837.3408203125,841.359619140625,1490.9107666015625,302.3560791015625,6577.447265625,621.6945190429688,202.3339385986328
2021-04-08,1159.1649169921875,795.547607421875,3074.40234375,2537.1259765625,678.765869140625,3147.38671875,963.312744140625,492.67138671875,520.926025390625,153.19520568847656,3580.98974609375,803.4762573242188,86.86272430419922,3603.833740234375,908.79150390625,2434.033203125,1406.2071533203125,832.2406616210938,678.556640625,690.875732421875,2465.630859375,352.44317626953125,2216.1572265625,557.777099609375,902.8367919921875,1240.6815185546875,163.1925048828125,581.3197021484375,355.1662292480469,1333.665283203125,4022.76806640625,758.5704956054688,6543.1103515625,836.2514038085938,87.5148696899414,75.82652282714844,90.86766052246094,905.1035766601562,900.0995483398438,322.30841064453125,584.6435546875,639.8284301757812,77.4654312133789,2877.19384765625,863.6861572265625,1547.23486328125,308.3973083496094,6782.9423828125,618.9871215820312,204.22792053222656
2021-04-09,1197.9532470703125,796.1275634765625,3091.7255859375,2518.126220703125,665.421630859375,3148.68017578125,960.7435913085938,477.2726745605469,523.0845336914062,151.4339599609375,3563.116455078125,842.6480102539062,85.44416046142578,3639.9189453125,922.6005859375,2404.0966796875,1398.6312255859375,838.57763671875,673.3234252929688,684.3751831054688,2452.91552734375,348.4380798339844,2276.94287109375,547.62158203125,891.9725952148438,1241.715576171875,163.0777130126953,587.8513793945312,358.3529052734375,1319.52197265625,4071.6337890625,754.7545166015625,6543.3505859375,831.6423950195312,85.68123626708984,75.97290802001953,90.56332397460938,894.587158203125,901.6846313476562,319.9517822265625,606.0590209960938,648.509521484375,75.87125396728516,2881.44384765625,883.8305053710938,1567.617919921875,312.5721740722656,6641.47021484375,603.123046875,207.92352294921875
2021-04-12,1071.3175048828125,719.8110961914062,2965.969970703125,2490.7509765625,632.9571533203125,3053.563720703125,914.2581787109375,441.8810729980469,501.21142578125,143.7305908203125,3577.236572265625,861.1126708984375,82.27711486816406,3666.40087890625,968.4661254882812,2314.095458984375,1337.0526123046875,809.6998901367188,647.418212890625,676.93896484375,2346.138916015625,324.4561767578125,2264.068603515625,520.8788452148438,815.4404907226562,1228.531982421875,157.10867309570312,571.9008178710938,347.05010986328125,1264.122802734375,3959.2568359375,716.9285278320312,6249.58935546875,827.3548583984375,82.55570983886719,71.76436614990234,87.45471954345703,862.5869140625,864.3828125,298.062744140625,589.4976806640625,625.4234008789062,71.82675170898438,2815.7880859375,872.7930908203125,1487.3167724609375,281.4819030761719,6333.568359375,560.0427856445312,199.8394012451172
2021-04-13,1103.1759033203125,706.6647338867188,2942.279541015625,2460.60009765625,658.2515258789062,3106.5546875,978.4686279296875,463.2110290527344,514.3544311523438,145.66978454589844,3514.60986328125,844.6995849609375,84.4214859008789,3607.03466796875,925.8953857421875,2377.639892578125,1352.2044677734375,788.84375,663.1886596679688,695.4556274414062,2412.874267578125,336.51953125,2257.07958984375,542.205322265625,847.3087768554688,1203.887939453125,159.7105255126953,596.7022705078125,353.6924133300781,1290.9532470703125,3820.2373046875,773.9298706054688,6532.51953125,811.6201171875,83.84759521484375,74.69204711914062,90.75897216796875,871.9071655273438,889.4984130859375,309.0752868652344,597.1119995117188,633.3890991210938,74.1421127319336,2692.1953125,840.8978881835938,1507.158203125,297.4936218261719,6426.05078125,574.3395385742188,193.53378295898438
2021-04-15,1126.7080078125,725.3209228515625,2954.86474609375,2476.87158203125,666.0689086914062,3102.2861328125,971.78369140625,456.5058898925781,517.4243774414062,144.05084228515625,3464.60205078125,872.372802734375,84.61941528320312,3670.03857421875,939.1229858398438,2300.17626953125,1310.4884033203125,795.6621704101562,677.27783203125,683.981201171875,2410.51611328125,341.2000732421875,2262.826904296875,556.3262939453125,828.9120483398438,1172.5230712890625,158.18003845214844,595.5189819335938,353.17449951171875,1291.845703125,3761.607421875,768.062744140625,6368.099609375,797.759765625,84.47270965576172,76.92439270019531,90.34593200683594,877.5490112304688,900.2976684570312,310.6161193847656,602.7277221679688,628.953125,75.7615966796875,2791.849365234375,833.5956420898438,1514.9864501953125,298.1321105957031,6362.66015625,576.951904296875,198.96170043945312
2021-04-16,1155.6749267578125,730.2992553710938,3021.494140625,2549.6171875,666.4175415039062,3134.322021484375,980.2695922851562,452.2251892089844,518.7675170898438,147.23536682128906,3468.16748046875,895.1315307617188,84.3554916381836,3707.336669921875,948.3678588867188,2321.38916015625,1314.324951171875,812.3870239257812,676.5912475585938,680.238525390625,2437.7158203125,357.07550048828125,2261.21728515625,548.3469848632812,833.3543701171875,1166.4915771484375,159.13658142089844,586.3367919921875,351.3521423339844,1277.279541015625,3803.17333984375,783.8513793945312,6371.7900390625,815.555419921875,85.3895263671875,78.53460693359375,91.23723602294922,872.0425415039062,905.746826171875,308.0782470703125,614.9107666015625,640.40087890625,75.09103393554688,2771.207763671875,847.990478515625,1525.3255615234375,304.51715087890625,6533.80908203125,581.1317138671875,216.74676513671875
2021-04-19,1133.08984375,696.9015502929688,3116.649658203125,2461.748779296875,645.4549560546875,3031.6171875,944.8642578125,438.80517578125,505.048828125,145.43849182128906,3511.607421875,903.004150390625,82.21114349365234,3693.028564453125,962.8745727539062,2259.894775390625,1286.643798828125,797.8279418945312,668.8954467773438,655.9108276367188,2345.675537109375,348.77587890625,2240.756591796875,541.3831787109375,803.4658203125,1174.0740966796875,157.33822631835938,582.9290161132812,338.73486328125,1231.512939453125,3778.485107421875,758.379638671875,6241.1064453125,807.8902587890625,82.55570983886719,75.42395782470703,87.47643280029297,858.3215942382812,897.870361328125,300.1474609375,609.7710571289062,633.5321044921875,74.90547180175781,2742.28271484375,839.4290161132812,1495.4403076171875,296.0692443847656,6333.90869140625,567.5475463867188,218.38670349121094
2021-04-20,1139.4713134765625,696.4183349609375,3227.450927734375,2444.280029296875,649.0400390625,3105.21826171875,979.73583984375,451.936279296875,508.6463623046875,145.2072296142578,3499.504150390625,905.8668212890625,82.14515686035156,3666.44921875,999.4371337890625,2230.958984375,1254.7857666015625,771.1160888671875,658.9500732421875,674.8706665039062,2377.801513671875,346.79754638671875,2204.7080078125,540.7545166015625,816.0198974609375,1164.423583984375,155.76942443847656,587.4727172851562,338.1274108886719,1251.2950439453125,3690.98193359375,773.83447265625,6370.39990234375,808.1597290039062,82.55570983886719,75.27758026123047,88.56336212158203,858.0735473632812,890.6378173828125,298.6518859863281,614.0541381835938,648.7957763671875,75.40734100341797,2727.322021484375,825.412109375,1499.576171875,292.77850341796875,6033.3525390625,562.1326904296875,217.16250610351562
2021-04-22,1154.478515625,713.1895751953125,3187.276123046875,2403.6962890625,655.9610595703125,3174.636962890625,983.1731567382812,459.287841796875,509.26995849609375,148.8542938232422,3520.239013671875,901.143310546875,82.508056640625,3642.732177734375,1007.7904052734375,2228.9091796875,1262.8475341796875,771.5973510742188,673.6786499023438,668.8133544921875,2400.91650390625,343.4197692871094,2160.521240234375,560.1950073242188,807.0389404296875,1164.2080078125,157.56781005859375,606.547119140625,345.7654724121094,1256.27587890625,3640.76806640625,762.9111938476562,6373.70654296875,793.7320556640625,82.47237396240234,75.46055603027344,88.45468139648438,860.4429931640625,905.9449462890625,305.13250732421875,609.104736328125,634.8677978515625,77.71847534179688,2704.98828125,812.3182983398438,1458.1700439453125,289.34039306640625,5927.73388671875,561.990234375,224.80775451660156
2021-04-23,1154.2786865234375,701.15478515625,3158.749267578125,2410.10888671875,668.5585327148438,3166.962158203125,989.4390258789062,457.2405700683594,501.3553161621094,150.526611328125,3424.821044921875,892.7936401367188,83.23382568359375,3666.49755859375,981.9844360351562,2209.316650390625,1241.38232421875,766.583740234375,669.7242431640625,676.0032958984375,2411.779296875,337.2915954589844,2122.219482421875,551.2486572265625,820.8484497070312,1149.3011474609375,157.1469268798828,601.4827880859375,345.3970031738281,1243.2130126953125,3627.563720703125,742.1140747070312,6398.6259765625,785.9437255859375,85.4728775024414,74.94822692871094,91.80243682861328,859.5178833007812,914.3167724609375,304.9512939453125,607.2010498046875,634.0092163085938,78.07273864746094,2696.921875,797.5458374023438,1439.0672607421875,288.80010986328125,5903.994140625,556.1005859375,219.74942016601562
2021-04-26,1169.983642578125,706.3746948242188,3133.677001953125,2448.348388671875,697.5375366210938,3224.1787109375,997.9298706054688,463.9750671386719,506.10406494140625,149.05001831054688,3320.58349609375,863.9754028320312,83.76167297363281,3670.9599609375,981.9844360351562,2259.41796875,1274.6484375,745.0458374023438,665.2962036132812,693.8304443359375,2412.2001953125,336.1817321777344,2170.866455078125,571.7045288085938,830.0709838867188,1157.7025146484375,157.10867309570312,620.7937622070312,350.4658203125,1255.4300537109375,3658.250244140625,744.5943603515625,6362.97119140625,797.52099609375,85.34786224365234,75.24098205566406,93.82412719726562,874.6378173828125,933.7850952148438,312.0662841796875,604.1077880859375,639.3514404296875,79.35061645507812,2689.37646484375,807.617919921875,1457.185546875,290.17535400390625,6106.375,561.0877685546875,221.87437438964844
2021-04-27,1187.7325439453125,724.1610107421875,3149.865234375,2464.093994140625,696.6412353515625,3264.406982421875,1006.869873046875,476.5624694824219,512.5797119140625,149.56593322753906,3322.460205078125,870.6552124023438,84.12456512451172,3791.82666015625,980.1529541015625,2288.25830078125,1292.9569091796875,745.0859375,681.3507690429688,668.5178833007812,2446.68408203125,353.4564514160156,2188.5224609375,579.1035766601562,852.1856079101562,1161.9677734375,157.18519592285156,630.3546752929688,348.6036376953125,1297.4844970703125,3635.606689453125,742.591064453125,6295.7373046875,793.1907348632812,85.05613708496094,75.53373718261719,94.19367980957031,897.5661010742188,920.1622314453125,319.99713134765625,608.4385986328125,642.6903686523438,82.47150421142578,2716.43603515625,813.5352783203125,1472.201904296875,296.16748046875,6155.89990234375,567.5475463867188,224.0686492919922
2021-04-28,1181.7996826171875,721.3577270507812,3157.959716796875,2502.572021484375,705.2055053710938,3354.306640625,1046.5755615234375,517.2976684570312,522.1732177734375,148.55186462402344,3263.867919921875,868.5558471679688,84.78436279296875,3766.2666015625,977.6721801757812,2403.71533203125,1302.62109375,741.0350341796875,699.39453125,662.4606323242188,2464.157470703125,349.9339599609375,2213.076416015625,600.9619140625,895.111083984375,1168.4300537109375,157.26170349121094,627.2781372070312,360.7827453613281,1293.0205078125,3618.078857421875,746.1207885742188,6300.5771484375,786.3267211914062,86.34800720214844,76.04607391357422,96.04149627685547,901.47021484375,921.7969360351562,329.378173828125,612.3884887695312,645.9815673828125,81.9358901977539,2709.584716796875,820.3759765625,1485.7412109375,300.4896545410156,6188.982421875,577.616943359375,226.0319366455078
2021-04-29,1178.907958984375,721.841064453125,3197.097412109375,2501.519287109375,716.4087524414062,3308.343505859375,1115.146240234375,537.27587890625,518.8634033203125,149.2812957763672,3254.626220703125,865.0250854492188,84.48744201660156,3793.669677734375,988.8841552734375,2348.1318359375,1311.8966064453125,742.463623046875,697.3580932617188,664.479736328125,2408.453369140625,359.15032958984375,2214.0419921875,601.0587158203125,907.230712890625,1168.731689453125,156.3433837890625,687.7198486328125,359.49810791015625,1276.8095703125,3581.022216796875,738.9658203125,6292.76611328125,784.3660278320312,85.88961791992188,76.1558837890625,95.71539306640625,913.543701171875,919.6173095703125,325.75262451171875,613.4353637695312,640.9254760742188,86.99256896972656,2701.9091796875,819.9563598632812,1483.7227783203125,296.5604248046875,6210.04736328125,584.9789428710938,226.28602600097656
2021-04-30,1155.375732421875,705.6981811523438,3156.23193359375,2427.769287109375,711.9274291992188,3306.01513671875,1101.6865234375,534.0482177734375,514.9301147460938,150.08184814453125,3235.955322265625,868.6989135742188,87.78645324707031,3940.63037109375,1000.6679077148438,2308.80419921875,1361.4801025390625,733.8108520507812,668.84814453125,655.0736694335938,2373.9697265625,351.67108154296875,2164.521484375,580.7960815429688,902.8850708007812,1167.0084228515625,155.0424346923828,679.5315551757812,348.3049011230469,1259.7059326171875,3617.5205078125,717.9302978515625,6187.337890625,775.1785888671875,85.3895263671875,79.15673065185547,95.67192077636719,900.2064819335938,920.1126708984375,320.4049987792969,622.9058837890625,638.6837158203125,87.21607971191406,2632.870361328125,806.1070556640625,1468.8046875,288.6528015136719,6109.3427734375,576.5245361328125,227.62567138671875
2021-05-03,1251.94775390625,736.0023803710938,3162.944091796875,2471.559814453125,699.8279418945312,3321.623779296875,1101.6915283203125,543.770263671875,536.1317138671875,148.01815795898438,3226.807373046875,868.5558471679688,87.22561645507812,3951.931396484375,1005.0963134765625,2284.587890625,1373.91259765625,740.953369140625,669.8663330078125,661.7711791992188,2352.15966796875,357.0272521972656,2214.409912109375,577.169189453125,882.2672119140625,1165.0264892578125,153.7797393798828,684.643310546875,343.654296875,1261.6324462890625,3648.53271484375,718.3118286132812,6323.6279296875,784.5657348632812,86.88977813720703,78.8273696899414,95.99800109863281,884.206298828125,949.7362670898438,317.7764892578125,627.4268188476562,645.9337768554688,89.80979919433594,2634.04150390625,803.8408203125,1402.1414794921875,287.8178405761719,6178.61962890625,586.87890625,225.1311492919922
2021-05-04,1258.8780517578125,743.1072387695312,3140.191650390625,2476.345703125,697.4378662109375,3303.083251953125,1096.178955078125,550.0984497070312,529.9918823242188,149.9573516845703,3223.61767578125,838.2584228515625,87.62151336669922,3865.9375,982.0910034179688,2257.654296875,1375.272216796875,735.4434814453125,657.5055541992188,657.7822265625,2338.265625,349.88568115234375,2214.087890625,572.1398315429688,878.935546875,1145.509765625,152.7466278076172,677.2124633789062,345.0882873535156,1257.027587890625,3576.744384765625,707.0546264648438,6237.751953125,786.4597778320312,86.47303771972656,80.25462341308594,94.80237579345703,865.0466918945312,973.8115234375,318.5922546386719,614.0541381835938,615.5498657226562,89.73388671875,2645.099365234375,806.1070556640625,1381.4139404296875,284.33062744140625,6126.3701171875,580.65673828125,222.63661193847656
2021-05-05,1263.8636474609375,713.4794921875,3289.884521484375,2457.680908203125,714.2178955078125,3314.681884765625,1108.949951171875,540.243896484375,537.18701171875,151.14926147460938,3238.394775390625,847.9918823242188,87.8524398803711,3914.536376953125,1000.2510986328125,2261.848876953125,1380.0799560546875,742.3410034179688,664.2542724609375,664.2335205078125,2347.906982421875,354.27679443359375,2202.1328125,583.0206298828125,899.2153930664062,1155.9359130859375,154.12413024902344,679.3896484375,352.67657470703125,1258.0142822265625,3640.675048828125,713.1602172851562,6316.2001953125,786.5857543945312,86.59806823730469,81.31588745117188,94.86758422851562,866.62646484375,964.1021118164062,322.12713623046875,650.4605102539062,619.1748657226562,90.2652816772461,2684.952880859375,806.1070556640625,1406.5234375,286.3443603515625,6208.00341796875,608.6328125,226.6324920654297
2021-05-06,1283.0582275390625,716.0895385742188,3303.950927734375,2439.877197265625,712.77392578125,3398.67431640625,1100.319580078125,541.5809936523438,536.0357666015625,154.42276000976562,3238.817138671875,843.8408203125,88.80914306640625,3941.309326171875,1001.7046508789062,2329.3974609375,1406.304443359375,747.7285766601562,663.44921875,661.6726684570312,2453.252197265625,372.4683532714844,2197.85693359375,588.2435302734375,893.2279663085938,1173.2554931640625,155.1572265625,690.84375,356.1620178222656,1259.1890869140625,3545.081787109375,713.0171508789062,6389.56884765625,794.58740234375,85.88961791992188,80.69375610351562,93.65023803710938,871.5460815429688,960.4364013671875,322.2630615234375,646.6533813476562,623.03857421875,92.8589859008789,2698.61279296875,820.8375854492188,1422.278564453125,295.9219055175781,6232.42578125,601.318115234375,236.65676879882812
2021-05-07,1295.17333984375,742.1405639648438,3268.118896484375,2442.365966796875,713.769775390625,3334.47265625,1129.304443359375,538.1525268554688,545.389404296875,157.678466796875,3247.448486328125,842.5048217773438,90.29369354248047,3908.376708984375,1002.9159545898438,2304.513916015625,1407.95556640625,748.05517578125,670.0083618164062,662.5099487304688,2409.04296875,387.0891418457031,2217.3525390625,587.1795654296875,894.4351196289062,1165.45751953125,157.1469268798828,716.54443359375,354.588623046875,1261.8203125,3504.399169921875,732.0970458984375,6424.455078125,796.6668701171875,87.55656433105469,81.57205200195312,93.2806625366211,871.8846435546875,991.0010986328125,324.7102966308594,646.7009887695312,600.0478515625,99.7291488647461,2717.217041015625,823.355712890625,1424.34619140625,297.3953857421875,6306.810546875,597.8983764648438,238.01954650878906
2021-05-10,1300.358642578125,739.9172973632812,3280.802734375,2447.439208984375,712.2760009765625,3336.11083984375,1130.65625,538.514892578125,549.2747192382812,161.4322967529297,3202.9296875,859.0609741210938,97.0236587524414,4015.27490234375,1032.5400390625,2333.211181640625,1403.050537109375,746.0552368164062,672.4236450195312,669.7982788085938,2388.41162109375,410.8780517578125,2237.3076171875,593.1277465820312,912.9766235351562,1154.2557373046875,157.29998779296875,718.1536865234375,360.3644714355469,1310.9700927734375,3408.480224609375,744.5467529296875,6482.87255859375,797.9003295898438,89.76526641845703,83.36524963378906,95.58497619628906,869.3796997070312,995.7071533203125,327.8373107910156,664.5471801757812,604.0068359375,102.59699249267578,2728.145263671875,831.3712768554688,1432.86376953125,309.2813720703125,6230.13916015625,640.8360595703125,242.96240234375
2021-05-11,1299.7603759765625,737.2107543945312,3216.1484375,2446.7685546875,704.4088134765625,3345.295166015625,1116.792724609375,531.3837280273438,545.2935180664062,164.47447204589844,3207.245361328125,850.1388549804688,102.73094177246094,3951.54345703125,1026.415771484375,2356.045166015625,1408.48974609375,740.6268310546875,664.7042236328125,661.1309814453125,2390.137939453125,398.38043212890625,2208.984619140625,589.83935546875,916.3082885742188,1146.5867919921875,156.11380004882812,695.0560913085938,349.62933349609375,1300.2567138671875,3365.14697265625,740.3014526367188,6456.6591796875,801.8357543945312,93.93264770507812,86.43930053710938,97.12842559814453,872.5165405273438,991.6946411132812,330.5111389160156,673.9699096679688,612.0679321289062,104.07730102539062,2708.28369140625,820.0822143554688,1413.2685546875,309.968994140625,6315.275390625,650.0980834960938,239.4746856689453
2021-05-12,1282.111083984375,726.5292358398438,3155.49169921875,2446.72119140625,688.4255981445312,3341.80224609375,1106.3062744140625,524.8892211914062,538.913818359375,159.84890747070312,3227.0888671875,857.486572265625,101.27935028076172,3939.757080078125,1027.481689453125,2341.982177734375,1371.775634765625,739.6473999023438,662.7861328125,658.7178344726562,2391.6533203125,384.8694763183594,2141.71533203125,575.2347412109375,885.212646484375,1143.441650390625,155.5398406982422,670.11279296875,342.3397521972656,1301.8543701171875,3405.271728515625,724.7513427734375,6534.1962890625,794.6017456054688,94.4327392578125,84.24356079101562,98.23709106445312,863.4895629882812,963.904052734375,333.2756042480469,668.9730224609375,610.5892333984375,99.45924377441406,2677.928466796875,807.74365234375,1432.6668701171875,320.2341613769531,6216.2744140625,657.03271484375,234.48562622070312
2021-05-14,1216.848876953125,709.081298828125,3100.411865234375,2655.67138671875,682.1517333984375,3318.99365234375,1094.687255859375,522.1415405273438,537.61865234375,157.3582305908203,3285.16552734375,862.6871948242188,96.85871124267578,3900.082763671875,1007.2088623046875,2302.654541015625,1327.728515625,743.1166381835938,656.7952270507812,660.4907836914062,2368.243408203125,369.4283447265625,2185.76416015625,577.7010498046875,860.2974243164062,1134.30810546875,162.42723083496094,669.3554077148438,339.909912109375,1330.2352294921875,3346.084228515625,707.3886108398438,6456.41943359375,818.6636962890625,92.84912109375,82.6699447631836,99.49790954589844,874.3896484375,969.3530883789062,326.704345703125,658.1224975585938,615.4544677734375,95.49065399169922,2646.617431640625,799.224365234375,1433.552978515625,306.7273864746094,6196.08447265625,706.0975952148438,230.2587890625
2021-05-17,1285.4014892578125,729.0425415039062,3111.664794921875,2663.568603515625,706.3009033203125,3332.446044921875,1122.4097900390625,531.91259765625,527.3056640625,157.8563690185547,3290.607177734375,840.8826904296875,97.74944305419922,3922.102783203125,1017.5682983398438,2368.582763671875,1353.8070068359375,752.7489013671875,682.0848388671875,656.2555541992188,2403.948486328125,379.22381591796875,2185.21240234375,603.13818359375,923.647705078125,1145.509765625,162.69508361816406,676.2658081054688,347.3787536621094,1303.217041015625,3332.415283203125,718.8842163085938,6438.640625,809.813720703125,92.97416687011719,83.62142181396484,99.30227661132812,884.7930908203125,954.739501953125,347.2338562011719,654.02978515625,623.2293090820312,97.07218933105469,2662.446044921875,800.1896362304688,1445.8123779296875,315.42083740234375,6355.8974609375,732.1736450195312,230.8824005126953
2021-05-18,1322.8936767578125,750.0187377929688,3122.6708984375,2700.94580078125,708.6909790039062,3507.32958984375,1137.121826171875,557.2490844726562,514.5464477539062,159.56427001953125,3307.682861328125,843.936279296875,96.62779998779297,3903.381103515625,1010.8138427734375,2452.0048828125,1352.3988037109375,760.4629516601562,699.34716796875,656.6495971679688,2447.905029296875,388.0541687011719,2183.373046875,612.4232177734375,941.1268920898438,1154.643310546875,160.74363708496094,679.1529541015625,349.55963134765625,1331.9267578125,3380.537353515625,761.003173828125,6528.01513671875,816.5938720703125,93.43256378173828,84.97547149658203,101.345703125,897.250244140625,959.4951782226562,346.46337890625,657.50390625,622.943115234375,99.53093719482422,2678.968994140625,814.7942504882812,1515.67578125,326.5700988769531,6473.2890625,730.8912353515625,234.69349670410156
2021-05-19,1290.9854736328125,746.635498046875,3188.016357421875,2695.251220703125,713.8195190429688,3532.121826171875,1118.9974365234375,551.6116943359375,506.7276916503906,158.85264587402344,3316.080322265625,862.5917358398438,100.19071960449219,3918.610595703125,1015.1456298828125,2445.188232421875,1349.7762451171875,760.2996215820312,690.5857543945312,656.10791015625,2454.683837890625,389.2122497558594,2170.0390625,604.927490234375,933.8358154296875,1152.0582275390625,158.9835662841797,668.1721801757812,344.6700134277344,1318.9110107421875,3484.9638671875,748.6965942382812,6494.2783203125,829.3674926757812,93.30753326416016,84.09716796875,101.62832641601562,901.3573608398438,969.00634765625,348.4120788574219,669.49658203125,623.1339111328125,98.20245361328125,2673.07080078125,820.5858154296875,1497.85302734375,308.8884582519531,6383.96875,743.003173828125,236.35650634765625
2021-05-20,1298.2645263671875,740.158935546875,3178.392333984375,2674.43212890625,702.9649047851562,3510.779052734375,1120.2698974609375,547.4535522460938,499.4845886230469,161.8236846923828,3211.139404296875,881.9153442382812,96.7597427368164,3919.726318359375,1014.854736328125,2412.67724609375,1335.741455078125,754.5856323242188,678.556640625,657.4375610351562,2412.66357421875,371.7445373535156,2155.693115234375,598.30224609375,942.0443115234375,1154.040283203125,158.40960693359375,657.427978515625,340.21868896484375,1324.8314208984375,3416.1982421875,766.2978515625,6457.80908203125,821.5724487304688,93.14085388183594,81.82823181152344,99.54141998291016,896.0993041992188,960.188720703125,348.5480651855469,653.7442016601562,615.2160034179688,93.20903015136719,2653.990478515625,816.766845703125,1507.896728515625,302.25787353515625,6396.27685546875,729.0863037109375,234.78590393066406
2021-05-21,1311.326904296875,743.5421752929688,3205.833740234375,2711.1875,727.8609008789062,3557.6474609375,1123.986328125,551.6655883789062,509.3658752441406,164.04750061035156,3223.523681640625,884.4917602539062,97.12265014648438,3957.654296875,1011.0076904296875,2404.76416015625,1332.439208984375,759.6874389648438,709.1030883789062,660.5892333984375,2428.916015625,376.1838073730469,2172.337646484375,621.36962890625,981.1553955078125,1167.1376953125,159.97840881347656,660.9304809570312,350.0675354003906,1332.6314697265625,3399.3671875,781.275634765625,6531.41748046875,831.6370239257812,94.05766296386719,82.52355194091797,99.10664367675781,903.8397827148438,960.2877197265625,363.6392822265625,657.1231079101562,619.7950439453125,93.88804626464844,2671.76953125,822.9779052734375,1514.78955078125,307.56231689453125,6458.30517578125,740.8182983398438,236.84158325195312
2021-05-24,1303.0509033203125,740.9805297851562,3219.01123046875,2698.45703125,738.0682983398438,3572.091552734375,1114.1734619140625,548.8395385742188,505.38458251953125,168.24609375,3170.373291015625,888.6427001953125,98.2442855834961,3974.436279296875,1021.8029174804688,2432.317138671875,1331.37060546875,761.4425659179688,715.0938720703125,660.14599609375,2442.43115234375,375.7012634277344,2148.703857421875,626.10888671875,970.2910766601562,1161.579833984375,161.853271484375,645.0745849609375,349.9380187988281,1356.313720703125,3407.36474609375,772.7373657226562,6586.00048828125,825.135009765625,94.09932708740234,82.74312591552734,100.43270111083984,896.2120361328125,953.60009765625,373.4734802246094,657.6466674804688,610.6369018554688,92.10829162597656,2672.636962890625,825.6638793945312,1497.4591064453125,306.3344421386719,6385.13623046875,749.8427124023438,237.8578643798828
2021-05-25,1279.06982421875,738.5156860351562,3158.35400390625,2789.57958984375,728.5081787109375,3578.818359375,1135.0313720703125,550.38232421875,504.7130126953125,168.79762268066406,3239.024169921875,892.7936401367188,97.28759002685547,3975.066650390625,1029.371337890625,2502.72607421875,1335.4014892578125,767.8094482421875,700.4127197265625,649.2134399414062,2467.0625,377.5349426269531,2155.60107421875,628.9620361328125,959.8132934570312,1173.2554931640625,161.39413452148438,663.3917236328125,348.6434326171875,1363.5498046875,3447.582275390625,773.9298706054688,6624.529296875,832.5400390625,94.4327392578125,83.8775863647461,101.25875854492188,886.0568237304688,956.374267578125,373.7453918457031,662.5482788085938,620.0335693359375,93.22168731689453,2714.036376953125,833.1759643554688,1545.117919921875,309.67431640625,6379.4931640625,756.7774047851562,239.08201599121094
2021-05-26,1319.0050048828125,733.0057983398438,3142.511474609375,2815.615234375,732.0433959960938,3592.78759765625,1187.96728515625,565.3206787109375,504.3772888183594,168.0148468017578,3216.893798828125,901.9067993164062,96.13292694091797,3975.794189453125,1024.332275390625,2510.781982421875,1368.9102783203125,772.0542602539062,699.5130004882812,648.5731811523438,2496.535400390625,367.69122314453125,2164.7509765625,631.0899047851562,964.207275390625,1203.9744873046875,161.16455078125,645.7846069335938,346.681640625,1384.1776123046875,3533.458251953125,783.4220581054688,6741.93798828125,833.7379150390625,92.59909057617188,82.96270751953125,98.08491516113281,889.1710815429688,962.7646484375,374.83306884765625,669.877197265625,612.35400390625,91.27745819091797,2752.820068359375,845.8919677734375,1558.7064208984375,309.9198913574219,6403.13671875,771.9290771484375,243.5629119873047
2021-05-27,1321.996337890625,726.3359375,3157.712646484375,2823.032958984375,747.22998046875,3661.603271484375,1186.2113037109375,556.6074829101562,498.6691589355469,166.467041015625,3215.622314453125,899.2347412109375,95.37417602539062,3956.9755859375,1021.1633911132812,2482.704833984375,1376.4378662109375,769.2789306640625,702.1649780273438,654.0394897460938,2518.93505859375,372.3717956542969,2139.3701171875,630.8480834960938,972.319091796875,1208.28271484375,161.58543395996094,645.4532470703125,353.9712219238281,1393.5281982421875,3649.183349609375,790.4816284179688,6679.25634765625,843.5005493164062,91.93231964111328,81.86482238769531,99.25878143310547,891.9017333984375,973.0189208984375,385.3923645019531,665.784423828125,618.697998046875,92.50050354003906,2771.558837890625,855.9642333984375,1569.833251953125,312.965087890625,6492.99169921875,778.7213134765625,249.86856079101562
2021-05-28,1298.86279296875,750.2603759765625,3108.70361328125,2814.75341796875,736.773681640625,3621.417724609375,1168.6907958984375,549.6085815429688,502.3146667480469,167.76576232910156,3223.90966796875,891.600830078125,96.9246826171875,3996.79541015625,1006.7632446289062,2515.50146484375,1423.3499755859375,769.4013671875,712.015625,658.8656616210938,2519.1455078125,374.2054748535156,2135.048095703125,621.949951171875,984.390380859375,1210.6953125,162.92466735839844,652.9788818359375,358.6516418457031,1389.0643310546875,3654.902099609375,806.9381103515625,6680.310546875,832.2216796875,90.80711364746094,82.23078155517578,98.01971435546875,945.476318359375,967.8174438476562,382.53729248046875,637.4684448242188,624.8034057617188,93.07829284667969,2739.834716796875,861.3779907226562,1552.84765625,313.1123962402344,6420.26123046875,771.0741577148438,248.8522186279297
2021-05-31,1312.5238037109375,743.8804931640625,3127.853271484375,2849.977294921875,747.5785522460938,3615.639892578125,1177.979736328125,551.2933349609375,513.1553344726562,167.9436492919922,3246.887451171875,905.91455078125,97.45252227783203,4068.335693359375,1028.9739990234375,2551.4443359375,1428.9349365234375,771.5645141601562,717.8880615234375,655.8617553710938,2532.576904296875,380.4783935546875,2151.9228515625,641.0036010742188,978.2582397460938,1213.9178466796875,165.7561492919922,672.95263671875,360.035888671875,1379.290771484375,3666.01416015625,770.7816772460938,6791.77734375,841.0693359375,92.09899139404297,83.18228149414062,98.10665130615234,975.0393676757812,966.6286010742188,384.6219787597656,636.0882568359375,633.2936401367188,94.94660949707031,2753.38720703125,857.5170288085938,1571.8028564453125,313.1123962402344,6526.80322265625,774.303955078125,249.01390075683594
2021-06-01,1412.186767578125,771.5748901367188,3197.986328125,2805.46875,742.0517578125,3655.437255859375,1180.33447265625,566.6578369140625,511.236572265625,167.53448486328125,3245.851318359375,903.1472778320312,97.3865737915039,4093.654052734375,1030.398681640625,2541.5771484375,1403.050537109375,776.0541381835938,715.9226684570312,655.221435546875,2506.6826171875,380.9126892089844,2168.7060546875,628.7686767578125,975.4093627929688,1208.2130126953125,164.72303771972656,657.427978515625,357.9047546386719,1385.822021484375,3617.89208984375,769.20751953125,6796.42529296875,844.0613403320312,91.84895324707031,86.07335662841797,97.56318664550781,978.9210205078125,957.3650512695312,392.05426025390625,638.7057495117188,635.1539306640625,92.8589859008789,2748.027099609375,864.945068359375,1567.027099609375,312.4739074707031,6423.0341796875,774.9689331054688,250.74624633789062
2021-06-02,1542.3123779296875,784.4312133789062,3231.35009765625,2779.33837890625,733.935546875,3703.815185546875,1179.7059326171875,568.9940185546875,507.9747619628906,168.88656616210938,3272.690185546875,911.019775390625,98.37625122070312,4087.979248046875,1029.59423828125,2552.97021484375,1400.816650390625,770.3809814453125,712.2760620117188,665.7109375,2503.18798828125,384.8694763183594,2169.165283203125,627.0759887695312,992.7437744140625,1200.76611328125,159.94012451171875,668.3615112304688,355.1363220214844,1382.4390869140625,3569.351806640625,769.1121215820312,6886.087890625,839.07080078125,92.64076232910156,86.18313598632812,98.88925170898438,993.5219116210938,975.2977294921875,396.3142395019531,644.7973022460938,642.5471801757812,94.8116455078125,2727.50146484375,853.5720825195312,1561.414306640625,317.2872314453125,6416.0771484375,795.6777954101562,250.83863830566406
2021-06-03,1578.5579833984375,797.7708129882812,3381.437744140625,2809.6328125,747.52880859375,3685.101806640625,1179.331787109375,578.0892944335938,510.42120361328125,168.61972045898438,3292.46630859375,904.8648681640625,98.3432846069336,4105.39111328125,1023.8185424804688,2638.7763671875,1416.842529296875,766.8709716796875,720.114013671875,668.2224731445312,2533.29296875,385.2554931640625,2173.25732421875,628.9137573242188,971.2568969726562,1210.3468017578125,159.97840881347656,675.9818115234375,361.3304748535156,1419.8416748046875,3568.468505859375,765.153076171875,6909.8564453125,846.0052490234375,93.18253326416016,89.65973663330078,98.38924407958984,997.313232421875,977.7249755859375,402.1686096191406,642.9413452148438,648.7003784179688,94.63873291015625,2737.786376953125,851.3896484375,1665.29833984375,319.8903503417969,6462.29443359375,798.1952514648438,249.01390075683594
2021-06-04,1696.0699462890625,806.0357055664062,3336.5244140625,2799.630126953125,738.964599609375,3665.009033203125,1212.83642578125,587.0963134765625,511.04473876953125,170.16748046875,3285.92138671875,903.0995483398438,101.01544952392578,4133.91015625,1018.4791870117188,2616.704833984375,1460.0640869140625,764.5035400390625,710.8316650390625,670.6355590820312,2567.01806640625,381.25042724609375,2153.761962890625,621.6113891601562,974.6851196289062,1206.8631591796875,159.74880981445312,682.7027587890625,360.73297119140625,1444.9332275390625,3586.229736328125,767.585693359375,6914.8408203125,828.2957153320312,93.14085388183594,91.81888580322266,98.32404327392578,988.669921875,980.0037841796875,396.6343994140625,641.4660034179688,655.3304443359375,94.5290756225586,2739.965087890625,855.4605712890625,1653.777587890625,329.02587890625,6484.28369140625,794.3954467773438,250.00711059570312
2021-06-07,1619.639892578125,849.2930297851562,3272.511474609375,2807.479248046875,747.9769287109375,3664.7509765625,1180.1998291015625,561.2651977539062,514.642333984375,171.28829956054688,3336.11474609375,896.8015747070312,103.09383392333984,4103.208984375,1011.5405883789062,2626.095947265625,1457.87890625,775.1563720703125,710.3107299804688,669.8475341796875,2570.26025390625,381.2021789550781,2151.233154296875,626.9310302734375,990.0397338867188,1210.3468017578125,161.81503295898438,677.543701171875,361.46990966796875,1463.96337890625,3617.1025390625,766.8702392578125,6973.25732421875,833.322021484375,97.0165023803711,91.59929656982422,102.71525573730469,1005.3245239257812,979.3597412109375,395.3995056152344,642.7984619140625,667.7320556640625,95.20387268066406,2774.348388671875,868.2186889648438,1659.2918701171875,339.3892822265625,6664.626953125,807.9322509765625,253.2638702392578
2021-06-08,1631.7550048828125,845.039794921875,3246.9951171875,2800.92236328125,743.2466430664062,3682.126953125,1170.6763916015625,563.77783203125,524.571533203125,173.4409637451172,3391.81689453125,910.11328125,102.92887115478516,4114.12158203125,1022.3068237304688,2635.01025390625,1459.9671630859375,789.5231323242188,702.3544921875,679.3028564453125,2573.376220703125,374.2054748535156,2169.349365234375,621.3213500976562,985.1629638671875,1230.640380859375,163.49859619140625,669.734130859375,357.2176208496094,1455.83447265625,3720.69140625,770.6862182617188,7031.818359375,830.9478759765625,96.84980010986328,91.3431396484375,101.75875091552734,999.54736328125,970.7897338867188,390.780029296875,646.03466796875,677.748779296875,93.71934509277344,2789.120849609375,887.8173217773438,1686.272216796875,346.5110778808594,6610.869140625,810.8294677734375,254.34947204589844
2021-06-09,1590.074951171875,824.1602172851562,3263.232666015625,2817.481201171875,733.6865844726562,3642.9765625,1153.2904052734375,555.8532104492188,518.0479736328125,172.58700561523438,3366.34375,914.7891845703125,103.19280242919922,4139.5849609375,1012.2384033203125,2601.879638671875,1449.1859130859375,792.8699951171875,701.052001953125,674.5752563476562,2546.050048828125,369.76611328125,2166.590576171875,615.22802734375,969.13232421875,1232.6875,162.6185760498047,660.5991821289062,355.09649658203125,1427.7825927734375,3660.52783203125,767.4426879882812,6938.13037109375,834.4912109375,98.43341064453125,90.79419708251953,105.2586898803711,981.6741943359375,989.3663330078125,385.52020263671875,640.4189453125,670.4985961914062,92.867431640625,2789.2080078125,883.2008666992188,1704.2427978515625,337.2773132324219,6543.1005859375,803.22998046875,251.39297485351562
2021-06-10,1607.3751220703125,818.5053100585938,3282.777587890625,2838.21044921875,741.1553955078125,3604.51611328125,1196.6180419921875,596.2015380859375,522.9885864257812,172.0532989501953,3367.850830078125,929.627685546875,103.2587890625,4241.5361328125,1025.6597900390625,2578.998291015625,1449.623046875,790.6251220703125,701.4071655273438,678.859619140625,2533.840087890625,371.9375305175781,2187.556884765625,619.3869018554688,989.218994140625,1240.526123046875,164.80078125,668.124755859375,358.41265869140625,1428.158447265625,3751.983154296875,769.82763671875,6900.6552734375,834.4413452148438,98.76679992675781,90.72101593017578,105.06304168701172,985.2849731445312,988.3260498046875,395.3995056152344,643.4647827148438,678.9898681640625,94.00190734863281,2803.632568359375,893.8186645507812,1712.0218505859375,338.65252685546875,6528.40869140625,796.7228393554688,256.0355529785156
2021-06-11,1597.0050048828125,811.7389526367188,3293.487548828125,2843.645751953125,735.3795776367188,3598.134521484375,1188.0771484375,599.4927978515625,518.8634033203125,172.0710906982422,3350.522705078125,923.5680541992188,107.31653594970703,4204.6259765625,1056.8536376953125,2618.4208984375,1447.777587890625,802.7062377929688,703.917236328125,672.309814453125,2529.924072265625,379.41680908203125,2176.24658203125,614.8411865234375,980.2861328125,1260.2100830078125,163.69842529296875,692.1690063476562,357.3769226074219,1412.887451171875,3881.238525390625,771.7833251953125,6923.5615234375,833.5049438476562,99.01685333251953,90.42823791503906,107.08470916748047,1002.3753051757812,978.96337890625,392.97540283203125,648.4617309570312,686.3775024414062,97.70480346679688,2853.3115234375,900.6173095703125,1701.97802734375,344.5464172363281,6482.87255859375,793.3504638671875,256.05865478515625
2021-06-14,1497.142333984375,742.8171997070312,3306.96142578125,2837.537109375,733.1886596679688,3575.71337890625,1189.9378662109375,606.7561645507812,517.4243774414062,172.10667419433594,3381.928955078125,931.4883422851562,105.13922119140625,4256.5712890625,1058.47216796875,2617.038818359375,1450.108642578125,803.4000244140625,700.6494750976562,671.4234619140625,2514.17724609375,381.0091552734375,2190.23291015625,614.3092041015625,989.1707763671875,1273.187744140625,163.22601318359375,690.2284545898438,352.13885498046875,1424.4464111328125,3875.147216796875,770.3046875,6879.52197265625,835.45849609375,98.51675415039062,91.3431396484375,108.12818145751953,1016.7554321289062,977.0315551757812,393.66143798828125,644.4641723632812,685.7538452148438,98.24884033203125,2855.533935546875,897.4698486328125,1708.2308349609375,349.65447998046875,6498.1005859375,792.8279418945312,259.4308776855469
2021-06-15,1534.43505859375,736.4373779296875,3255.731201171875,2926.321044921875,747.7777709960938,3568.469970703125,1177.2215576171875,603.523681640625,520.4462890625,171.4661865234375,3420.162841796875,925.3335571289062,103.6876449584961,4183.81884765625,1048.6845703125,2634.724365234375,1452.2939453125,804.4205322265625,705.7642211914062,682.1098022460938,2532.19775390625,377.1971740722656,2215.566162109375,624.1260986328125,998.9725341796875,1283.7264404296875,163.0291290283203,686.3945922851562,352.7065124511719,1419.7945556640625,3862.175537109375,771.4017944335938,6868.404296875,840.5584106445312,98.18336486816406,91.74569702148438,107.64994049072266,1019.0652465820312,986.6417236328125,392.8839416503906,640.7521362304688,690.3111572265625,99.05015563964844,2843.6806640625,895.4553833007812,1697.0054931640625,346.46197509765625,6488.17529296875,799.6676025390625,257.7217102050781
2021-06-16,1444.144775390625,683.1270141601562,3251.684326171875,2903.716552734375,746.6823120117188,3544.626220703125,1182.95361328125,595.731201171875,514.9301147460938,171.2349090576172,3427.31982421875,912.9760131835938,102.63198852539062,4171.83935546875,1047.763916015625,2613.320556640625,1426.9925537109375,799.4818725585938,703.0884399414062,681.7159423828125,2505.545654296875,366.9674072265625,2230.34033203125,619.0967407226562,978.9342041015625,1289.561767578125,163.6590576171875,667.7461547851562,350.655029296875,1401.0933837890625,3914.389404296875,769.064453125,6818.56494140625,853.8859252929688,99.8503189086914,92.7337875366211,105.28042602539062,1001.6732177734375,982.6292724609375,389.6365661621094,636.3263549804688,706.0458374023438,96.33834838867188,2853.791015625,897.3858032226562,1688.6846923828125,343.17120361328125,6409.46044921875,796.2478637695312,256.4975280761719
2021-06-17,1363.776123046875,625.3217163085938,3198.77587890625,2943.73193359375,735.5288696289062,3495.8603515625,1179.2021484375,592.660400390625,507.159423828125,169.6871337890625,3444.9296875,907.44140625,100.38866424560547,4173.43994140625,1024.5841064453125,2549.156494140625,1416.3084716796875,805.1959838867188,694.3270874023438,689.7430419921875,2453.926025390625,356.3517150878906,2239.4169921875,612.2296752929688,950.3010864257812,1302.365234375,161.92677307128906,659.1792602539062,351.74053955078125,1397.9451904296875,3877.844482421875,768.6351928710938,6679.68798828125,858.3465576171875,97.84998321533203,91.5627212524414,104.28043365478516,1003.5075073242188,974.2078247070312,384.4224853515625,632.9949340820312,714.7766723632812,95.18280029296875,2891.616455078125,906.7026977539062,1685.1890869140625,339.53662109375,6523.73828125,793.2554321289062,258.09124755859375
2021-06-18,1483.2322998046875,671.1889038085938,3179.92236328125,2931.130859375,733.2384033203125,3593.47802734375,1197.241455078125,596.2650756835938,516.8488159179688,168.06820678710938,3408.249755859375,916.9361572265625,96.59478759765625,4071.53662109375,1024.080322265625,2581.381591796875,1438.2105712890625,796.09423828125,700.8152465820312,698.5088500976562,2434.7685546875,358.3783264160156,2299.80908203125,609.7150268554688,961.2619018554688,1309.3331298828125,161.06068420410156,634.8037719726562,350.62518310546875,1387.0908203125,3786.993896484375,745.5961303710938,6670.10302734375,839.8858032226562,94.6410903930664,88.01292419433594,101.30223083496094,1008.0366821289062,973.4647827148438,377.6991271972656,636.2786254882812,709.78759765625,94.19539642333984,2873.79345703125,898.686767578125,1685.0908203125,331.43255615234375,6513.083984375,767.559326171875,253.97988891601562
2021-06-21,1535.581787109375,706.6647338867188,3196.209716796875,2951.66748046875,736.4749145507812,3606.88720703125,1212.9112548828125,599.1008911132812,517.6642456054688,169.02891540527344,3436.171875,916.2203979492188,97.32056427001953,4102.38427734375,1023.7119750976562,2572.705322265625,1453.6539306640625,801.6043701171875,705.0301513671875,707.9149780273438,2437.7158203125,354.7593078613281,2328.940185546875,610.537109375,972.9951171875,1306.7200927734375,160.98190307617188,637.0283813476562,352.9355163574219,1378.68017578125,3792.89892578125,741.1123046875,6613.12451171875,838.8639526367188,98.35006713867188,88.5252456665039,102.10657501220703,1013.2905883789062,972.4740600585938,383.9651184082031,638.9913330078125,712.4260864257812,95.38976287841797,2852.70166015625,892.1400146484375,1716.1573486328125,328.3873596191406,6592.48046875,733.5511474609375,250.44601440429688
2021-06-22,1537.1771240234375,718.1194458007812,3216.1484375,2896.11767578125,736.2758178710938,3640.4755859375,1210.4417724609375,589.3836669921875,514.5942993164062,168.53076171875,3438.10205078125,912.1171264648438,98.11234283447266,4160.24658203125,1028.81884765625,2591.535400390625,1453.313720703125,800.0532836914062,702.7096557617188,705.9450073242188,2447.989013671875,354.7110290527344,2306.617431640625,610.1502685546875,965.8005981445312,1316.77978515625,161.4937286376953,639.2056274414062,349.9580078125,1408.893310546875,3822.608642578125,739.5382080078125,6963.43359375,828.7590942382812,98.6001205444336,89.33037567138672,101.75875091552734,1008.08203125,997.688720703125,382.95892333984375,634.6605224609375,726.0020141601562,95.92011260986328,2877.192138671875,887.3555908203125,1730.0909423828125,331.9237060546875,6673.67626953125,762.3346557617188,257.0980529785156
2021-06-23,1500.432861328125,694.7266845703125,3202.921630859375,2873.560302734375,729.3048095703125,3620.641845703125,1225.4678955078125,589.26611328125,512.3399047851562,167.0897216796875,3446.012939453125,913.9302368164062,97.94738006591797,4098.01904296875,1027.0745849609375,2601.45068359375,1455.693359375,794.1759643554688,703.5147705078125,706.929931640625,2465.925537109375,355.2418518066406,2297.58642578125,604.2020874023438,965.2694702148438,1309.202392578125,160.5882568359375,629.9760131835938,345.8949279785156,1390.1451416015625,3830.140869140625,745.9776611328125,7123.77978515625,827.7252807617188,97.72496032714844,90.28186798095703,100.97616577148438,998.842529296875,991.2982177734375,383.141845703125,633.1852416992188,727.1053466796875,94.86803436279297,2842.503662109375,886.72607421875,1755.2493896484375,329.320556640625,6716.876953125,763.759521484375,249.5220947265625
2021-06-24,1504.172119140625,691.0277099609375,3161.907958984375,2927.33154296875,736.0765991210938,3645.046142578125,1230.5565185546875,592.0089111328125,507.2553405761719,165.84434509277344,3474.075439453125,907.3936157226562,96.59478759765625,4122.9970703125,1022.8689575195312,2580.61865234375,1455.839111328125,807.889892578125,713.3416748046875,708.7520751953125,2447.905029296875,356.15863037109375,2306.5244140625,613.2453002929688,966.331787109375,1358.0203857421875,160.0370330810547,642.7554321289062,346.1339111328125,1413.4512939453125,3891.560546875,755.37451171875,7214.591796875,837.4666137695312,98.35006713867188,89.29377746582031,100.4979019165039,975.3587036132812,992.8836059570312,381.632568359375,632.7569580078125,726.7216186523438,95.99341583251953,2940.29345703125,906.4927978515625,1753.575439453125,328.7311706542969,6773.89404296875,772.736572265625,253.63343811035156
2021-06-25,1515.090576171875,693.2665405273438,3394.615234375,2889.47998046875,758.1842651367188,3618.52880859375,1245.857177734375,595.1630859375,513.3472290039062,167.2498321533203,3456.13623046875,913.3099975585938,98.14533233642578,4121.44580078125,1029.0030517578125,2594.01416015625,1463.5609130859375,812.7467041015625,717.5328979492188,715.00634765625,2475.06201171875,362.7693786621094,2268.0849609375,627.7047119140625,978.16162109375,1371.0849609375,161.45436096191406,652.6948852539062,345.556396484375,1432.05859375,3919.92236328125,757.7119140625,7331.09033203125,832.0933227539062,96.72479248046875,88.4886703491211,100.36746978759766,953.1431274414062,997.8373413085938,392.24359130859375,639.847900390625,726.865478515625,100.48629760742188,2946.568359375,914.466552734375,1726.989013671875,333.64276123046875,6735.99609375,764.85205078125,252.9174041748047
2021-06-28,1521.37255859375,697.2088623046875,3409.5693359375,2869.328369140625,759.2299194335938,3607.577392578125,1235.0115966796875,591.3673095703125,509.60577392578125,166.21798706054688,3453.499267578125,918.9877319335938,97.12265014648438,4185.1279296875,1047.4053955078125,2612.748291015625,1476.9158935546875,804.2981567382812,714.336181640625,685.7048950195312,2478.809326171875,368.94580078125,2278.782958984375,628.9620361328125,974.2988891601562,1368.994384765625,160.31263732910156,658.232666015625,345.1679992675781,1423.2247314453125,3833.16259765625,756.996337890625,7280.53271484375,832.067138671875,96.80813598632812,89.54993438720703,100.80223083496094,944.7867431640625,992.8339233398438,390.3683776855469,643.7026977539062,734.5889892578125,102.10322570800781,2908.17578125,927.5603637695312,1701.5843505859375,336.7370300292969,6683.892578125,768.604248046875,252.87123107910156
2021-06-29,1519.1788330078125,692.0985107421875,3544.801025390625,2887.171630859375,748.8234252929688,3556.871337890625,1227.22900390625,592.8709716796875,503.60980224609375,165.89773559570312,3443.98779296875,934.7805786132812,95.34115600585938,4225.626953125,1052.996826171875,2579.045654296875,1460.1126708984375,802.9102783203125,714.431396484375,676.151123046875,2465.2099609375,361.1770324707031,2308.747802734375,619.0967407226562,983.2315673828125,1361.37353515625,160.07643127441406,649.2871704101562,339.7506408691406,1419.888671875,3844.3212890625,745.643798828125,7176.30224609375,836.4921875,98.01667022705078,87.39080047607422,102.60655975341797,945.6019897460938,990.158935546875,385.5659484863281,644.9400024414062,727.2971801757812,101.11581420898438,2911.749267578125,913.3333740234375,1705.0797119140625,335.5091247558594,6640.35205078125,765.0894775390625,250.6538848876953
2021-06-30,1503.2249755859375,684.9925537109375,3573.13134765625,2878.706298828125,745.1885375976562,3564.804931640625,1208.1868896484375,589.2905883789062,504.2812805175781,166.5559844970703,3436.9248046875,927.432861328125,96.7597427368164,4276.166015625,1051.049072265625,2546.677734375,1455.693359375,802.8287963867188,712.4574584960938,677.9489135742188,2444.241943359375,359.0538635253906,2289.06494140625,610.1986694335938,981.4932861328125,1376.833251953125,159.60400390625,647.3938598632812,339.7506408691406,1410.162109375,3785.877685546875,741.9232788085938,7203.52197265625,838.0963745117188,97.0165023803711,86.14652252197266,101.0413818359375,955.9512329101562,998.828125,383.4620666503906,642.8937377929688,723.7952880859375,100.60271453857422,2916.019775390625,919.460693359375,1705.9658203125,333.5936584472656,6592.96630859375,753.1675415039062,252.06280517578125
2021-07-01,1486.9306640625,684.408447265625,3630.974609375,2906.506591796875,743.3462524414062,3625.772216796875,1178.9925537109375,584.5202026367188,501.4032897949219,164.65240478515625,3386.2138671875,933.34912109375,96.09994506835938,4302.79345703125,1077.3009033203125,2550.63427734375,1457.198974609375,804.4613647460938,707.1539916992188,677.4056396484375,2460.9990234375,366.1471252441406,2295.270263671875,610.1502685546875,973.1399536132812,1359.0654296875,159.84019470214844,644.2225952148438,341.79205322265625,1402.408935546875,3758.2763671875,743.5927124023438,7269.1748046875,838.7238159179688,97.80831146240234,86.98824310302734,100.34571838378906,950.1990966796875,997.589599609375,384.5597229003906,651.1744384765625,725.3783569335938,100.3396987915039,2912.316162109375,910.8154907226562,1713.646484375,338.161376953125,6526.07373046875,751.8851318359375,249.15249633789062
2021-07-02,1418.8826904296875,691.514404296875,3685.01806640625,2890.538330078125,747.52880859375,3600.592529296875,1172.4073486328125,587.5176391601562,503.6577453613281,164.65240478515625,3338.6572265625,934.3988647460938,97.41954040527344,4384.22900390625,1080.6343994140625,2537.000732421875,1446.9520263671875,803.7676391601562,704.1337890625,679.13427734375,2458.767822265625,362.9141540527344,2303.885009765625,619.2418212890625,975.0230712890625,1365.5106201171875,159.3677520751953,635.4664306640625,341.6028747558594,1396.15966796875,3782.649658203125,746.5978393554688,7259.0634765625,836.6229248046875,97.93333435058594,86.69546508789062,99.10664367675781,964.2848510742188,997.8867797851562,388.21868896484375,648.4141235351562,732.6221313476562,97.96389770507812,2898.327392578125,914.3826293945312,1727.8751220703125,338.79986572265625,6538.38232421875,759.3422241210938,248.80604553222656
2021-07-05,1391.2442626953125,691.1737060546875,3670.113525390625,2899.965576171875,757.1884765625,3623.142578125,1189.6337890625,594.8594360351562,502.6504211425781,163.56715393066406,3318.175048828125,930.104736328125,98.90409088134766,4423.3212890625,1073.308349609375,2575.1845703125,1446.9034423828125,799.7676391601562,711.2920532226562,669.651123046875,2474.09375,375.9425354003906,2314.768310546875,626.5924682617188,985.5492553710938,1375.221923828125,160.35202026367188,643.0656127929688,344.77960205078125,1417.1163330078125,3786.205322265625,755.3268432617188,7283.60009765625,838.4932861328125,98.85014343261719,88.5252456665039,100.12833404541016,973.8640747070312,1000.5123901367188,395.7653503417969,647.4146728515625,735.2125244140625,99.76191711425781,2894.448974609375,902.0022583007812,1723.0994873046875,339.9786682128906,6538.3330078125,767.1793212890625,247.7666778564453
2021-07-06,1411.648681640625,693.7533569335938,3658.415771484375,2888.1337890625,755.19677734375,3617.882080078125,1206.365966796875,607.5643310546875,504.7130126953125,162.98007202148438,3313.89013671875,924.7609252929688,97.32056427001953,4388.6416015625,1073.6087646484375,2584.813720703125,1454.236572265625,793.482177734375,729.9608764648438,671.7749633789062,2458.262451171875,371.8893127441406,2290.176025390625,628.9620361328125,995.689208984375,1360.6334228515625,159.44651794433594,643.447998046875,349.60943603515625,1414.8138427734375,3762.4404296875,745.9300537109375,7202.611328125,830.353759765625,98.058349609375,88.92781829833984,99.4761734008789,962.3599243164062,1013.6893920898438,393.11260986328125,640.7997436523438,731.66259765625,100.65877532958984,2843.288818359375,880.9347534179688,1735.8018798828125,311.2951354980469,6745.77392578125,763.0945434570312,246.03436279296875
2021-07-07,1422.474609375,700.95654296875,3667.6455078125,2924.301513671875,759.7279052734375,3611.716552734375,1234.637451171875,607.192138671875,508.0707702636719,163.851806640625,3316.103271484375,921.0393676757812,97.35356903076172,4416.142578125,1077.9986572265625,2584.528076171875,1450.934326171875,796.1758422851562,732.2439575195312,676.8623046875,2453.2939453125,379.8993835449219,2298.6513671875,632.5406494140625,1009.0642700195312,1362.7235107421875,160.43075561523438,659.9368896484375,350.8940124511719,1425.1041259765625,3775.11767578125,743.0680541992188,7139.78564453125,842.0865478515625,97.89164733886719,87.75675201416016,100.41096496582031,955.679443359375,1005.020263671875,395.9483337402344,647.3195190429688,732.0942993164062,105.0912857055664,2854.3134765625,877.8710327148438,1700.79638671875,311.4916076660156,6738.0390625,776.013916015625,245.82650756835938
2021-07-08,1422.72412109375,692.7798461914062,3624.015380859375,2912.95068359375,751.2632446289062,3637.6337890625,1230.919921875,600.2456665039062,503.945556640625,163.033447265625,3287.89892578125,907.1551513671875,96.49580383300781,4375.3525390625,1059.5186767578125,2602.117919921875,1433.06298828125,797.3597412109375,723.1829833984375,673.0097045898438,2442.38916015625,369.7178955078125,2267.066162109375,620.8377685546875,1009.5952758789062,1359.3702392578125,159.05284118652344,638.76416015625,345.0185546875,1410.3028564453125,3782.322021484375,740.5398559570312,7093.58935546875,837.4262084960938,97.89164733886719,85.67079162597656,100.4979019165039,947.7760620117188,1012.1536254882812,388.26446533203125,634.7557373046875,732.334228515625,102.59907531738281,2839.976806640625,889.831787109375,1699.9102783203125,300.93170166015625,6715.4658203125,773.35400390625,245.2952423095703
2021-07-09,1428.161865234375,709.13330078125,3677.812255859375,2895.92529296875,744.2424926757812,3565.01123046875,1282.900390625,602.0460205078125,514.4503784179688,162.5708770751953,3273.349365234375,915.886474609375,96.79273223876953,4461.8798828125,1063.13037109375,2585.76708984375,1457.05322265625,797.400390625,714.407470703125,674.93603515625,2439.358154296875,376.4250793457031,2270.678466796875,617.59765625,1004.283935546875,1361.2430419921875,158.541015625,651.4773559570312,342.57879638671875,1409.269287109375,3793.17578125,736.0562133789062,7117.07080078125,838.239013671875,98.18336486816406,86.29292297363281,100.10659790039062,938.0836181640625,1010.1722412109375,387.6241455078125,635.7076416015625,734.8767700195312,106.87637329101562,2796.093505859375,882.78125,1694.2481689453125,300.8825988769531,6713.17919921875,773.781494140625,242.8931121826172
2021-07-12,1417.5355224609375,698.9610595703125,3699.034912109375,2885.151611328125,750.4664916992188,3529.5478515625,1288.3046875,603.36083984375,508.1187438964844,160.47158813476562,3268.123046875,915.9341430664062,96.59478759765625,4451.25830078125,1069.750244140625,2583.24072265625,1492.019287109375,799.5227661132812,707.2728881835938,674.6396484375,2440.53662109375,374.7845153808594,2263.916748046875,625.0450439453125,1013.3133544921875,1348.134765625,158.34414672851562,663.8081665039062,344.9488830566406,1410.3499755859375,3775.72607421875,737.2963256835938,7159.6259765625,838.4956665039062,98.22504425048828,86.76866912841797,99.56315612792969,943.9262084960938,1023.89404296875,391.00872802734375,636.3263549804688,744.423095703125,105.80704498291016,2782.97705078125,886.8519897460938,1693.509521484375,302.01226806640625,6902.13330078125,780.3361206054688,242.9162139892578
2021-07-13,1414.542236328125,685.2845458984375,3701.8974609375,2879.813232421875,767.5452270507812,3538.4248046875,1288.3543701171875,603.8267822265625,508.5024719238281,160.2047119140625,3282.3427734375,921.4688720703125,97.71646118164062,4468.0400390625,1058.6134033203125,2580.5712890625,1531.3555908203125,790.1353149414062,714.336181640625,684.9625854492188,2445.505126953125,378.54827880859375,2257.01611328125,643.1314086914062,1019.6868896484375,1345.60888671875,158.93472290039062,670.4514770507812,347.9762268066406,1422.4261474609375,3759.259033203125,745.214599609375,7121.52734375,840.8958129882812,99.93367004394531,88.12271881103516,99.4109878540039,950.9917602539062,1042.9166259765625,392.5180358886719,650.0797119140625,741.4967651367188,105.96227264404297,2778.1396484375,881.4383544921875,1697.84228515625,305.45037841796875,6936.28515625,790.3106689453125,242.45423889160156
2021-07-14,1398.92724609375,678.7139892578125,3706.33935546875,2887.604248046875,766.8480834960938,3527.495849609375,1296.51806640625,601.8252563476562,508.5024719238281,159.65322875976562,3282.578369140625,932.442626953125,97.74944305419922,4484.67578125,1049.6083984375,2574.18359375,1522.759765625,807.6857299804688,713.0519409179688,680.1221923828125,2442.6416015625,377.9692077636719,2236.77734375,642.551025390625,1016.5000610351562,1373.4366455078125,160.7063446044922,669.49560546875,348.1754150390625,1451.652587890625,3943.486328125,749.9845581054688,7022.2333984375,833.6618041992188,100.64212799072266,88.41548156738281,99.97618103027344,944.7867431640625,1042.6688232421875,394.3017883300781,652.8875732421875,737.0355834960938,107.33773803710938,2801.671630859375,905.2337036132812,1684.1552734375,304.0751037597656,6925.77685546875,787.8046875,259.4770812988281
2021-07-15,1404.8138427734375,680.5147705078125,3713.7919921875,2869.953857421875,770.93115234375,3515.13916015625,1293.2996826171875,601.4131469726562,504.0894470214844,159.06614685058594,3259.129638671875,929.0550537109375,96.79273223876953,4469.25146484375,1050.1534423828125,2543.19775390625,1512.5128173828125,848.7454223632812,723.3019409179688,685.20947265625,2429.12646484375,387.4269104003906,2234.461669921875,645.5493774414062,1018.914306640625,1376.833251953125,162.3992156982422,668.2529907226562,348.55389404296875,1512.4083251953125,4135.759765625,752.3964233398438,7003.30419921875,837.56640625,100.26705169677734,85.56100463867188,100.17183685302734,943.1336059570312,1043.2137451171875,394.8963928222656,650.0797119140625,741.01708984375,108.30789184570312,2797.65380859375,933.7294921875,1675.489990234375,304.7627258300781,6995.443359375,803.66162109375,266.0367736816406
2021-07-16,1392.3917236328125,669.320556640625,3730.326171875,2875.4365234375,767.943603515625,3507.957275390625,1272.0172119140625,600.9961547851562,519.1511840820312,159.40414428710938,3240.436767578125,932.442626953125,96.03396606445312,4615.04931640625,1052.6651611328125,2495.289794921875,1527.130615234375,820.379150390625,724.086669921875,689.5065307617188,2446.01025390625,391.3354187011719,2239.138916015625,638.6339721679688,1008.48486328125,1354.7540283203125,163.69842529296875,672.5543823242188,348.4443054199219,1521.2420654296875,4012.5830078125,752.2998046875,6999.9970703125,839.1040649414062,99.26688385009766,85.48782348632812,101.67179870605469,956.7437744140625,1040.5386962890625,393.3412780761719,655.4097900390625,732.04638671875,110.24819946289062,2790.535400390625,925.923583984375,1669.385009765625,305.74505615234375,7136.42919921875,804.9109497070312,266.8913879394531
2021-07-19,1377.52490234375,655.7901000976562,3833.62548828125,2868.36669921875,752.0598754882812,3464.15185546875,1269.562255859375,590.1986694335938,516.5609741210938,161.5034637451172,3249.052978515625,929.436767578125,95.30818939208984,4663.40576171875,1055.1573486328125,2459.53662109375,1514.0184326171875,816.4609375,699.662841796875,670.4413452148438,2431.189453125,383.0840759277344,2231.034423828125,634.3782958984375,981.0104370117188,1342.7783203125,163.580322265625,667.5838623046875,343.1264953613281,1512.643310546875,4097.7265625,748.4409790039062,6867.73291015625,843.77392578125,101.18388366699219,83.8775863647461,101.3674545288086,950.6521606445312,1028.25341796875,391.42034912109375,656.028564453125,734.4929809570312,109.20904541015625,2781.62548828125,918.4114379882812,1654.61474609375,303.38751220703125,7114.8291015625,800.7785034179688,265.0666809082031
2021-07-20,1362.6580810546875,654.7192993164062,3832.835693359375,3038.720703125,742.649169921875,3484.27001953125,1257.1920166015625,582.982421875,504.3772888183594,161.46788024902344,3233.4208984375,911.44921875,94.28549194335938,4644.39306640625,1040.496337890625,2435.79736328125,1528.8787841796875,797.6860961914062,686.416259765625,655.3770141601562,2390.685302734375,369.6213684082031,2255.348876953125,620.8377685546875,947.8868408203125,1350.051025390625,162.83230590820312,651.907470703125,339.11328125,1494.5528564453125,4077.142578125,733.39111328125,6932.0927734375,848.7003173828125,98.72513580322266,82.41375732421875,100.56311798095703,948.3194580078125,1005.3670043945312,385.0171203613281,643.845458984375,726.3857421875,106.35896301269531,2800.143310546875,912.535888671875,1645.8017578125,296.8059997558594,7224.14404296875,782.51904296875,262.43353271484375
2021-07-22,1413.59423828125,673.4088745117188,3933.864501953125,2988.413330078125,743.6449584960938,3437.698974609375,1303.8433837890625,607.8740844726562,524.4756469726562,163.99412536621094,3225.65185546875,906.4393920898438,95.47313690185547,4698.13232421875,1048.3719482421875,2440.802734375,1536.6004638671875,798.8287963867188,689.0560302734375,654.0433349609375,2419.886474609375,379.75457763671875,2202.783447265625,634.4268188476562,958.123291015625,1385.0205078125,162.98980712890625,684.9329833984375,340.01947021484375,1543.2325439453125,4122.5673828125,731.7028198242188,6996.1640625,855.2926025390625,99.35023498535156,84.53631591796875,101.41093444824219,960.5029907226562,1016.5130004882812,386.069091796875,654.1725463867188,733.1976928710938,109.77821350097656,2809.357666015625,964.0718383789062,1679.706787109375,297.19891357421875,7257.517578125,795.733154296875,269.8710021972656
2021-07-23,1398.52783203125,661.97119140625,3868.321533203125,2966.28857421875,752.2590942382812,3427.61767578125,1317.47607421875,606.4366455078125,526.010498046875,164.1542510986328,3239.306640625,904.6264038085938,95.07723999023438,4680.1865234375,1055.70263671875,2430.83935546875,1504.9854736328125,811.3999633789062,686.22607421875,657.2537841796875,2417.115478515625,378.06573486328125,2184.21240234375,654.4474487304688,955.3710327148438,1385.23828125,167.24166870117188,685.8888549804688,343.1564025878906,1514.663818359375,4080.510986328125,737.25,6990.701171875,862.3818359375,98.76679992675781,84.38994598388672,101.30223083496094,953.709228515625,1040.73681640625,392.3350830078125,660.5494995117188,743.7035522460938,110.50259399414062,2806.30126953125,974.7589111328125,1678.9169921875,290.32269287109375,7287.97119140625,787.7566528320312,276.7771301269531
2021-07-26,1400.77294921875,664.648193359375,4047.429931640625,2944.59814453125,753.1552734375,3422.66650390625,1349.79638671875,604.62646484375,521.933349609375,162.25064086914062,3279.046630859375,907.0596923828125,95.01127624511719,4773.6982421875,1053.5802001953125,2443.758056640625,1505.7139892578125,816.54248046875,682.3258056640625,655.0311889648438,2396.013916015625,386.07574462890625,2175.50537109375,654.544189453125,947.6454467773438,1396.95263671875,166.25741577148438,673.4625244140625,346.67169189453125,1501.3660888671875,4071.34130859375,727.6991577148438,6935.0634765625,860.3570556640625,99.47525787353516,83.84101104736328,101.17181396484375,940.642578125,1066.6947021484375,387.2125244140625,669.49658203125,744.8548583984375,111.92979431152344,2792.937255859375,965.4507446289062,1700.5335693359375,287.9651794433594,7410.95751953125,787.996826171875,272.7581481933594
2021-07-27,1393.638916015625,645.5692749023438,4025.61474609375,2913.28759765625,728.6575927734375,3409.328369140625,1378.019775390625,611.3964233398438,518.5755615234375,161.2899627685547,3249.6181640625,871.3231201171875,93.98857879638672,4647.8359375,943.0090942382812,2451.528564453125,1475.0704345703125,814.6536865234375,684.7991333007812,660.6124877929688,2382.03125,402.7714538574219,2169.669921875,655.22119140625,942.333984375,1395.7769775390625,164.28897094726562,679.2933959960938,338.17718505859375,1511.37451171875,4069.46923828125,719.2577514648438,6939.328125,866.286376953125,99.05851745605469,83.91419982910156,100.80223083496094,930.746337890625,1094.93115234375,393.29559326171875,655.1243286132812,738.5225830078125,114.74971008300781,2780.18408203125,966.0108642578125,1706.6531982421875,286.2461242675781,7391.06005859375,781.0774536132812,273.2200927734375
2021-07-28,1396.781982421875,647.7107543945312,3976.408447265625,2889.673095703125,719.8942260742188,3406.740966796875,1394.2572021484375,614.3937377929688,544.8138427734375,161.3433380126953,3224.521484375,849.1846313476562,95.04425048828125,4744.06396484375,921.2803344726562,2431.554443359375,1489.4937744140625,807.3446655273438,674.1210327148438,656.7599487304688,2368.261474609375,401.75811767578125,2187.268798828125,662.57177734375,958.7027587890625,1398.43359375,164.643310546875,689.8557739257812,329.1947326660156,1515.1285400390625,4076.861328125,703.001953125,6867.25390625,856.6117553710938,97.34989929199219,83.69459533691406,99.17183685302734,922.7523193359375,1122.919921875,389.22491455078125,654.6484375,724.2750244140625,117.71190643310547,2793.1552734375,964.8906860351562,1701.224609375,279.4190673828125,7447.8818359375,782.9034423828125,273.4510192871094
2021-07-29,1397.131103515625,642.1135864257812,3986.62451171875,2883.27587890625,714.2676391601562,3357.89453125,1456.981201171875,627.9434204101562,544.09423828125,159.79556274414062,3207.10009765625,842.6956787109375,93.79064178466797,4698.666015625,909.7735595703125,2410.34130859375,1500.226318359375,827.46484375,674.5728759765625,654.5867309570312,2340.978515625,442.09808349609375,2162.583740234375,666.8884887695312,958.0266723632812,1408.362548828125,162.2417449951172,715.377685546875,326.9639892578125,1516.8394775390625,4341.03857421875,705.655029296875,6702.833984375,851.488037109375,97.3082275390625,83.98738098144531,97.04144287109375,929.95361328125,1118.4119873046875,403.9066162109375,669.1157836914062,720.7252197265625,125.78357696533203,2791.407958984375,972.0007934570312,1716.6224365234375,287.7196044921875,7492.44580078125,787.7566528320312,272.7581481933594
2021-07-30,1417.086669921875,656.5687255859375,3982.9228515625,2845.761474609375,705.952392578125,3416.643798828125,1419.37158203125,611.0676879882812,538.81787109375,158.5146026611328,3223.8623046875,877.9551391601562,94.54940795898438,4759.09912109375,917.2792358398438,2412.34375,1506.7823486328125,841.7129516601562,678.4730834960938,655.9697265625,2355.984130859375,429.2626037597656,2161.2412109375,662.038330078125,947.3556518554688,1402.7012939453125,161.3756103515625,704.4329223632812,329.58306884765625,1522.0189208984375,4392.3291015625,716.8941040039062,6687.69091796875,841.4067993164062,98.51675415039062,84.38994598388672,99.21529388427734,921.8239135742188,1088.4417724609375,394.9878845214844,736.64599609375,725.5701904296875,123.68804168701172,2766.64599609375,1042.45751953125,1692.341064453125,288.7510070800781,7413.39013671875,777.0410766601562,271.2336730957031
2021-08-02,1434.9964599609375,673.6035766601562,3995.903076171875,2860.76708984375,718.1514282226562,3427.30517578125,1409.68603515625,608.3597412109375,542.1755981445312,162.89112854003906,3300.376708984375,878.909423828125,94.94528198242188,4781.26513671875,915.400390625,2481.322265625,1545.924560546875,850.2949829101562,676.6657104492188,662.1929931640625,2372.098388671875,430.2276611328125,2160.77734375,660.9713134765625,954.1156005859375,1421.035400390625,163.22601318359375,713.752685546875,331.634521484375,1533.89892578125,4409.30078125,730.979248046875,6782.81591796875,841.9772338867188,98.14169311523438,85.70738220214844,99.12835693359375,938.6724243164062,1096.962158203125,397.8235778808594,737.6453857421875,728.7363891601562,121.59683227539062,2812.02197265625,1043.4486083984375,1748.602783203125,291.5997619628906,7471.9072265625,760.2230224609375,273.5896301269531
2021-08-03,1439.5865478515625,686.306640625,4039.878662109375,2911.7001953125,735.5288696289062,3415.39501953125,1426.636962890625,621.2518920898438,556.61376953125,164.8836669921875,3364.930908203125,885.6845703125,95.17621612548828,4856.8310546875,919.3236083984375,2525.845703125,1546.653076171875,853.6207275390625,682.3971557617188,665.6010131835938,2403.559814453125,433.12286376953125,2210.84228515625,669.7015380859375,986.9978637695312,1441.6337890625,165.27317810058594,707.635009765625,335.7273864746094,1553.287109375,4426.03857421875,743.6654663085938,6900.1767578125,869.043212890625,98.058349609375,86.29292297363281,101.12830352783203,945.579345703125,1121.2357177734375,408.43463134765625,756.4910278320312,736.5078125,121.35106658935547,2869.23388671875,1056.8505859375,1816.3634033203125,298.3285827636719,7668.6279296875,759.7424926757812,276.8926086425781
2021-08-04,1426.3658447265625,676.2318725585938,4013.917724609375,2903.62060546875,750.6656494140625,3418.785400390625,1415.8785400390625,623.925537109375,551.0494995117188,162.6598358154297,3369.734130859375,896.6583862304688,95.47313690185547,4815.5068359375,928.4940185546875,2518.695556640625,1510.1817626953125,854.0313720703125,696.9515991210938,667.0827026367188,2391.96435546875,427.2359924316406,2201.811279296875,693.2244873046875,985.5492553710938,1436.4515380859375,164.24960327148438,714.2784423828125,348.53387451171875,1542.690185546875,4402.22119140625,739.227783203125,6807.68701171875,858.2656860351562,98.22504425048828,85.89035034179688,101.59207153320312,952.8261108398438,1126.337890625,417.99371337890625,747.8773193359375,727.9688720703125,122.12718200683594,2859.66943359375,1048.447509765625,1776.289306640625,292.8767395019531,7577.4541015625,754.4088745117188,275.6915283203125
2021-08-05,1429.15966796875,675.1123046875,4021.1728515625,2874.570556640625,746.1843872070312,3406.964111328125,1396.6871337890625,613.0447387695312,574.3617553710938,161.36114501953125,3400.669189453125,902.145263671875,95.96798706054688,4776.0263671875,931.1224975585938,2604.8349609375,1493.2330322265625,871.4413452148438,706.2503051757812,661.3533935546875,2403.30322265625,427.6220397949219,2183.841552734375,681.3902587890625,963.4829711914062,1440.19677734375,169.4857177734375,729.5723876953125,352.8757629394531,1546.6820068359375,4411.4111328125,732.571044921875,6778.4130859375,865.4617309570312,97.09986114501953,85.52440643310547,101.56307220458984,966.6400756835938,1124.2574462890625,404.1810607910156,748.2579956054688,737.1793823242188,124.74876403808594,2868.40380859375,1075.7681884765625,1775.9931640625,294.39935302734375,7488.47998046875,746.9608154296875,277.58551025390625
2021-08-06,1533.2271728515625,691.8064575195312,4035.288330078125,2853.45703125,737.7695922851562,3432.926025390625,1397.760009765625,610.6948852539062,583.187744140625,162.1083221435547,3393.93603515625,869.60546875,96.39685821533203,4768.70263671875,931.9013671875,2619.326904296875,1487.0169677734375,862.2435302734375,709.9603271484375,665.2059326171875,2416.092529296875,426.7052001953125,2196.623779296875,676.7341918945312,994.1923217773438,1437.2786865234375,168.69834899902344,723.9328002929688,353.96124267578125,1530.4776611328125,4465.65380859375,731.5098876953125,6849.06591796875,856.5213012695312,98.058349609375,85.37802124023438,101.4471435546875,946.168212890625,1140.059814453125,398.5096130371094,747.3536987304688,749.6519775390625,123.21806335449219,2890.98291015625,1089.9027099609375,1764.5927734375,294.7431335449219,7360.05419921875,747.0089111328125,276.2458190917969
2021-08-09,1490.07373046875,681.2935791015625,3952.02685546875,2878.5625,752.3585815429688,3439.43896484375,1421.4373779296875,607.6386108398438,574.8893432617188,161.00531005859375,3424.164794921875,881.4554443359375,94.51640319824219,4758.7109375,938.1708374023438,2618.031494140625,1468.7086181640625,862.7363891601562,715.311279296875,658.8837280273438,2418.22412109375,419.5154724121094,2208.664794921875,681.7781982421875,1007.0362548828125,1448.6884765625,168.34402465820312,714.3739013671875,354.6981506347656,1518.2174072265625,4452.34033203125,747.6209716796875,6830.69140625,865.1552124023438,97.26654815673828,84.17037200927734,102.2876968383789,940.7784423828125,1125.941650390625,396.4514465332031,750.7802124023438,733.8213500976562,121.78224182128906,2902.25048828125,1109.5960693359375,1775.8450927734375,292.82763671875,7328.76708984375,747.7777099609375,275.6915283203125
2021-08-10,1443.2781982421875,674.5770263671875,4010.3642578125,2863.7490234375,758.3834838867188,3388.406982421875,1400.8387451171875,605.3770751953125,596.9063720703125,158.22996520996094,3425.20068359375,875.650390625,93.8236312866211,4806.5830078125,928.6790161132812,2623.164306640625,1447.777587890625,873.535400390625,717.0949096679688,662.1436157226562,2384.75927734375,412.0361328125,2206.164306640625,679.8867797851562,998.1516723632812,1460.8388671875,165.2338409423828,690.2859497070312,361.1412353515625,1509.6636962890625,4490.4560546875,758.5706176757812,6753.720703125,868.5298461914062,95.3078842163086,84.06057739257812,100.05586242675781,945.7152709960938,1117.1734619140625,390.0939636230469,755.1109619140625,740.5853881835938,118.45352935791016,2912.033447265625,1140.2783203125,1775.89453125,288.9966125488281,7307.74560546875,741.050537109375,278.9482421875
2021-08-11,1433.8492431640625,680.5635375976562,3974.385009765625,2859.37255859375,757.6365356445312,3325.241455078125,1417.7747802734375,605.1514282226562,595.6112670898438,160.1157989501953,3414.182861328125,873.0117797851562,94.978271484375,4771.71044921875,923.8309936523438,2607.718994140625,1459.2386474609375,876.204345703125,711.0542602539062,658.5380249023438,2371.5869140625,421.39727783203125,2214.177001953125,672.757080078125,1005.4910888671875,1461.099853515625,164.28897094726562,716.0466918945312,354.81451416015625,1504.769287109375,4458.0126953125,751.2387084960938,6772.5771484375,863.5154418945312,97.47489929199219,85.63419342041016,102.2297134399414,958.9630737304688,1124.901611328125,391.55755615234375,741.97607421875,733.9652709960938,122.98954010009766,2921.02978515625,1140.752197265625,1766.221435546875,290.2244873046875,7286.529296875,743.645263671875,277.74725341796875
2021-08-12,1439.68603515625,685.3331909179688,4079.756591796875,2862.161865234375,754.2009887695312,3362.89111328125,1431.1978759765625,608.2615966796875,597.8177490234375,159.45750427246094,3409.756591796875,868.64599609375,95.27518463134766,4761.76708984375,918.291748046875,2510.154296875,1458.16357421875,900.4716186523438,714.1221313476562,666.737060546875,2372.73779296875,424.8955993652344,2215.890625,680.3231811523438,999.8417358398438,1471.5950927734375,164.48582458496094,715.8556518554688,356.22930908203125,1542.927734375,4573.0166015625,748.826904296875,6763.41455078125,861.9017333984375,99.30855560302734,85.08525085449219,108.40351867675781,955.8832397460938,1123.5638427734375,390.7342834472656,741.1195678710938,742.840087890625,123.77861785888672,2927.62451171875,1195.0059814453125,1799.9783935546875,300.587890625,7302.4169921875,746.816650390625,279.8721618652344
2021-08-13,1433.7991943359375,685.4305419921875,4011.647705078125,2874.859130859375,756.7402954101562,3413.208984375,1428.8824462890625,604.047607421875,611.1527099609375,161.8592529296875,3370.910888671875,858.1873168945312,94.8463134765625,4800.4228515625,905.7918090820312,2443.240478515625,1462.6583251953125,919.318603515625,725.9178466796875,662.3411865234375,2363.572265625,429.5599670410156,2227.1904296875,683.6697387695312,989.0258178710938,1491.279296875,166.49366760253906,715.9989624023438,356.2890930175781,1585.6483154296875,4559.373046875,751.1904296875,6753.96240234375,868.3515625,98.55844116210938,84.97547149658203,107.09918975830078,971.8032836914062,1128.0718994140625,394.43902587890625,740.786376953125,774.6932373046875,126.04657745361328,3025.14697265625,1192.0758056640625,1814.09326171875,301.8157958984375,7294.59521484375,748.7387084960938,284.3299560546875
2021-08-16,1426.91455078125,688.1075439453125,4289.02099609375,2858.21826171875,758.8316040039062,3344.244384765625,1452.01611328125,625.691650390625,608.2747192382812,165.09716796875,3442.245849609375,852.2863159179688,93.69166564941406,4752.16357421875,907.534423828125,2394.3623046875,1456.7957763671875,922.7676391601562,728.0107421875,665.3541259765625,2342.3857421875,429.2684631347656,2247.475341796875,681.5842895507812,984.052490234375,1484.4854736328125,166.06060791015625,728.0430297851562,355.1632385253906,1573.9586181640625,4477.140625,771.1121826171875,6584.828125,869.5731201171875,99.05851745605469,84.53631591796875,104.75140380859375,984.4170532226562,1128.567138671875,388.63037109375,743.1658325195312,769.608154296875,131.02671813964844,3033.48828125,1178.88916015625,1813.4022216796875,298.3285827636719,7183.08447265625,742.6842651367188,283.6601257324219
2021-08-17,1438.43896484375,674.2362670898438,4856.9951171875,2900.4462890625,753.6034545898438,3396.882568359375,1470.7734375,628.9244995117188,600.8876953125,165.4529571533203,3481.04443359375,868.0222778320312,91.87722778320312,4780.79931640625,915.1959228515625,2413.357177734375,1447.1220703125,938.6173706054688,720.4243774414062,661.2545776367188,2372.439697265625,424.2640075683594,2300.643310546875,680.177734375,970.6600341796875,1516.9293212890625,164.7220458984375,711.4108276367188,356.3588562011719,1557.468994140625,4649.71728515625,762.7672729492188,6641.30224609375,890.35791015625,97.84998321533203,83.32864379882812,106.22964477539062,980.2276611328125,1124.3070068359375,385.5659484863281,746.3544311523438,799.0148315429688,129.67279052734375,3103.45263671875,1218.405517578125,1850.169677734375,292.4347229003906,7244.09521484375,731.1038818359375,293.2917785644531
2021-08-18,1456.7481689453125,686.6473999023438,4728.98876953125,2887.2197265625,751.2632446289062,3419.72216796875,1497.629638671875,642.0718383789062,597.6259155273438,164.91925048828125,3503.880859375,872.0521850585938,91.28340911865234,4782.84521484375,912.5771484375,2484.34814453125,1466.860107421875,931.47265625,719.6395263671875,662.8844604492188,2356.240234375,414.88665771484375,2302.72705078125,667.6643676757812,960.421630859375,1509.7872314453125,164.5251922607422,704.9108276367188,348.6571960449219,1551.8614501953125,4671.23583984375,763.4425659179688,6597.6083984375,898.8397827148438,97.14153289794922,82.85291290283203,104.69342803955078,984.0321655273438,1103.7490234375,383.91943359375,745.1646728515625,807.2659912109375,129.39256286621094,3110.003173828125,1217.37109375,1855.944091796875,288.1616516113281,7432.2119140625,732.4973754882812,290.7510986328125
2021-08-20,1426.91455078125,668.9312133789062,4688.0986328125,2994.376708984375,737.1720581054688,3346.9658203125,1494.8551025390625,653.5513305664062,588.751953125,161.96604919433594,3668.869140625,854.781005859375,89.46895599365234,4693.4794921875,887.0615844726562,2495.860107421875,1450.688720703125,917.593994140625,720.471923828125,659.723388671875,2299.88330078125,392.24493408203125,2426.243408203125,660.2922973632812,950.5228881835938,1509.3516845703125,164.48582458496094,654.3927612304688,339.4609680175781,1514.558349609375,4611.64892578125,757.943603515625,6608.02587890625,930.2213745117188,95.14118194580078,80.65715026855469,103.53404998779297,972.98095703125,1114.8948974609375,372.0277404785156,724.4630126953125,812.926513671875,118.6259994506836,3109.0859375,1205.908447265625,1852.4893798828125,278.0929260253906,7326.51806640625,699.870361328125,286.431884765625
2021-08-23,1393.5889892578125,650.5335693359375,4684.888671875,2960.228759765625,733.039306640625,3272.69287109375,1524.13134765625,662.489501953125,597.3380737304688,160.72067260742188,3640.900390625,861.977294921875,88.38028717041016,4747.9755859375,879.0494995117188,2440.554443359375,1407.6951904296875,955.1650390625,725.156982421875,660.661865234375,2285.474609375,395.35455322265625,2439.905517578125,662.2322998046875,959.402587890625,1514.403564453125,162.4385986328125,654.0104370117188,342.11126708984375,1502.345703125,4738.09228515625,738.89013671875,6583.91162109375,951.6004028320312,94.51608276367188,81.7916259765625,101.8239517211914,979.3671264648438,1124.950927734375,374.5889892578125,724.65380859375,798.7268676757812,117.16431427001953,3177.12841796875,1220.3878173828125,1846.1229248046875,272.0517272949219,7187.33740234375,690.9327392578125,290.49700927734375
2021-08-24,1434.59765625,676.9132080078125,4781.18896484375,2929.9287109375,743.2466430664062,3314.1787109375,1642.8731689453125,684.8497924804688,594.8917236328125,162.3929901123047,3590.000732421875,880.4959716796875,89.86483001708984,4736.8232421875,893.175048828125,2444.2958984375,1426.749267578125,946.7885131835938,741.447509765625,662.933837890625,2281.4248046875,408.958984375,2438.841064453125,673.630126953125,975.3667602539062,1498.8131103515625,162.0055389404297,661.1317138671875,339.7300109863281,1526.1531982421875,4671.75341796875,750.7081298828125,6562.0166015625,940.1360473632812,94.97449493408203,82.85291290283203,102.3746566772461,989.036865234375,1149.67041015625,381.9984436035156,736.1055297851562,802.948486328125,121.13115692138672,3155.9912109375,1261.1966552734375,1845.382568359375,274.8512878417969,7289.36474609375,702.561279296875,292.6681213378906
2021-08-25,1472.06396484375,701.5892944335938,4712.939453125,2922.329833984375,735.97705078125,3291.78515625,1587.2545166015625,681.4011840820312,587.552734375,163.92295837402344,3618.817138671875,875.650390625,91.6133041381836,4730.296875,885.6887817382812,2474.61083984375,1414.583984375,947.9793090820312,740.7578735351562,679.1837158203125,2279.804931640625,418.53070068359375,2449.9560546875,670.3319702148438,975.8519897460938,1511.6163330078125,162.517333984375,653.6758422851562,338.1956787109375,1514.7484130859375,4770.72265625,744.8231811523438,6473.51953125,946.3150634765625,95.01617431640625,84.64611053466797,101.73698425292969,997.5969848632812,1145.4595947265625,380.7635498046875,733.9105834960938,802.0849609375,119.88504791259766,3195.995849609375,1260.981201171875,1799.040771484375,279.36993408203125,7217.9892578125,697.8041381835938,291.7904968261719
2021-08-26,1472.4129638671875,702.5140380859375,4642.5654296875,2923.8681640625,743.2466430664062,3293.34619140625,1592.683837890625,680.125732421875,563.0413818359375,166.0756378173828,3701.781982421875,874.4030151367188,90.59060668945312,4720.75146484375,876.8396606445312,2473.891357421875,1406.1317138671875,958.7373657226562,739.521240234375,690.3461303710938,2257.296142578125,412.1171875,2469.777587890625,677.849609375,971.921630859375,1504.779296875,161.1000213623047,642.3488159179688,338.25543212890625,1516.601806640625,4817.41796875,753.843505859375,6374.3154296875,953.1046752929688,93.97432708740234,84.57292175292969,100.345703125,1010.2107543945312,1141.1497802734375,375.732421875,725.799072265625,818.6830444335938,118.57858276367188,3207.22021484375,1249.259765625,1791.8353271484375,279.2716979980469,7144.4150390625,691.6055297851562,290.543212890625
2021-08-27,1502.695556640625,707.6731567382812,4706.47021484375,2921.127197265625,749.2715454101562,3300.5283203125,1616.31640625,683.5253295898438,570.9560546875,167.694580078125,3711.811279296875,886.492919921875,91.41536712646484,4783.08837890625,895.7354736328125,2471.34912109375,1424.94140625,955.041748046875,736.5009155273438,695.5323486328125,2279.89013671875,425.5272216796875,2480.476318359375,678.7711181640625,960.955322265625,1488.3179931640625,162.1236572265625,647.6060791015625,341.45367431640625,1556.851318359375,4907.33935546875,747.8139038085938,6389.9892578125,948.5726928710938,94.51608276367188,85.37802124023438,101.07032775878906,1008.829345703125,1173.1016845703125,377.2875061035156,736.5349731445312,813.5501708984375,119.36331939697266,3249.408203125,1245.7261962890625,1798.942138671875,280.696044921875,7397.15966796875,700.8314208984375,293.3149108886719
2021-08-30,1513.1722412109375,710.5933837890625,4699.01220703125,2990.3369140625,780.7899169921875,3319.219482421875,1652.7235107421875,703.040283203125,595.2275390625,168.13934326171875,3754.000244140625,896.8556518554688,94.74736022949219,4971.60888671875,910.7860107421875,2450.099853515625,1437.4974365234375,955.411376953125,745.9185180664062,703.6818237304688,2324.395751953125,435.39044189453125,2489.507080078125,692.2544555664062,975.415283203125,1478.954833984375,163.77716064453125,656.2567138671875,345.8973388671875,1577.7598876953125,4944.236328125,763.635498046875,6555.93994140625,938.3489379882812,95.80795288085938,87.9397201538086,101.73698425292969,1028.23681640625,1169.78271484375,386.6636657714844,751.2313232421875,825.591064453125,124.23133087158203,3232.943359375,1223.145751953125,1854.1180419921875,286.7864074707031,7532.28271484375,711.5949096679688,292.16009521484375
2021-08-31,1584.0638427734375,728.4068603515625,4908.40380859375,3079.40966796875,783.229736328125,3325.8662109375,1711.4404296875,738.2634887695312,637.0550537109375,167.81910705566406,3764.500244140625,909.4252319335938,96.23190307617188,5039.15673828125,915.8871459960938,2570.3046875,1466.0784912109375,970.9327392578125,752.1731567382812,709.0162353515625,2337.696044921875,455.0682678222656,2523.22314453125,697.4925537109375,963.0903930664062,1486.2711181640625,166.3755340576172,657.2603759765625,349.4542236328125,1589.259765625,4981.2744140625,765.3237915039062,6603.3955078125,925.302001953125,96.64143371582031,88.23249053955078,101.65001678466797,1022.756591796875,1181.0277099609375,389.7280578613281,757.7683715820312,829.8604736328125,125.0634994506836,3307.318359375,1247.66552734375,1896.708984375,282.2186584472656,7658.06884765625,712.3638305664062,296.08660888671875
2021-09-01,1561.7137451171875,724.9512329101562,4977.04833984375,3176.947021484375,795.578125,3353.032470703125,1675.2681884765625,737.7827758789062,639.3095703125,169.72271728515625,3781.31005859375,885.4853515625,95.14324188232422,5067.451171875,927.4525146484375,2593.23291015625,1452.0078125,956.4380493164062,751.0791625976562,709.8065185546875,2336.843505859375,445.156494140625,2531.3740234375,698.317138671875,969.2528076171875,1461.2740478515625,164.95826721191406,646.7936401367188,348.0494079589844,1602.7554931640625,4951.41015625,742.7489624023438,6544.365234375,942.3699951171875,96.18302917480469,87.6103744506836,101.8239517211914,1026.8101806640625,1209.214599609375,393.2497863769531,752.471923828125,832.2590942382812,121.69599914550781,3244.86572265625,1237.8834228515625,1914.2784423828125,290.02801513671875,7594.02685546875,719.4754028320312,296.5947570800781
2021-09-02,1567.0518798828125,733.809326171875,4981.4443359375,3175.841064453125,799.3623657226562,3319.710205078125,1666.979736328125,735.7075805664062,639.4055786132812,170.71897888183594,3847.936279296875,916.573486328125,95.7518310546875,5031.3154296875,946.1924438476562,2622.06103515625,1464.954833984375,963.0897827148438,755.7880249023438,749.7643432617188,2327.891357421875,444.03900146484375,2594.49853515625,703.40966796875,980.267578125,1471.1597900390625,165.1550750732422,654.8229370117188,353.9775695800781,1602.5654296875,5053.0517578125,725.9144287109375,6552.08203125,962.0355834960938,97.09986114501953,86.84185028076172,101.88191986083984,1039.1748046875,1231.90283203125,393.11260986328125,753.855712890625,836.0967407226562,122.89466857910156,3351.253662109375,1239.1763916015625,1941.6197509765625,287.9651794433594,7775.6904296875,723.9921875,300.9371032714844
2021-09-03,1562.06298828125,734.8313598632812,4952.85009765625,3211.624267578125,794.6819458007812,3352.31884765625,1670.08349609375,738.1556396484375,631.6828002929688,174.8108367919922,3883.8154296875,902.9964599609375,98.9638442993164,5072.955078125,953.7566528320312,2688.63916015625,1475.8985595703125,964.7322998046875,749.6284790039062,725.4636840820312,2386.805908203125,448.26605224609375,2562.681640625,702.5851440429688,974.1051635742188,1481.2193603515625,165.82437133789062,660.414794921875,357.0562438964844,1607.6025390625,5120.7978515625,723.454345703125,6619.79296875,963.2737426757812,97.51659393310547,90.098876953125,101.76596069335938,1081.79443359375,1232.645751953125,394.6219482421875,753.3308715820312,834.5617065429688,124.49436950683594,3355.883056640625,1242.7529296875,1993.1434326171875,290.32269287109375,7753.2998046875,723.4636840820312,302.6231689453125
2021-09-06,1578.4764404296875,731.229736328125,4934.03515625,3189.259765625,797.4702758789062,3373.3740234375,1671.3458251953125,736.4827270507812,627.9892578125,174.63294982910156,3841.296875,911.7280883789062,98.9638442993164,5069.837890625,957.1444091796875,2729.218994140625,1495.978515625,985.59130859375,744.7056274414062,727.0935668945312,2401.939453125,455.991455078125,2575.55615234375,699.5296020507812,962.6536865234375,1507.1309814453125,164.80078125,656.352294921875,353.6089782714844,1610.1685791015625,5104.71728515625,728.13330078125,6604.1669921875,961.20849609375,97.05818176269531,89.03759765625,100.92543029785156,1098.59765625,1233.141357421875,394.3017883300781,748.4160766601562,834.7536010742188,123.9208755493164,3364.5732421875,1259.3004150390625,1994.47607421875,292.18914794921875,7775.54345703125,726.2987060546875,317.1053161621094
2021-09-07,1554.629638671875,725.6813354492188,4817.0419921875,3209.1708984375,784.5740356445312,3364.09521484375,1674.75927734375,731.6701049804688,643.2908325195312,171.4840087890625,3856.740966796875,912.015869140625,99.53862762451172,5074.7080078125,953.54248046875,2708.353515625,1518.8922119140625,970.8504638671875,746.3942260742188,725.3154907226562,2385.356201171875,449.2378234863281,2572.8701171875,695.406982421875,971.6790161132812,1486.4453125,166.72987365722656,653.6280517578125,351.6760559082031,1598.28857421875,5067.8671875,726.5414428710938,6633.34423828125,968.1122436523438,96.55809783935547,87.7933349609375,100.28772735595703,1105.52734375,1227.2958984375,392.5180358886719,734.7218627929688,833.0745239257812,123.20511627197266,3333.0419921875,1236.9354248046875,2007.554443359375,289.3895263671875,7847.5537109375,722.7428588867188,311.46954345703125
2021-09-08,1552.4842529296875,726.995361328125,4752.19970703125,3209.507568359375,791.3956298828125,3323.6357421875,1652.7581787109375,732.2490234375,640.7006225585938,174.1881866455078,3824.67578125,913.2633056640625,100.85722351074219,4952.9072265625,956.2390747070312,2686.144775390625,1540.6331787109375,976.2704467773438,749.7949829101562,734.60107421875,2385.867919921875,443.4073181152344,2594.35986328125,699.3355102539062,970.0776977539062,1474.774169921875,166.33619689941406,656.734619140625,361.73907470703125,1583.8902587890625,5061.771484375,728.13330078125,6540.8447265625,942.97607421875,97.71473693847656,88.42521667480469,101.9690170288086,1101.2020263671875,1208.768798828125,394.5762634277344,741.9266967773438,844.1080322265625,123.30430603027344,3296.57470703125,1230.6007080078125,2029.318603515625,290.02801513671875,7814.94580078125,732.30517578125,305.9030456542969
2021-09-09,1541.558837890625,729.7696533203125,4661.4794921875,3218.886474609375,786.8645629882812,3301.554443359375,1671.6954345703125,729.0553588867188,658.2567138671875,174.7574920654297,3833.52783203125,910.8644409179688,100.5191421508789,4923.541015625,956.3850708007812,2703.60498046875,1561.3480224609375,984.2777709960938,746.0849609375,728.377685546875,2384.461181640625,450.4524841308594,2603.390625,698.6565551757812,969.980712890625,1473.3370361328125,167.4385223388672,658.5508422851562,362.2372131347656,1587.2166748046875,5095.76171875,724.2743530273438,6561.10009765625,972.3305053710938,98.14312744140625,90.80404663085938,102.35249328613281,1098.59765625,1162.351806640625,395.4451904296875,740.8294067382812,840.078369140625,124.78324890136719,3311.64208984375,1235.2547607421875,2007.94921875,293.6626281738281,7762.8818359375,728.3649291992188,305.9723205566406
2021-09-13,1529.03662109375,725.2918701171875,4687.45654296875,3238.7978515625,785.072021484375,3300.61767578125,1690.4276123046875,730.5172729492188,665.1160888671875,177.23036193847656,3855.234375,911.968017578125,104.5426025390625,4953.0537109375,960.1526489257812,2690.941650390625,1569.6048583984375,992.366455078125,739.8779296875,725.95751953125,2378.578369140625,464.8343505859375,2580.883056640625,686.19189453125,966.8751831054688,1473.5982666015625,168.61959838867188,663.7603759765625,366.6609802246094,1588.78466796875,5146.77099609375,719.2577514648438,6630.01708984375,972.0952758789062,98.52867889404297,91.47309112548828,102.58845520019531,1074.1175537109375,1154.3763427734375,395.9483337402344,744.6466064453125,846.314697265625,126.20182037353516,3358.765625,1232.022705078125,2004.346435546875,295.872802734375,7767.5751953125,726.5390014648438,309.85272216796875
2021-09-14,1509.829345703125,735.3181762695312,4674.22119140625,3234.421142578125,791.0968627929688,3346.564208984375,1679.754150390625,727.7701416015625,665.9794311523438,175.45132446289062,3862.438232421875,914.55859375,104.61021423339844,4962.453125,960.0260620117188,2705.619384765625,1574.93017578125,1017.20849609375,736.5485229492188,730.2052612304688,2431.35400390625,464.4456787109375,2558.837646484375,686.2403564453125,1005.9849243164062,1468.59033203125,170.155029296875,663.0435180664062,372.1806335449219,1612.3070068359375,5232.52099609375,723.7437744140625,6650.03125,961.5531005859375,99.29976654052734,92.14212799072266,102.70645904541016,1072.71337890625,1160.0731201171875,396.0855712890625,745.6963500976562,845.5472412109375,125.24028778076172,3394.18408203125,1251.4576416015625,2029.0718994140625,300.6861267089844,7681.5341796875,723.1753540039062,311.0999450683594
2021-09-15,1513.421630859375,745.587646484375,4733.087890625,3224.609619140625,788.109375,3371.589599609375,1679.5196533203125,727.4365234375,696.0070190429688,174.33050537109375,3848.171630859375,914.36669921875,108.90419006347656,5024.83837890625,966.2273559570312,2726.388916015625,1570.0445556640625,1045.622802734375,735.716064453125,737.2188110351562,2451.1767578125,473.0455627441406,2570.78662109375,692.9334106445312,1022.822509765625,1490.6258544921875,170.07627868652344,665.9111328125,372.96771240234375,1631.8377685546875,5297.640625,728.470947265625,6664.0654296875,956.2655029296875,106.41096496582031,95.48735809326172,104.94818115234375,1077.1746826171875,1161.608642578125,406.0105895996094,744.9805297851562,836.1927490234375,125.48175048828125,3454.147216796875,1262.489501953125,2092.39111328125,306.43267822265625,7646.72705078125,732.4012451171875,311.37713623046875
2021-09-16,1499.851806640625,749.1893310546875,4820.697265625,3214.79833984375,799.2628173828125,3402.27978515625,1669.9488525390625,727.1765747070312,689.3875122070312,177.1959686279297,3835.646728515625,915.3742065429688,109.74944305419922,5032.630859375,960.2596435546875,2743.896728515625,1542.3431396484375,1037.2872314453125,741.9707641601562,745.9611206054688,2489.927490234375,469.64447021484375,2564.117431640625,705.398193359375,1097.54833984375,1482.613037109375,181.69027709960938,659.0288696289062,379.96197509765625,1635.8768310546875,5318.69091796875,730.2557373046875,6685.2373046875,951.9236450195312,106.23961639404297,95.6731948852539,105.8625717163086,1099.7752685546875,1173.9437255859375,424.1683044433594,745.3623657226562,838.5433959960938,123.89933013916016,3409.382080078125,1248.2689208984375,2081.385498046875,306.1379699707031,7592.56005859375,724.6168823242188,308.5130310058594
2021-09-17,1476.9530029296875,746.7070922851562,4847.85888671875,3177.235595703125,803.9929809570312,3410.0419921875,1680.647216796875,728.8739013671875,698.54931640625,176.06591796875,3815.68212890625,915.422119140625,105.9626693725586,4989.67626953125,951.03076171875,2780.6875,1532.913818359375,1037.4517822265625,752.5299072265625,738.6511840820312,2499.90283203125,459.68408203125,2521.50927734375,698.5596313476562,1096.6265869140625,1473.0760498046875,182.0052490234375,652.1942138671875,400.1178283691406,1631.0775146484375,5358.9638671875,727.554443359375,6765.77734375,958.950927734375,106.0254135131836,94.96697998046875,105.47911834716797,1082.7227783203125,1187.715087890625,415.38671875,734.7218627929688,838.687255859375,119.51422882080078,3343.479736328125,1251.026611328125,2068.455078125,303.1419372558594,7540.154296875,713.4208984375,307.3119812011719
2021-09-20,1415.6895751953125,728.9909057617188,4818.07958984375,3146.935546875,792.5408325195312,3368.868408203125,1698.486572265625,730.213134765625,695.4793701171875,169.66903686523438,3846.429443359375,900.1179809570312,104.27210235595703,4977.30712890625,929.6914672851562,2698.6162109375,1500.473388671875,1048.004638671875,741.9232177734375,721.2653198242188,2463.582275390625,431.8435974121094,2593.850341796875,688.7138671875,1057.75927734375,1470.071044921875,184.05247497558594,605.2607421875,398.8226318359375,1619.815185546875,5201.62451171875,712.022216796875,6703.998046875,965.9329833984375,105.12580108642578,95.52452850341797,104.41722869873047,1084.4439697265625,1166.612060546875,400.15618896484375,721.93408203125,822.2329711914062,108.0621109008789,3339.679931640625,1233.573974609375,2050.441650390625,293.6626281738281,7407.328125,678.10302734375,306.0415954589844
2021-09-21,1438.2393798828125,729.6723022460938,4831.41357421875,3183.151123046875,792.0429077148438,3326.71337890625,1755.20263671875,766.6530151367188,697.1102905273438,167.00534057617188,3838.0009765625,917.38916015625,105.7597885131836,5044.85498046875,945.0144653320312,2738.332763671875,1521.5301513671875,1067.1798095703125,738.1655883789062,726.8465576171875,2430.288330078125,438.257080078125,2605.057861328125,690.5083618164062,1103.9534912109375,1496.72265625,190.1547393798828,639.433349609375,400.71563720703125,1635.54443359375,5381.93603515625,712.4081420898438,6536.74560546875,959.6091918945312,106.32526397705078,100.50516510009766,103.76831817626953,1089.1317138671875,1173.646484375,401.39111328125,729.568603515625,824.0559692382812,111.43394470214844,3374.138671875,1259.7744140625,2058.83154296875,296.60955810546875,7423.65625,693.7197265625,308.3975524902344
2021-09-22,1434.547607421875,725.486572265625,4844.54931640625,3191.13525390625,785.072021484375,3352.006103515625,1757.9471435546875,764.6710205078125,697.206298828125,169.56813049316406,3821.944580078125,924.4895629882812,109.61420440673828,5006.33251953125,943.5931396484375,2727.252685546875,1538.6298828125,1080.3194580078125,729.4851684570312,724.1300659179688,2427.51708984375,449.91802978515625,2579.169189453125,682.2632446289062,1107.6898193359375,1495.3726806640625,191.72950744628906,648.6097412109375,395.65423583984375,1626.040283203125,5483.71923828125,725.962646484375,6588.8310546875,947.0445556640625,106.58232879638672,99.35293579101562,104.26976013183594,1100.8170166015625,1180.2845458984375,401.43682861328125,734.91259765625,819.4987182617188,112.60675048828125,3373.439453125,1304.504638671875,2054.09375,304.6153869628906,7455.82421875,696.6510009765625,308.6516418457031
2021-09-23,1471.0660400390625,734.4420166015625,5021.64404296875,3194.165283203125,808.7730102539062,3389.52197265625,1846.678955078125,775.0122680664062,697.2542114257812,169.4874267578125,3806.736083984375,928.9032592773438,113.1643295288086,5076.65625,934.0431518554688,2740.875,1570.0933837890625,1090.831298828125,746.7507934570312,715.832275390625,2432.5048828125,469.5959167480469,2577.13134765625,695.5039672851562,1134.6202392578125,1517.7132568359375,190.94212341308594,647.3670043945312,403.3160705566406,1681.923828125,5660.37548828125,731.7028198242188,6603.974609375,942.947509765625,108.12449645996094,102.40081787109375,105.15465545654297,1127.7203369140625,1207.034912109375,411.45330810546875,734.674072265625,816.140625,113.71918487548828,3379.640625,1311.3133544921875,2077.78271484375,315.81378173828125,7450.0556640625,698.52490234375,311.4926452636719
2021-09-24,1458.4442138671875,724.9999389648438,4673.5791015625,3317.241455078125,794.7316284179688,3398.979248046875,1848.8896484375,764.6465454101562,709.342041015625,167.408935546875,3807.25390625,928.4715576171875,112.31904602050781,4975.796875,932.6898803710938,2811.81787109375,1592.4696044921875,1115.3857421875,761.7572631835938,716.96826171875,2415.79443359375,465.2230224609375,2544.110107421875,701.275634765625,1128.700439453125,1536.264892578125,187.75318908691406,630.0657348632812,404.1330261230469,1681.0211181640625,5842.89013671875,751.9622192382812,6705.783203125,944.1477661132812,106.45380401611328,101.1742172241211,103.91580200195312,1124.4591064453125,1210.750244140625,403.1748046875,735.2467041015625,802.8045043945312,109.70059204101562,3381.43212890625,1305.49609375,2065.7900390625,312.3265686035156,7354.04150390625,690.6444702148438,312.5089111328125
2021-09-27,1527.8394775390625,730.3050537109375,4509.375,3299.974853515625,793.6362915039062,3491.40771484375,1799.4986572265625,764.84765625,706.19140625,169.74977111816406,3775.89501953125,923.721923828125,112.9614486694336,4804.37060546875,932.9430541992188,2762.26806640625,1611.0838623046875,1063.6488037109375,772.9585571289062,712.2266845703125,2483.57568359375,467.7981262207031,2509.69921875,708.1141967773438,1116.7152099609375,1499.0743408203125,187.95004272460938,620.0289916992188,405.17919921875,1653.3167724609375,5607.39697265625,782.7371826171875,7140.9873046875,933.5936889648438,108.68140411376953,104.07339477539062,103.82730102539062,1143.3685302734375,1211.493408203125,408.526123046875,728.184814453125,801.1734619140625,109.56261444091797,3351.427978515625,1262.1015625,2063.17431640625,325.78424072265625,7453.18408203125,697.5639038085938,302.0688171386719
2021-09-28,1483.9873046875,719.06201171875,4356.77587890625,3250.9658203125,785.9185180664062,3487.21435546875,1751.5201416015625,740.1080322265625,680.3890380859375,173.38206481933594,3770.291748046875,931.6859130859375,118.03305053710938,4659.7294921875,941.023193359375,2765.817626953125,1611.03515625,1042.1328125,768.1782836914062,716.96826171875,2490.05517578125,464.6399841308594,2522.99169921875,695.6495361328125,1101.2362060546875,1469.4178466796875,187.20201110839844,631.6907348632812,412.1236877441406,1650.98828125,5411.56640625,777.6240844726562,7160.6630859375,928.9618530273438,113.05094146728516,105.7088394165039,108.5172119140625,1154.0574951171875,1199.1090087890625,406.9710388183594,739.6842041015625,789.3245239257812,110.46378326416016,3300.94189453125,1218.70703125,2101.71875,323.4757995605469,7419.35400390625,688.8665161132812,295.46295166015625
2021-09-29,1482.3409423828125,722.2743530273438,4369.07275390625,3196.4736328125,778.8978271484375,3478.783447265625,1739.8834228515625,737.3705444335938,678.385498046875,176.32827758789062,3741.192626953125,947.61376953125,125.57283020019531,4681.54736328125,950.339599609375,2727.635986328125,1631.701171875,1052.151611328125,758.0947875976562,725.809326171875,2460.725830078125,480.18792724609375,2487.284423828125,688.2288208007812,1090.02734375,1473.9031982421875,187.4776153564453,649.8045043945312,404.6013488769531,1635.639404296875,5386.48388671875,783.4608154296875,7122.2744140625,927.1557006835938,120.50483703613281,107.6044692993164,115.0654525756836,1144.9085693359375,1194.799072265625,420.78375244140625,774.2300415039062,790.0441284179688,111.72282409667969,3312.078857421875,1202.5902099609375,2119.682861328125,324.4090270996094,7298.359375,689.202880859375,295.9942321777344
2021-09-30,1464.8299560546875,718.2833251953125,4426.45751953125,3121.0595703125,763.3626708984375,3419.364990234375,1775.1126708984375,752.3527221679688,672.716796875,174.431396484375,3718.77978515625,943.727783203125,125.1670913696289,4673.99951171875,950.28125,2676.743408203125,1631.261474609375,1050.796630859375,758.6181030273438,713.6096801757812,2414.984130859375,474.1630859375,2502.567138671875,679.8381958007812,1079.0611572265625,1459.0531005859375,185.9421844482422,638.8119506835938,399.629638671875,1618.484619140625,5405.7529296875,774.72998046875,7077.904296875,924.246826171875,121.53296661376953,107.41863250732422,112.02730560302734,1141.0133056640625,1203.864501953125,414.3804931640625,780.862548828125,780.5936279296875,111.14936065673828,3297.7978515625,1189.8780517578125,2133.84716796875,327.4541931152344,7231.43359375,680.1212158203125,292.9222106933594
2021-10-01,1455.450927734375,715.4117431640625,4404.53173828125,3056.804443359375,764.9560546875,3437.163818359375,1714.3397216796875,738.091796875,660.5975341796875,174.77444458007812,3692.55322265625,946.2705078125,127.60145568847656,4706.72509765625,964.9129638671875,2659.715087890625,1638.785400390625,1046.0335693359375,752.7914428710938,720.5739135742188,2428.15673828125,470.6648254394531,2504.6513671875,671.5929565429688,1071.44287109375,1450.2999267578125,185.31227111816406,644.4993896484375,397.24835205078125,1612.73486328125,5392.29736328125,798.6553344726562,6908.3857421875,929.208984375,119.86226654052734,108.71952819824219,113.17765808105469,1143.0289306640625,1197.870361328125,413.14556884765625,788.8309936523438,768.7446899414062,111.92117309570312,3258.185791015625,1181.81982421875,2135.722412109375,327.4050598144531,7316.93603515625,684.8783569335938,293.9154052734375
2021-10-04,1523.2496337890625,724.415771484375,4492.2880859375,3079.64990234375,775.7609252929688,3413.387451171875,1777.053955078125,754.9969482421875,665.9730224609375,175.90451049804688,3665.996826171875,918.7324829101562,128.44676208496094,5085.0322265625,981.8228759765625,2634.24462890625,1603.6087646484375,1050.05712890625,754.2421875,717.8079223632812,2434.636474609375,491.4115905761719,2488.117431640625,679.2076416015625,1086.727783203125,1462.1448974609375,186.29652404785156,651.094970703125,396.73028564453125,1630.174560546875,5380.43603515625,811.486328125,6916.10205078125,926.499755859375,124.70301818847656,109.72309875488281,113.0596923828125,1157.726318359375,1219.4688720703125,423.6651611328125,793.9843139648438,781.2652587890625,114.18916320800781,3295.832275390625,1205.779296875,2127.3818359375,335.951171875,7348.2734375,675.556396484375,296.1328125
2021-10-05,1524.2474365234375,724.1724853515625,4427.24853515625,3130.775146484375,779.3458862304688,3447.334716796875,1781.1754150390625,757.8568725585938,683.4188842773438,179.13320922851562,3655.920654296875,896.711669921875,133.8564453125,5082.2568359375,980.2457885742188,2647.867431640625,1589.7823486328125,1071.8199462890625,758.8558959960938,724.2288208007812,2425.25830078125,481.3053894042969,2508.912353515625,676.2005615234375,1134.08642578125,1474.3824462890625,184.8004913330078,649.3743896484375,395.0166015625,1631.5526123046875,5405.98779296875,813.3193969726562,7000.93408203125,921.870361328125,124.57449340820312,121.65433502197266,112.0567855834961,1181.75341796875,1250.28125,425.0830383300781,783.0097045898438,768.9366455078125,113.55964660644531,3348.240478515625,1217.8453369140625,2164.247802734375,338.8489990234375,7297.82177734375,686.8003540039062,298.81207275390625
2021-10-06,1476.254638671875,704.7528686523438,4324.87353515625,3089.894287109375,775.7111206054688,3363.515625,1758.1317138671875,758.9313354492188,675.7467041015625,180.48524475097656,3709.033447265625,876.466064453125,130.40777587890625,5003.06884765625,965.0591430664062,2617.984130859375,1562.4229736328125,1047.4296875,768.1069946289062,716.8201293945312,2385.697021484375,462.4535827636719,2487.978759765625,668.8284912109375,1098.421875,1457.6158447265625,182.08399963378906,630.1613159179688,389.7160949707031,1610.9765625,5334.208984375,804.6849365234375,6944.0263671875,910.5391235351562,122.77528381347656,124.96243286132812,110.67047119140625,1159.40185546875,1200.8427734375,418.2224426269531,764.01904296875,787.3577270507812,110.37323760986328,3328.674560546875,1194.2303466796875,2119.830810546875,330.10638427734375,7199.0703125,698.9573364257812,293.6844787597656
2021-10-07,1517.3626708984375,716.5798950195312,4373.81298828125,3165.500732421875,773.8687133789062,3415.70703125,1743.5262451171875,760.1821899414062,676.8217163085938,181.2924346923828,3673.248291015625,878.960693359375,128.95388793945312,4965.375,952.3060913085938,2706.24267578125,1555.5831298828125,1072.764404296875,766.01416015625,716.523681640625,2422.785400390625,464.0083312988281,2472.556640625,681.147705078125,1132.242431640625,1472.8145751953125,183.42254638671875,637.13916015625,389.0585021972656,1627.5135498046875,5417.4267578125,847.2780151367188,7226.88037109375,905.2396240234375,122.34690856933594,119.2383804321289,111.08341217041016,1165.0860595703125,1203.81494140625,418.86273193359375,785.634033203125,791.0994262695312,111.17522430419922,3400.298095703125,1221.4219970703125,2344.58154296875,369.8409729003906,7190.857421875,699.1495971679688,297.0105285644531
2021-10-08,1544.4522705078125,720.2301635742188,4325.36767578125,3180.938720703125,778.6986694335938,3404.10888671875,1751.43017578125,758.6417846679688,679.7537841796875,181.393310546875,3656.95654296875,879.9682006835938,127.43241882324219,4939.51513671875,944.148193359375,2703.365234375,1562.2276611328125,1085.780517578125,762.2803955078125,713.3132934570312,2423.16943359375,460.26715087890625,2445.37109375,682.311767578125,1139.7152099609375,1501.426025390625,182.43833923339844,636.4700317382812,385.8503112792969,1641.246826171875,5610.53759765625,846.8438720703125,7166.595703125,902.4258422851562,120.89039611816406,119.6472396850586,110.72946166992188,1209.85693359375,1185.3868408203125,418.9542541503906,783.8687133789062,785.5347900390625,112.20574951171875,3437.638671875,1241.0291748046875,2327.653564453125,376.17694091796875,7172.42724609375,709.240478515625,305.41796875
2021-10-11,1536.3204345703125,717.8453369140625,4323.29345703125,3180.12158203125,783.8770751953125,3436.7177734375,1767.8472900390625,766.9718017578125,675.2090454101562,183.39109802246094,3616.745361328125,876.7537841796875,133.1126251220703,5009.400390625,952.9388427734375,2735.79052734375,1613.9661865234375,1069.97216796875,777.0966186523438,708.5717163085938,2436.55517578125,473.7257995605469,2450.04833984375,691.9149169921875,1138.5992431640625,1472.77099609375,187.43824768066406,642.7311401367188,393.6317138671875,1631.7427978515625,5512.646484375,864.0161743164062,7427.794921875,907.0932006835938,124.0604248046875,122.6579360961914,114.12154388427734,1201.4326171875,1194.9476318359375,429.2451171875,794.5091552734375,783.1361694335938,113.24490356445312,3219.22998046875,1206.7703857421875,2331.799072265625,408.39678955078125,7167.04931640625,713.5170288085938,301.56072998046875
2021-10-12,1550.987548828125,717.3098754882812,4297.76123046875,3196.666259765625,793.8355102539062,3549.7109375,1818.6156005859375,770.763916015625,670.8109130859375,183.73414611816406,3642.501220703125,878.86474609375,130.71206665039062,5090.09765625,956.0443725585938,2791.2880859375,1600.18896484375,1026.81689453125,775.098876953125,694.8408203125,2486.730224609375,484.56072998046875,2478.80908203125,687.3558349609375,1146.9937744140625,1467.7193603515625,189.9972381591797,644.021484375,397.5572204589844,1632.9781494140625,5460.8876953125,858.7100830078125,7421.04345703125,922.8280029296875,123.84625244140625,121.58003997802734,114.06253814697266,1208.29443359375,1199.406005859375,441.8229064941406,791.7894287109375,783.0403442382812,114.61604309082031,3190.6240234375,1184.57763671875,2460.3125,413.4066162109375,7088.73291015625,715.294921875,304.4709777832031
2021-10-13,1566.20361328125,738.8224487304688,4323.638671875,3196.90673828125,791.2960205078125,3539.8076171875,1815.18212890625,777.9802856445312,674.2805786132812,185.1063232421875,3657.333251953125,876.5139770507812,128.5143585205078,5112.5,959.5781860351562,2787.5947265625,1638.6876220703125,1039.13525390625,779.7601928710938,692.3712768554688,2494.019775390625,493.6951599121094,2451.576904296875,688.6653442382812,1149.5169677734375,1488.6661376953125,196.21763610839844,651.3817138671875,400.39678955078125,1665.1492919921875,5580.345703125,902.3643188476562,7216.89697265625,918.3102416992188,125.38845825195312,118.94103240966797,117.6316146850586,1220.5911865234375,1180.73046875,440.6337585449219,804.0523071289062,813.7420654296875,116.78917694091797,3192.6767578125,1208.4510498046875,2504.3349609375,497.9346618652344,7186.75048828125,718.3221435546875,310.7073059082031
2021-10-14,1642.6829833984375,791.1920776367188,4275.14208984375,3172.185791015625,798.715087890625,3538.246337890625,1845.18701171875,771.4653930664062,670.2733764648438,185.36866760253906,3667.833251953125,874.4509887695312,124.28800964355469,5232.54638671875,965.4679565429688,2737.181396484375,1712.411865234375,1027.473876953125,802.5907592773438,685.357666015625,2496.236572265625,501.5177001953125,2454.170166015625,705.4952392578125,1174.2637939453125,1494.37109375,202.00494384765625,662.2787475585938,402.0805969238281,1700.5518798828125,5718.697265625,898.5536499023438,7231.1240234375,918.5361328125,128.00160217285156,118.23480224609375,120.72874450683594,1223.0595703125,1174.5877685546875,448.7749938964844,802.859375,815.1332397460938,118.57858276367188,3160.514892578125,1233.1431884765625,2530.837158203125,488.7991638183594,7230.8466796875,718.70654296875,327.1758117675781
2021-10-18,1611.9017333984375,789.0020751953125,4277.1181640625,3118.02978515625,809.9182739257812,3493.6826171875,1864.05419921875,771.7254028320312,665.1910400390625,186.66017150878906,3613.684814453125,867.15869140625,125.30236053466797,5204.20263671875,949.6580810546875,2711.42333984375,1713.8284912109375,1003.0422973632812,794.4573974609375,695.0383911132812,2476.0302734375,527.4632568359375,2458.29248046875,723.10107421875,1183.580322265625,1560.913330078125,206.7292938232422,684.216064453125,400.84515380859375,1699.7437744140625,5537.68212890625,878.8248291015625,7385.5478515625,923.9092407226562,128.13014221191406,120.50214385986328,120.22732543945312,1226.3204345703125,1181.4735107421875,455.4984130859375,797.7061767578125,809.7124633789062,121.68306732177734,3191.757568359375,1275.2451171875,2555.266845703125,500.5869140625,7234.56201171875,721.8298950195312,327.8687744140625
2021-10-19,1565.9542236328125,771.1885375976562,4248.12939453125,3062.47998046875,798.3167724609375,3489.757080078125,1903.83447265625,759.3384399414062,665.6798095703125,182.8462371826172,3574.650634765625,869.509521484375,124.76139831542969,5057.17578125,934.9192504882812,2593.7607421875,1678.6031494140625,1011.8296508789062,803.2090454101562,694.2481689453125,2452.11474609375,518.6690673828125,2358.9970703125,725.0411376953125,1158.7362060546875,1587.04248046875,193.6586151123047,661.0361328125,405.57769775390625,1754.4869384765625,6427.80322265625,885.1438598632812,7384.24609375,920.5823974609375,128.21580505371094,117.90029907226562,117.18920135498047,1237.3037109375,1182.414794921875,446.57958984375,789.546875,809.0888061523438,117.87574768066406,3180.380615234375,1326.4820556640625,2452.712158203125,473.3768310546875,7010.46484375,705.1080322265625,328.70025634765625
2021-10-20,1586.1591796875,773.7680053710938,4095.7275390625,3048.869140625,801.45361328125,3433.639892578125,1856.59423828125,761.5018920898438,692.41064453125,178.02334594726562,3542.726318359375,869.2216796875,122.0565414428711,4983.44287109375,925.5930786132812,2543.3955078125,1653.7841796875,1012.4867553710938,796.1458129882812,694.8408203125,2400.91650390625,498.4567565917969,2295.872314453125,723.4890747070312,1166.2088623046875,1569.7972412109375,194.17042541503906,654.9185180664062,401.6123352050781,1717.0885009765625,6507.50390625,867.6339111328125,7321.64697265625,916.2665405273438,125.30276489257812,115.14979553222656,114.65248107910156,1223.0595703125,1157.943115234375,457.2821350097656,777.665771484375,793.402099609375,115.84059143066406,3158.240234375,1326.6546630859375,2380.16455078125,478.2883605957031,6970.86669921875,688.001708984375,324.2655334472656
2021-10-21,1591.497314453125,758.6314086914062,4083.974365234375,2887.65234375,804.441162109375,3393.804443359375,1854.2388916015625,759.1422729492188,680.291259765625,182.0390625,3497.854248046875,874.6428833007812,123.34133911132812,5058.685546875,905.684814453125,2555.05126953125,1705.864990234375,1002.3854370117188,797.3111572265625,686.0985717773438,2350.52783203125,479.7991943359375,2265.3984375,732.8497314453125,1149.4197998046875,1527.381103515625,192.6743927001953,644.3560180664062,427.17828369140625,1716.1859130859375,6238.53564453125,865.3667602539062,7306.6962890625,914.1515502929688,126.7164306640625,115.22412109375,114.47549438476562,1187.7772216796875,1147.589599609375,460.0721435546875,781.0056762695312,781.7449951171875,113.3742446899414,3091.423583984375,1313.6834716796875,2364.667724609375,499.0152282714844,6970.2802734375,689.4912109375,321.6554870605469
2021-10-22,1539.563232421875,741.5479125976562,3978.833740234375,2868.79931640625,813.30419921875,3449.56494140625,1862.0782470703125,756.4833374023438,678.7764282226562,180.5054168701172,3474.92333984375,860.0582885742188,118.94595336914062,4941.560546875,902.9200439453125,2506.31689453125,1674.5970458984375,988.5591430664062,799.427734375,682.3447875976562,2339.6572265625,457.15753173828125,2273.1328125,736.5357666015625,1161.0654296875,1497.8985595703125,186.29652404785156,638.3340454101562,432.68798828125,1703.355224609375,6135.580078125,856.5393676757812,7146.2431640625,903.388427734375,124.14610290527344,116.74806213378906,114.71147155761719,1189.99658203125,1156.4073486328125,460.0721435546875,775.4230346679688,762.9881591796875,111.78319549560547,3061.974853515625,1307.8228759765625,2380.757080078125,482.2176513671875,6990.42138671875,676.9017333984375,315.2344055175781
2021-10-25,1528.787109375,732.05712890625,4112.76611328125,2806.900634765625,841.5860595703125,3357.89453125,1805.092529296875,750.2481079101562,675.453369140625,174.22962951660156,3419.4091796875,865.3355712890625,117.7287826538086,4866.123046875,910.4548950195312,2457.58251953125,1671.5189208984375,964.879638671875,788.13134765625,674.93603515625,2290.7607421875,459.87841796875,2274.753662109375,816.4654541015625,1142.9661865234375,1487.2293701171875,183.77688598632812,644.4993896484375,429.3203430175781,1695.6572265625,6025.57568359375,859.2889404296875,7003.20068359375,888.632568359375,123.28932189941406,119.98177337646484,113.6496353149414,1178.4017333984375,1119.254150390625,463.3194580078125,776.0433349609375,756.9436645507812,111.52879333496094,3056.811279296875,1313.5543212890625,2348.33203125,471.4122314453125,6990.61669921875,668.2044677734375,308.4437561035156
2021-10-26,1540.4112548828125,729.9642944335938,4215.4365234375,2856.679443359375,838.3994750976562,3382.875244140625,1831.6590576171875,770.7542114257812,680.43798828125,173.96726989746094,3477.56005859375,870.7568359375,118.37117004394531,4888.4765625,908.5176391601562,2484.923828125,1699.611328125,966.0389404296875,786.1099243164062,681.6532592773438,2302.44140625,472.3167419433594,2271.0263671875,804.5342407226562,1120.7911376953125,1497.0263671875,186.37527465820312,663.7125244140625,440.5689697265625,1707.156982421875,6115.0458984375,863.003173828125,7038.64892578125,918.8182983398438,122.6895980834961,121.24551391601562,112.3222885131836,1205.2373046875,1161.2125244140625,468.8536682128906,776.3297119140625,776.0842895507812,115.87077331542969,3047.754150390625,1347.339111328125,2422.952880859375,499.6537170410156,7107.26123046875,685.4549560546875,308.6516418457031
2021-10-27,1563.0609130859375,726.0219116210938,4223.9306640625,2976.773681640625,784.2255249023438,3369.269775390625,1797.592529296875,734.1083374023438,686.4486083984375,172.61526489257812,3482.31591796875,885.1495971679688,117.39067840576172,5015.537109375,907.8362426757812,2478.831787109375,1688.8629150390625,974.6082763671875,781.3772583007812,685.4070434570312,2293.61669921875,466.2919616699219,2233.515380859375,809.9662475585938,1108.805908203125,1519.21337890625,187.75318908691406,654.6795654296875,436.04559326171875,1696.0374755859375,6257.8037109375,855.5264892578125,7095.4599609375,908.6344604492188,121.06175231933594,117.37995147705078,112.23377990722656,1189.99658203125,1175.0335693359375,474.89105224609375,787.3995971679688,785.5347900390625,114.36164855957031,3054.010986328125,1351.260498046875,2428.233642578125,489.0938720703125,7190.46630859375,712.60400390625,310.01434326171875
2021-10-28,1395.43505859375,669.80712890625,4236.72216796875,3001.138916015625,755.19677734375,3301.6435546875,1795.16748046875,734.3143310546875,674.1339721679688,169.83047485351562,3467.295166015625,855.6445922851562,112.62335205078125,4988.06884765625,889.777587890625,2424.72509765625,1663.4576416015625,953.7857666015625,757.975830078125,674.7877807617188,2274.5185546875,455.55413818359375,2227.037841796875,774.7545776367188,1141.2679443359375,1497.2022705078125,177.24154663085938,637.99951171875,418.1614685058594,1724.2642822265625,6286.7509765625,852.6804809570312,7108.43359375,908.0034790039062,117.677490234375,111.65589904785156,109.6676025390625,1176.952392578125,1156.308349609375,458.6085205078125,770.69921875,776.8518676757812,112.07209014892578,2994.414306640625,1321.4835205078125,2344.384033203125,472.5418395996094,7280.85791015625,701.4561157226562,303.4547424316406
2021-10-29,1420.4290771484375,674.5770263671875,4209.609375,2985.53759765625,738.9147338867188,3307.4873046875,1778.5458984375,726.0677490234375,669.8335571289062,168.57936096191406,3461.504150390625,868.4060668945312,111.20329284667969,5016.31640625,907.1548461914062,2383.76171875,1681.72998046875,946.9551391601562,752.8628540039062,672.1701049804688,2265.438720703125,446.8084716796875,2230.299560546875,778.004150390625,1106.5252685546875,1465.4376220703125,175.74549865722656,639.62451171875,404.7408142089844,1679.025146484375,6280.12451171875,853.0663452148438,7217.13720703125,908.4216918945312,113.65067291259766,110.80101013183594,109.16616821289062,1148.7132568359375,1134.9576416015625,459.34033203125,758.675048828125,776.6599731445312,113.48204040527344,2973.49853515625,1273.693359375,2352.67529296875,475.1449890136719,7466.041015625,711.3546752929688,298.7658996582031
2021-11-01,1442.0809326171875,685.6739501953125,4283.24267578125,3006.435302734375,749.2216796875,3324.34912109375,1753.052001953125,727.4169311523438,696.368896484375,170.17349243164062,3463.763916015625,872.43603515625,115.46344757080078,5092.337890625,934.8511352539062,2455.903564453125,1748.07666015625,984.5847778320312,763.5409545898438,681.4063720703125,2285.559814453125,464.6399841308594,2243.30078125,779.7987060546875,1192.799560546875,1493.8192138671875,178.6194610595703,658.5508422851562,413.7775573730469,1706.301513671875,6392.76123046875,839.6566162109375,7345.5673828125,905.5267333984375,115.06436157226562,113.84886169433594,110.75897216796875,1149.4151611328125,1152.5928955078125,471.7351379394531,774.707275390625,791.435302734375,117.70328521728516,3042.328125,1311.873779296875,2375.130615234375,477.109619140625,7601.9951171875,691.9899291992188,302.78485107421875
2021-11-02,1469.5196533203125,683.6784057617188,4237.11669921875,2988.6669921875,752.7071533203125,3338.356201171875,1750.7467041015625,731.4788818359375,697.7860717773438,167.95379638671875,3468.237060546875,866.8229370117188,114.41532897949219,5070.1298828125,924.0743408203125,2439.067138671875,1704.1549072265625,969.2267456054688,764.2305908203125,684.2216186523438,2288.62890625,455.1654357910156,2254.29736328125,776.9371948242188,1176.738525390625,1491.9300537109375,177.6352081298828,643.1611938476562,413.80743408203125,1725.5948486328125,6346.474609375,831.1187133789062,7515.52099609375,897.6068115234375,117.07774353027344,113.7001953125,109.43162536621094,1132.656982421875,1155.26806640625,477.2236633300781,778.1428833007812,799.9741821289062,113.28370666503906,3049.154052734375,1297.468017578125,2422.16357421875,479.22161865234375,7541.6201171875,692.2301635742188,302.0226745605469
2021-11-03,1482.59033203125,690.3463745117188,4383.98779296875,3053.47998046875,747.47900390625,3299.591552734375,1747.438232421875,737.4541015625,683.2722778320312,167.4492950439453,3418.279296875,875.6983642578125,114.78721618652344,5006.576171875,929.0490112304688,2419.304931640625,1744.70556640625,973.94580078125,752.1969604492188,683.8759155273438,2252.095458984375,464.7857360839844,2247.261474609375,762.3868408203125,1143.1602783203125,1495.97216796875,175.1549530029297,650.2347412109375,406.01617431640625,1795.7818603515625,6330.63916015625,819.0595092773438,7460.0595703125,895.8473510742188,117.16345977783203,112.99398803710938,108.5172119140625,1124.8670654296875,1167.900146484375,482.6663818359375,751.9471435546875,793.3541870117188,114.35301971435547,3056.19873046875,1304.3880615234375,2386.629638671875,476.3237609863281,7712.23486328125,708.3274536132812,301.42218017578125
2021-11-04,1486.13232421875,694.7267456054688,4383.93798828125,3042.50146484375,749.8192749023438,3353.96923828125,1755.8763427734375,738.3223266601562,685.2269287109375,169.4066925048828,3418.279296875,873.8273315429688,115.42962646484375,5072.7109375,927.9781494140625,2553.37255859375,1750.6170654296875,979.53466796875,758.142333984375,687.926025390625,2282.8310546875,459.246826171875,2257.979248046875,758.6522216796875,1153.98095703125,1501.419921875,178.38327026367188,650.2347412109375,409.891845703125,1814.26708984375,6357.84716796875,842.0684814453125,7472.7431640625,903.1195068359375,117.50613403320312,113.03114318847656,109.16616821289062,1131.77392578125,1170.822998046875,485.2276611328125,759.1044311523438,793.8338012695312,114.34008026123047,3070.551025390625,1310.7423095703125,2400.250732421875,481.0389099121094,7705.341796875,708.9521484375,301.97650146484375
2021-11-08,1564.7568359375,711.031494140625,4351.146484375,3022.03662109375,747.9271240234375,3369.98388671875,1828.305908203125,752.897216796875,692.9481201171875,174.24977111816406,3501.008544921875,876.7058715820312,116.10581970214844,4769.45263671875,932.3783569335938,2601.003662109375,1806.6553955078125,979.3274536132812,761.1388549804688,694.692626953125,2287.435546875,456.5259094238281,2266.412841796875,756.7607421875,1029.8099365234375,1526.7261962890625,180.94227600097656,655.5875854492188,422.2165222167969,1829.093505859375,6416.96142578125,829.189208984375,7412.169921875,910.7692260742188,120.20496368408203,115.14979553222656,111.5848617553711,1133.1778564453125,1189.548095703125,478.6414794921875,763.4464111328125,802.4207153320312,115.8362808227539,3065.38818359375,1354.568359375,2503.890625,492.5319519042969,8031.17236328125,713.7092895507812,304.1245422363281
2021-11-09,1631.80712890625,717.7479858398438,4477.12744140625,3028.922119140625,741.9520874023438,3385.2841796875,1813.6104736328125,743.4635009765625,697.0530395507812,173.74530029296875,3410.510009765625,877.1376342773438,115.29436492919922,4822.6328125,933.0792846679688,2613.474853515625,1821.214599609375,971.0068359375,747.8211059570312,697.853759765625,2314.249755859375,451.47283935546875,2265.714111328125,762.9688720703125,1036.7003173828125,1531.1197509765625,180.11549377441406,646.7936401367188,417.90240478515625,1847.1986083984375,6428.00439453125,860.6878051757812,7308.91455078125,905.581787109375,118.66278839111328,116.45067596435547,110.0510482788086,1142.123291015625,1196.0870361328125,484.0385437011719,764.7347412109375,801.7491455078125,115.2067642211914,3067.969482421875,1357.1798095703125,2479.56005859375,500.6360168457031,7984.1923828125,717.2649536132812,304.1707458496094
2021-11-10,1652.161865234375,718.2833251953125,4496.8310546875,2993.434326171875,746.2341918945312,3364.987548828125,1828.944580078125,743.8511352539062,718.79931640625,174.04795837402344,3482.927978515625,875.5064086914062,112.72477722167969,4778.267578125,940.2832641601562,2635.060302734375,1831.572265625,967.9849243164062,739.7351684570312,697.903076171875,2318.04345703125,437.0424499511719,2236.8232421875,757.48828125,1001.7149047851562,1529.054931640625,181.76902770996094,633.1723022460938,413.6878662109375,1853.4237060546875,6424.38525390625,887.218017578125,7245.3505859375,906.16259765625,117.72032928466797,117.23126983642578,108.78270721435547,1154.8953857421875,1172.8043212890625,479.6934509277344,774.0392456054688,808.2252807617188,111.98152923583984,3049.2412109375,1363.62109375,2452.41650390625,501.7165832519531,7926.31005859375,741.2427368164062,301.4682922363281
2021-11-11,1661.1917724609375,715.5577392578125,4511.0537109375,2950.289794921875,734.981201171875,3345.58251953125,1783.5557861328125,731.2188110351562,712.1044311523438,173.66006469726562,3431.039306640625,868.2622680664062,112.9276351928711,4707.65087890625,937.4796142578125,2594.38427734375,1802.16064453125,960.988525390625,736.4296264648438,694.050537109375,2302.782470703125,441.1237487792969,2214.50341796875,748.321533203125,1002.7825317382812,1523.035888671875,181.0997314453125,637.95166015625,409.3139953613281,1835.8887939453125,6530.537109375,892.13818359375,7189.2138671875,901.43408203125,117.07774353027344,114.10904693603516,107.45536804199219,1157.0015869140625,1142.5367431640625,466.1551818847656,758.5317993164062,803.6680297851562,112.07209014892578,3052.654541015625,1324.756103515625,2495.353271484375,494.5456848144531,7871.41015625,734.89990234375,296.4792785644531
2021-11-12,1701.4017333984375,730.3536376953125,4612.0458984375,3007.494873046875,732.989501953125,3243.07275390625,1823.72021484375,743.6204833984375,726.6671142578125,174.64007568359375,3472.992431640625,878.86474609375,112.89385223388672,4717.9267578125,942.9896240234375,2612.27587890625,1815.9381103515625,970.6339111328125,738.6650390625,711.8314819335938,2287.563232421875,455.3111877441406,2241.296630859375,753.3171997070312,1006.4216918945312,1564.2464599609375,183.3831787109375,641.7273559570312,413.41888427734375,1862.7374267578125,6807.31298828125,904.7279052734375,7214.6787109375,915.2252197265625,116.90640258789062,114.96392822265625,107.36687469482422,1174.46142578125,1164.036376953125,467.7559814453125,769.6494750976562,813.502197265625,111.00707244873047,3085.778564453125,1379.636962890625,2506.605224609375,498.0820007324219,7900.83984375,739.5609130859375,304.9098205566406
2021-11-15,1745.6533203125,729.866943359375,5018.43408203125,3051.60205078125,730.201171875,3212.828369140625,1809.4188232421875,739.2200317382812,720.8517456054688,174.0887908935547,3524.45751953125,900.1659545898438,108.02507781982422,4780.1171875,948.9085083007812,2575.197265625,1813.3975830078125,969.39208984375,740.6865234375,705.9044799804688,2296.260009765625,443.0186462402344,2259.74951171875,750.1161499023438,1010.7402954101562,1570.3533935546875,187.4776153564453,632.31201171875,417.92230224609375,1850.4774169921875,6764.17626953125,895.659423828125,7237.1044921875,931.201416015625,117.50613403320312,117.30561065673828,111.08341217041016,1167.5318603515625,1149.1748046875,463.3652038574219,773.6575927734375,817.9635620117188,107.40242004394531,3109.62646484375,1374.5447998046875,2506.50634765625,496.51031494140625,7871.55712890625,753.4959106445312,304.37860107421875
2021-11-16,1707.7877197265625,726.6060791015625,5034.13818359375,3035.23046875,723.1307373046875,3219.564208984375,1817.3280029296875,741.3246459960938,713.7659301757812,171.4551239013672,3475.6298828125,884.4299926757812,107.5517578125,4726.49755859375,937.9955444335938,2600.09228515625,1781.4454345703125,963.2240600585938,736.286865234375,704.9166870117188,2345.411865234375,433.0096740722656,2242.880859375,741.1433715820312,990.7487182617188,1574.8787841796875,185.39102172851562,635.56201171875,415.0429382324219,1858.3182373046875,6852.47021484375,926.4344482421875,7764.95361328125,930.508056640625,115.06436157226562,116.82238006591797,110.67047119140625,1140.402099609375,1142.338623046875,452.891357421875,761.96728515625,799.5904541015625,105.96658325195312,3112.339111328125,1392.6064453125,2498.955810546875,509.8697509765625,7706.90625,749.6517944335938,305.5565490722656
2021-11-17,1702.64892578125,715.9957885742188,5663.39892578125,3110.877685546875,709.3880004882812,3197.34912109375,1821.8839111328125,746.4217529296875,703.7479248046875,168.96434020996094,3404.341552734375,868.69384765625,105.55693054199219,4640.0546875,928.3967895507812,2565.4599609375,1751.643310546875,954.1581420898438,728.1058959960938,702.3977661132812,2344.09033203125,432.8153076171875,2228.435791015625,738.475830078125,1003.4617919921875,1570.616943359375,188.57992553710938,633.12451171875,409.11474609375,1856.0372314453125,6951.85693359375,920.790771484375,7981.39794921875,931.2228393554688,116.90640258789062,117.00823211669922,112.70573425292969,1115.98974609375,1176.2222900390625,455.68133544921875,755.1917114257812,802.46875,105.21202087402344,3082.14697265625,1408.7528076171875,2466.975341796875,520.7734375,7682.7568359375,726.154541015625,305.71820068359375
2021-11-18,1684.9886474609375,706.748291015625,5519.8369140625,3107.603271484375,703.4129638671875,3165.008056640625,1788.535888671875,734.3829956054688,698.177001953125,165.4936065673828,3363.424560546875,856.1723022460938,103.73112487792969,4661.240234375,909.539794921875,2497.443359375,1733.908447265625,927.45703125,732.1964111328125,695.9274291992188,2289.098388671875,427.8594055175781,2236.124267578125,740.0280151367188,978.6663818359375,1563.54345703125,187.00514221191406,621.8451538085938,403.4057312011719,1802.9097900390625,6717.466796875,891.1251831054688,7829.38525390625,927.8019409179688,115.92113494873047,114.70377349853516,113.56111145019531,1120.201904296875,1171.1201171875,460.84967041015625,754.5236206054688,798.295166015625,102.32743835449219,3041.71533203125,1364.6219482421875,2446.099365234375,500.6851501464844,7594.759765625,712.5560302734375,300.9371032714844
2021-11-22,1672.017578125,695.9920654296875,5352.81787109375,3140.732177734375,683.5460205078125,3072.802490234375,1703.95556640625,692.5223999023438,725.2987670898438,161.53286743164062,3372.841796875,859.1467895507812,101.80393981933594,4557.5556640625,897.108154296875,2444.43994140625,1737.621337890625,919.0950927734375,720.75732421875,680.4678955078125,2246.255126953125,429.6571350097656,2226.01318359375,729.4546508789062,977.1621704101562,1545.9698486328125,181.80838012695312,628.0105590820312,389.65631103515625,1772.0218505859375,6418.5595703125,869.0809936523438,7585.595703125,908.1921997070312,111.50874328613281,112.96932220458984,114.56397247314453,1070.5848388671875,1140.010498046875,444.93304443359375,735.5330200195312,779.7781372070312,100.46904754638672,3026.575439453125,1341.59912109375,2360.324951171875,477.5025634765625,7483.3955078125,688.5782470703125,297.51861572265625
2021-11-23,1704.1456298828125,709.86328125,5387.140625,3067.82958984375,682.7990112304688,3064.461181640625,1733.3316650390625,698.016845703125,741.718505859375,162.34951782226562,3448.6962890625,873.7313842773438,105.62454986572266,4639.5185546875,901.8491821289062,2493.509765625,1742.555908203125,921.164794921875,720.8524780273438,686.9381713867188,2244.20849609375,437.479736328125,2231.2783203125,729.3091430664062,952.36669921875,1526.1990966796875,182.35958862304688,653.1500854492188,395.1261901855469,1792.7882080078125,6510.42626953125,869.5633544921875,7575.564453125,917.0947265625,114.3789291381836,113.0849380493164,119.07693481445312,1080.5941162109375,1142.8341064453125,451.01611328125,749.3226928710938,787.6455078125,102.79742431640625,3031.695068359375,1358.3548583984375,2356.771484375,486.7362976074219,7487.4541015625,696.9872436523438,296.94122314453125
2021-11-24,1751.2406005859375,742.7647094726562,5330.7919921875,3040.334716796875,682.3011474609375,3039.703369140625,1737.3834228515625,704.197998046875,741.718505859375,164.6973876953125,3412.157958984375,857.2757568359375,107.5855484008789,4561.01318359375,895.2487182617188,2433.791015625,1706.9886474609375,926.8361206054688,722.04150390625,678.8380126953125,2234.7021484375,439.3260498046875,2213.15185546875,737.4088745117188,941.740234375,1490.260498046875,179.28875732421875,653.1023559570312,400.8052978515625,1770.12109375,6342.8564453125,861.7008056640625,7397.55712890625,912.5693359375,115.9639663696289,118.2882308959961,119.9323501586914,1064.9910888671875,1152.9893798828125,451.1075744628906,743.3583984375,766.5379638671875,101.6289291381836,3013.361083984375,1338.8134765625,2345.0751953125,480.0074462890625,7408.59912109375,693.57568359375,294.03094482421875
2021-11-25,1759.123046875,742.1807250976562,5630.90283203125,3028.05615234375,677.072998046875,3025.9638671875,1733.4063720703125,699.1452026367188,747.826904296875,163.37033081054688,3365.119384765625,863.5125732421875,107.21363830566406,4675.07080078125,893.992919921875,2417.9140625,1726.335693359375,931.2657470703125,725.7990112304688,680.41845703125,2212.23681640625,434.418701171875,2189.20068359375,728.5331420898438,930.9679565429688,1513.4581298828125,182.1233367919922,650.8560791015625,405.52789306640625,1758.1461181640625,6437.54296875,859.7713623046875,7304.04345703125,916.9273071289062,115.83543395996094,119.56016540527344,120.49275970458984,1129.101806640625,1148.778564453125,448.729248046875,747.1278686523438,775.029052734375,101.21067810058594,3015.635986328125,1357.3101806640625,2366.74072265625,484.0349426269531,7439.3974609375,698.9573364257812,294.12335205078125
2021-11-26,1665.83154296875,698.0850219726562,5617.61962890625,3026.948486328125,658.99853515625,2975.02099609375,1664.9139404296875,667.8711547851562,722.0245361328125,153.87677001953125,3348.074462890625,927.56005859375,105.42167663574219,4809.48388671875,925.0089721679688,2334.93115234375,1651.4390869140625,919.0536499023438,708.6522827148438,662.4893798828125,2156.561767578125,405.2177429199219,2176.199951171875,700.548095703125,875.1661987304688,1486.4384765625,176.37539672851562,600.9114379882812,391.4197998046875,1689.954833984375,6248.17041015625,823.6420288085938,6916.29541015625,919.0405883789062,110.39494323730469,113.39329528808594,119.1654281616211,1092.709716796875,1119.898193359375,430.3885803222656,732.2405395507812,735.5963134765625,95.92011260986328,3016.468017578125,1329.5001220703125,2262.607177734375,452.0606384277344,7230.11328125,676.3731689453125,287.07861328125
2021-11-29,1661.34130859375,683.9217529296875,5657.0283203125,3028.103759765625,648.3927001953125,2942.546142578125,1685.6572265625,677.5550537109375,722.6109619140625,150.03854370117188,3322.930908203125,925.9287719726562,104.305908203125,4793.4619140625,914.63134765625,2315.264892578125,1645.4298095703125,938.178955078125,714.05078125,675.3311767578125,2123.651123046875,408.27874755859375,2170.887939453125,696.862060546875,869.0037231445312,1490.568115234375,174.4069061279297,597.9961547851562,402.43927001953125,1679.595458984375,6342.38671875,820.7960205078125,6896.03955078125,908.4336547851562,108.38153076171875,111.08074188232422,118.13306427001953,1105.799072265625,1125.7435302734375,425.4489440917969,716.7330322265625,734.9247436523438,96.13139343261719,3064.731201171875,1337.551513671875,2294.093994140625,453.2885437011719,7223.7578125,662.4862670898438,291.305419921875
2021-11-30,1659.1461181640625,665.670166015625,5617.76708984375,3027.477783203125,652.923828125,2890.89013671875,1720.28271484375,686.532470703125,711.7623291015625,151.07977294921875,3338.845703125,931.9736328125,102.78445434570312,4752.017578125,910.3965454101562,2274.061279296875,1624.421630859375,942.7325439453125,710.3883666992188,672.515869140625,2088.26904296875,401.08782958984375,2159.844482421875,692.9334106445312,856.92138671875,1504.8909912109375,174.13133239746094,581.5550537109375,390.94158935546875,1677.219482421875,6399.8564453125,806.0355834960938,6817.2353515625,915.7080688476562,109.02410888671875,109.53900909423828,121.96757507324219,1089.4488525390625,1149.8189697265625,421.2868347167969,719.16650390625,747.0135498046875,92.37582397460938,3088.49169921875,1341.7294921875,2344.7294921875,450.48895263671875,7268.24560546875,655.1343994140625,294.37744140625
2021-12-01,1689.5284423828125,689.1295776367188,5502.45361328125,3022.180908203125,676.774169921875,2899.142333984375,1734.8134765625,690.599365234375,705.898193359375,150.56935119628906,3329.193359375,890.57080078125,105.18501281738281,4628.70751953125,896.86474609375,2339.152587890625,1641.1793212890625,957.6768798828125,715.66796875,685.4070434570312,2087.330810546875,412.8945617675781,2185.28662109375,705.8832397460938,906.0755004882812,1506.867919921875,174.72190856933594,609.0841674804688,389.2378845214844,1697.415283203125,6496.18798828125,805.2637939453125,7015.40234375,927.4338989257812,109.40966796875,109.6546401977539,122.23306274414062,1117.3486328125,1154.0791015625,434.77935791015625,711.2935791015625,741.4488525390625,93.35459899902344,3131.06689453125,1381.900146484375,2329.627685546875,466.84442138671875,7159.56982421875,663.5914916992188,293.2455749511719
2021-12-02,1728.3916015625,719.4513549804688,5524.1337890625,3063.062744140625,673.2887573242188,2969.48974609375,1772.2584228515625,704.5120239257812,715.9649658203125,154.69345092773438,3369.922119140625,883.9501953125,107.7208023071289,4653.15478515625,907.845947265625,2351.863525390625,1684.4169921875,980.8589477539062,725.7039794921875,696.7177124023438,2108.219482421875,419.89111328125,2221.1201171875,700.7421264648438,917.6240844726562,1536.17236328125,177.51712036132812,618.2128295898438,391.409912109375,1700.45654296875,6530.537109375,819.590087890625,7065.27001953125,932.47314453125,110.26641845703125,111.00363159179688,126.53955841064453,1124.5272216796875,1177.064697265625,436.33441162109375,731.238525390625,741.8805541992188,95.9287338256836,3188.0380859375,1418.5018310546875,2355.587158203125,470.6263732910156,7160.15673828125,670.9913940429688,298.7890319824219
2021-12-03,1704.2955322265625,717.8453369140625,5365.56005859375,2995.5048828125,670.20166015625,2933.312255859375,1745.3673095703125,693.5967407226562,702.0864868164062,157.57211303710938,3346.61474609375,875.1226196289062,108.02507781982422,4633.43115234375,894.9468994140625,2355.701171875,1664.92333984375,969.8477172851562,719.9011840820312,682.5423583984375,2099.480224609375,412.651611328125,2184.16796875,694.8250122070312,923.0587158203125,1525.012939453125,174.5250244140625,616.1099243164062,381.43658447265625,1711.9090576171875,6436.650390625,807.4345092773438,6953.14111328125,923.7786865234375,108.80992126464844,112.4682388305664,121.58414459228516,1090.7393798828125,1155.1689453125,432.8126525878906,717.4487915039062,742.8880004882812,96.41166687011719,3185.89453125,1386.8616943359375,2338.560546875,471.60870361328125,7169.201171875,684.974365234375,295.9942321777344
2021-12-06,1641.9346923828125,704.2174682617188,5234.58984375,2926.02099609375,660.3428344726562,2899.321044921875,1685.9615478515625,682.068359375,681.8062744140625,156.57174682617188,3292.419189453125,858.7149658203125,106.44861602783203,4526.0458984375,875.9050903320312,2344.716796875,1622.7603759765625,940.9940185546875,715.2637329101562,675.87451171875,2063.287353515625,409.44488525390625,2149.546875,688.27734375,888.607177734375,1489.6456298828125,171.57232666015625,614.4849243164062,375.6578674316406,1694.231689453125,6161.47314453125,793.1563720703125,6793.17041015625,909.2034301757812,106.53947448730469,110.5025863647461,119.1654281616211,1070.0638427734375,1137.88037109375,425.63189697265625,703.4682006835938,717.2711181640625,95.6182861328125,3094.83642578125,1350.6949462890625,2295.1796875,458.9368591308594,7053.97412109375,688.6262817382812,288.487548828125
2021-12-07,1674.7115478515625,724.902587890625,5249.25830078125,2918.364990234375,684.1434326171875,2932.063232421875,1707.473388671875,696.9228515625,683.0278930664062,158.34791564941406,3271.70166015625,853.2457275390625,107.95342254638672,4504.6171875,880.1885986328125,2371.290283203125,1646.9930419921875,951.8397827148438,725.6800537109375,685.9503784179688,2098.92626953125,429.9972839355469,2163.61865234375,712.6248779296875,899.2822875976562,1504.01220703125,173.73765563964844,631.49951171875,386.0097351074219,1708.915283203125,6161.8017578125,796.8223876953125,6931.82470703125,924.8735961914062,107.39624786376953,112.4682388305664,121.40715789794922,1078.7825927734375,1148.431884765625,436.05999755859375,709.7188720703125,729.8397827148438,99.06771850585938,3136.930419921875,1372.368896484375,2349.71435546875,473.2785949707031,7136.88623046875,698.6210327148438,292.136962890625
2021-12-08,1711.678955078125,741.1586303710938,5267.876953125,2993.626953125,694.2014770507812,2972.74609375,1758.6358642578125,722.270751953125,698.9589233398438,159.71580505371094,3367.332275390625,861.5936279296875,108.13257598876953,4485.28369140625,889.923583984375,2403.66796875,1676.990966796875,970.0131225585938,739.0455932617188,678.0477294921875,2123.5234375,444.52484130859375,2181.32568359375,730.812744140625,917.3814086914062,1540.653564453125,177.12344360351562,643.2568359375,382.6819763183594,1734.5286865234375,6247.70068359375,811.1004638671875,7171.3212890625,931.3209838867188,109.02410888671875,114.39541625976562,120.8172378540039,1095.2008056640625,1158.6861572265625,449.64398193359375,722.93603515625,740.8251953125,101.15462493896484,3174.0361328125,1396.87158203125,2374.390380859375,485.1645812988281,7258.6630859375,699.7261962890625,296.4330749511719
2021-12-09,1718.4139404296875,749.2865600585938,5168.41455078125,3061.232666015625,691.0645751953125,2980.73095703125,1756.1357421875,730.0022583007812,697.7860717773438,160.7774658203125,3412.676025390625,858.283203125,109.3865966796875,4458.01123046875,894.5088500976562,2439.547119140625,1683.34228515625,967.488037109375,726.2271728515625,674.8372802734375,2149.357177734375,442.7757263183594,2180.53369140625,732.36474609375,918.448974609375,1549.5283203125,185.3516387939453,644.3560180664062,381.8649597167969,1786.56298828125,6208.51025390625,821.0853881835938,7158.63818359375,922.02880859375,107.99598693847656,113.58602142333984,119.87335205078125,1112.5701904296875,1150.6114501953125,446.9912109375,725.0357055664062,745.9581909179688,101.48663330078125,3152.02685546875,1402.442138671875,2342.409912109375,485.2137145996094,7268.3427734375,713.2767944335938,297.1259765625
2021-12-10,1736.5235595703125,747.2911376953125,5180.76171875,3161.82275390625,685.1890869140625,2984.07666015625,1767.56298828125,731.1991577148438,694.609619140625,162.08413696289062,3420.727783203125,857.70751953125,108.4192123413086,4389.34326171875,894.3238525390625,2424.869140625,1709.1871337890625,962.2304077148438,724.181884765625,676.417724609375,2154.387451171875,442.24127197265625,2174.056640625,735.2747802734375,916.8477172851562,1545.8380126953125,185.90280151367188,649.5656127929688,377.9593505859375,1780.4803466796875,6215.18408203125,829.3822021484375,7162.3994140625,921.33544921875,108.0816650390625,113.74018096923828,119.54888916015625,1113.7025146484375,1164.7296142578125,452.5254821777344,726.5625,738.4266357421875,101.7582778930664,3182.699951171875,1395.0001220703125,2309.048095703125,485.7048645019531,7274.7958984375,708.7118530273438,294.8393249511719
2021-12-13,1715.7198486328125,738.287109375,5142.63623046875,3158.644775390625,701.07275390625,2949.014404296875,1728.930419921875,708.264892578125,687.181640625,160.205810546875,3379.57470703125,855.2127685546875,106.77105712890625,4412.6708984375,895.5895385742188,2395.177490234375,1692.8203125,959.6639404296875,718.7596435546875,666.1937866210938,2127.232177734375,445.30224609375,2147.54248046875,731.3947143554688,910.8307495117188,1533.0091552734375,184.72177124023438,640.962646484375,373.2467346191406,1769.1707763671875,6363.10986328125,813.3674926757812,7249.9326171875,907.5538940429688,107.78179931640625,112.5068130493164,120.5812759399414,1091.3736572265625,1175.6776123046875,446.2137145996094,727.7552490234375,723.5075073242188,100.49061584472656,3158.93994140625,1425.9005126953125,2320.053466796875,486.5889587402344,7249.37451171875,711.5469360351562,298.14227294921875
2021-12-14,1716.2685546875,743.3975219726562,5147.87060546875,3175.642333984375,707.9441528320312,2936.702392578125,1708.9205322265625,693.26806640625,675.942138671875,159.91998291015625,3371.0048828125,859.338623046875,106.69940948486328,4533.44873046875,904.6917724609375,2386.303955078125,1682.609375,962.3546142578125,714.62158203125,661.3533935546875,2117.683349609375,448.65478515625,2160.54345703125,735.9053955078125,918.1093139648438,1539.5992431640625,179.9973907470703,640.7237548828125,366.73065185546875,1773.162353515625,6268.611328125,807.3380126953125,7227.50634765625,919.8318481445312,108.25302124023438,113.23912048339844,125.21219635009766,1078.0125732421875,1177.5599365234375,446.8997497558594,721.504638671875,709.4998168945312,100.65446472167969,3171.3232421875,1429.86083984375,2324.347412109375,480.74420166015625,7221.94921875,717.937744140625,298.835205078125
2021-12-15,1691.524169921875,725.6813354492188,5128.66015625,3179.92822265625,709.5374145507812,2939.2451171875,1662.7332763671875,671.8152465820312,669.9313354492188,156.9187774658203,3335.173095703125,859.4346923828125,106.12616729736328,4469.4560546875,895.686767578125,2391.964111328125,1665.411865234375,951.2191162109375,713.456298828125,664.6625366210938,2137.591064453125,445.3994140625,2163.012939453125,729.6972045898438,910.8307495117188,1523.826416015625,176.41477966308594,629.4443969726562,372.1108703613281,1787.513427734375,6273.8740234375,816.3582763671875,7299.6552734375,918.1249389648438,108.5528793334961,110.965087890625,123.79637145996094,1074.86474609375,1163.7884521484375,443.46942138671875,739.6842041015625,716.0238647460938,99.52045440673828,3124.547607421875,1428.9034423828125,2293.057373046875,482.9543762207031,7207.23486328125,711.1144409179688,293.9847106933594
2021-12-16,1698.259033203125,725.3406982421875,5140.265625,3176.701904296875,706.6992797851562,2902.35400390625,1666.98974609375,689.6329956054688,665.9730224609375,159.67495727539062,3353.0654296875,845.329833984375,107.30850219726562,4481.875,895.1124267578125,2370.666748046875,1678.016845703125,960.2020263671875,713.5037841796875,661.3533935546875,2106.855224609375,437.771240234375,2152.342041015625,718.9299926757812,900.883544921875,1556.689697265625,175.50926208496094,632.9334106445312,370.7857360839844,1780.9556884765625,6427.91064453125,823.2078857421875,7186.658203125,920.7092895507812,109.15261840820312,112.04430389404297,122.82298278808594,1088.7694091796875,1153.038818359375,440.130615234375,729.5208740234375,710.2194213867188,99.4471664428711,3134.392822265625,1438.5216064453125,2326.716064453125,483.2491149902344,7248.6904296875,705.3002319335938,297.63409423828125
2021-12-17,1641.6353759765625,704.7042236328125,4727.8037109375,3123.830810546875,686.0355224609375,2836.33349609375,1617.1748046875,677.0988159179688,650.9705200195312,157.08212280273438,3330.040283203125,825.3720703125,104.94379425048828,4394.2138671875,879.6531372070312,2359.0107421875,1627.6949462890625,969.8477172851562,700.6378173828125,648.6102905273438,2084.303955078125,437.4311218261719,2078.48486328125,706.4651489257812,856.92138671875,1599.96533203125,171.6116943359375,631.1171875,357.4448547363281,1755.4849853515625,6558.30908203125,805.1672973632812,7037.92529296875,912.2227172851562,107.5676040649414,107.4576644897461,123.85533142089844,1060.0318603515625,1131.9853515625,427.918701171875,733.8152465820312,696.8832397460938,97.62757873535156,3136.79931640625,1429.991455078125,2250.861328125,461.8837890625,7173.9912109375,687.7133178710938,309.87579345703125
2021-12-20,1586.4085693359375,683.0457153320312,4647.06005859375,3119.7373046875,671.5460815429688,2770.357666015625,1579.450439453125,650.9071044921875,643.3471069335938,146.99652099609375,3269.535400390625,857.611572265625,100.82342529296875,4293.89013671875,887.9766845703125,2308.59765625,1579.473876953125,960.3262939453125,678.0926513671875,625.8901977539062,2009.275146484375,420.86285400390625,2114.69140625,688.6653442382812,821.1112060546875,1580.6778564453125,167.24166870117188,614.2459716796875,347.22247314453125,1710.103271484375,6330.63916015625,785.583251953125,7028.279296875,902.7369995117188,104.3118667602539,103.29505157470703,123.79637145996094,1031.45263671875,1115.291015625,410.9044494628906,729.0437622070312,680.7647705078125,92.5267333984375,3112.776611328125,1390.99609375,2210.343017578125,439.1432189941406,7001.42138671875,680.69775390625,307.6353454589844
2021-12-21,1616.890625,706.3103637695312,4787.95458984375,3150.458984375,663.081298828125,2793.197509765625,1580.024169921875,645.3538818359375,651.8990478515625,148.7115020751953,3301.41259765625,850.8470458984375,103.65392303466797,4291.2119140625,899.6976928710938,2318.382568359375,1599.0162353515625,997.6663818359375,685.774169921875,630.9775390625,2001.3885498046875,432.86395263671875,2118.186279296875,698.7536010742188,831.8834228515625,1591.837158203125,167.3204345703125,629.2532348632812,346.03680419921875,1736.9046630859375,6556.5712890625,783.5573120117188,7055.8173828125,918.9568481445312,104.6974105834961,104.87529754638672,121.87911987304688,1046.806396484375,1124.7528076171875,407.97723388671875,742.9765014648438,677.0709838867188,95.2992172241211,3157.758544921875,1421.3740234375,2258.017333984375,445.5773620605469,7164.21337890625,705.0599365234375,319.1147766113281
2021-12-22,1654.40673828125,703.6334228515625,4716.791015625,3158.885498046875,666.5668334960938,2797.702880859375,1591.396484375,664.3536376953125,669.2471923828125,152.08016967773438,3293.17236328125,853.6776123046875,104.15556335449219,4444.91064453125,905.0714111328125,2385.728515625,1601.1170654296875,1012.40380859375,687.3912963867188,632.1135864257812,2002.58251953125,450.2581787109375,2122.659423828125,710.830322265625,846.0037231445312,1603.3480224609375,166.9267120361328,631.833984375,351.1878967285156,1778.1993408203125,6697.12060546875,789.8280639648438,7160.56689453125,917.5274658203125,104.99729919433594,105.45343780517578,123.0698013305664,1071.6490478515625,1113.904052734375,416.987548828125,761.0607299804688,685.9457397460938,97.3473129272461,3177.405517578125,1444.7017822265625,2269.960693359375,462.178466796875,7213.0029296875,724.9052734375,316.7357482910156
2021-12-23,1672.4664306640625,711.8587646484375,4817.5361328125,3147.136474609375,675.9776000976562,2831.828125,1613.75146484375,678.7323608398438,663.3829345703125,154.08096313476562,3347.415283203125,872.915771484375,105.8395004272461,4362.11962890625,914.086181640625,2379.396484375,1621.6368408203125,1016.25341796875,686.8681640625,632.7062377929688,2040.01123046875,448.26605224609375,2144.093994140625,709.375244140625,845.372802734375,1632.2569580078125,171.0998992919922,621.5584716796875,353.8182067871094,1785.2799072265625,6610.18798828125,797.6906127929688,7125.2646484375,918.3855590820312,106.71083068847656,108.3056411743164,127.22200775146484,1071.26416015625,1115.0433349609375,422.43023681640625,756.241455078125,697.2670288085938,97.24384307861328,3205.3662109375,1465.6357421875,2299.72021484375,463.9957580566406,7177.16845703125,725.3377075195312,320.8470764160156
2021-12-24,1694.41748046875,703.1954345703125,4782.91748046875,3163.412109375,664.7244873046875,2812.156005859375,1588.8665771484375,672.2814331054688,661.7214965820312,151.95767211914062,3334.890625,871.5245361328125,104.54965209960938,4331.68212890625,903.1536865234375,2338.7685546875,1574.05078125,1047.50830078125,684.3948364257812,629.5946044921875,2039.798095703125,445.93389892578125,2140.64599609375,705.3012084960938,835.7167358398438,1637.4415283203125,171.65106201171875,622.5620727539062,348.39813232421875,1767.1748046875,6735.22900390625,783.991455078125,7057.69775390625,919.1338500976562,103.88349151611328,106.76390838623047,125.42066192626953,1074.6837158203125,1137.5830078125,417.99371337890625,749.513671875,689.783447265625,96.19174194335938,3212.5419921875,1500.453125,2289.40576171875,459.32977294921875,7063.947265625,717.7455444335938,322.6487121582031
2021-12-27,1726.34619140625,703.97412109375,4780.49755859375,3151.4697265625,669.355224609375,2813.98486328125,1598.10302734375,676.0833129882812,660.4509887695312,152.87640380859375,3308.42822265625,892.5857543945312,104.65715026855469,4356.95751953125,922.2830810546875,2339.776123046875,1565.8917236328125,1049.1640625,690.0548095703125,631.9652709960938,2047.9407958984375,440.0062255859375,2144.79248046875,713.9343872070312,829.990966796875,1639.7698974609375,171.29673767089844,624.23486328125,353.3897399902344,1773.6376953125,6749.04443359375,789.6834106445312,7031.076171875,922.8703002929688,104.39755249023438,105.87743377685547,125.84809875488281,1073.528564453125,1151.205810546875,418.9999084472656,757.8159790039062,689.3517456054688,96.7393569946289,3234.595947265625,1553.7236328125,2301.10205078125,462.81695556640625,7083.74609375,727.1156005859375,323.179931640625
2021-12-28,1747.099853515625,709.86328125,4784.59716796875,3243.730224609375,672.6414794921875,2833.568115234375,1606.8603515625,677.643310546875,664.653564453125,155.32630920410156,3343.6953125,895.5123291015625,106.66360473632812,4407.75244140625,923.6265258789062,2379.54052734375,1584.84814453125,1062.9906005859375,694.811279296875,634.4843139648438,2061.411865234375,445.205078125,2151.969482421875,713.7403564453125,827.4677734375,1658.9693603515625,173.26519775390625,628.3450927734375,353.6786804199219,1805.2857666015625,6834.28564453125,809.122802734375,7038.74462890625,925.387451171875,106.32526397705078,107.53477478027344,125.54280090332031,1086.2781982421875,1166.7113037109375,421.8814697265625,777.8565063476562,697.4589233398438,97.2265853881836,3243.7412109375,1572.08984375,2349.023193359375,471.7069396972656,7241.2109375,732.06494140625,325.8823547363281
2021-12-29,1714.2232666015625,703.5361328125,4915.36767578125,3243.007568359375,667.7120971679688,2910.696044921875,1621.650634765625,678.1339111328125,661.5260009765625,155.61216735839844,3352.1240234375,897.671142578125,105.15874481201172,4501.50146484375,941.023193359375,2458.062255859375,1567.9437255859375,1069.6143798828125,691.5055541992188,636.9044799804688,2074.584228515625,441.4152526855469,2149.87255859375,713.6433715820312,844.3053588867188,1656.816650390625,170.6668243408203,626.9591064453125,351.5465393066406,1800.866455078125,6825.96826171875,803.3343505859375,7089.4794921875,927.5223388671875,105.51136016845703,107.0722427368164,124.93218231201172,1088.1353759765625,1174.686767578125,415.6611633300781,800.4735717773438,697.1710815429688,96.26074981689453,3233.370361328125,1555.3341064453125,2371.0341796875,467.5811767578125,7255.73046875,728.7973022460938,325.0739440917969
2021-12-30,1692.6214599609375,704.9962158203125,4909.58935546875,3241.32177734375,666.0689086914062,2855.649169921875,1613.516845703125,674.1553955078125,663.9694213867188,154.32594299316406,3365.590087890625,914.1748046875,104.76464080810547,4507.63720703125,954.9540405273438,2453.02587890625,1557.1953125,1090.4368896484375,695.1442260742188,633.1014404296875,2073.433349609375,436.9452209472656,2167.3466796875,713.6433715820312,859.2506103515625,1663.23095703125,170.07627868652344,617.3047485351562,349.7630920410156,1792.17041015625,6853.59912109375,800.05419921875,7024.083984375,927.8521728515625,108.7242431640625,108.3056411743164,125.39015197753906,1068.478759765625,1184.1484375,413.1913146972656,796.3224487304688,698.4663696289062,94.94564819335938,3267.544677734375,1566.736572265625,2405.72900390625,462.0802307128906,7232.5087890625,717.5534057617188,329.8782043457031
2021-12-31,1705.6422119140625,710.8854370117188,4951.71435546875,3257.93505859375,675.7285766601562,2898.874755859375,1637.3341064453125,684.5751342773438,668.3186645507812,157.38836669921875,3395.819580078125,905.8750610351562,104.65715026855469,4556.630859375,955.40185546875,2486.50634765625,1585.1412353515625,1092.1341552734375,703.658203125,641.6461181640625,2099.181884765625,462.1134338378906,2199.54541015625,717.9600219726562,861.9193115234375,1658.749755859375,171.69044494628906,627.0069580078125,357.90313720703125,1801.8646240234375,6890.7216796875,807.62744140625,7163.171875,942.155029296875,106.58232879638672,109.770263671875,124.81004333496094,1072.57763671875,1184.9410400390625,421.1954040527344,807.0582275390625,713.2896118164062,95.84680938720703,3271.57080078125,1558.5545654296875,2489.7265625,473.86798095703125,7422.04296875,717.9857788085938,330.4556579589844
2022-01-03,1713.3253173828125,717.017822265625,4929.09619140625,3295.9267578125,693.4545288085938,2923.721923828125,1694.72900390625,708.3483276367188,675.6488647460938,157.65380859375,3406.6962890625,892.82568359375,111.28556823730469,4530.38037109375,944.917236328125,2608.24658203125,1623.591064453125,1097.9710693359375,722.802490234375,642.5845947265625,2111.544921875,464.5428161621094,2200.617431640625,741.7739868164062,885.3560180664062,1668.1517333984375,172.51719665527344,637.6170654296875,363.5523986816406,1827.477783203125,7079.48388671875,800.5365600585938,7257.16650390625,940.8281860351562,107.95313262939453,110.27131652832031,125.1764144897461,1088.7467041015625,1198.21728515625,430.6629638671875,810.159912109375,717.6549072265625,98.52012634277344,3341.056396484375,1553.5496826171875,2491.158203125,488.7991638183594,7551.93505859375,734.41943359375,332.0032043457031
2022-01-04,1715.17138671875,719.5974731445312,4903.51513671875,3331.463134765625,706.201416015625,2934.47216796875,1710.1131591796875,720.4556884765625,681.6596069335938,157.59254455566406,3426.3779296875,886.8286743164062,109.63741302490234,4501.59912109375,941.470947265625,2595.0078125,1653.295654296875,1104.0150146484375,727.0357055664062,645.2023315429688,2118.620849609375,462.64788818359375,2237.848876953125,749.6795654296875,877.689453125,1668.766845703125,173.4226837158203,640.8192749023438,369.1617126464844,1841.4486083984375,7106.6435546875,802.5143432617188,7359.6015625,950.9212036132812,113.86485290527344,113.93291473388672,128.5959014892578,1113.3175048828125,1209.313720703125,442.2802429199219,799.423828125,708.8761596679688,99.06771850585938,3399.6904296875,1557.9017333984375,2549.5419921875,480.940673828125,7480.02294921875,732.06494140625,333.296630859375
2022-01-05,1711.629150390625,734.8313598632812,4912.05810546875,3396.46923828125,723.8775634765625,2996.388671875,1795.2373046875,752.61767578125,684.1519165039062,161.16537475585938,3446.38916015625,890.9545288085938,110.13903045654297,4439.99267578125,932.6995849609375,2665.614990234375,1707.08642578125,1085.2210693359375,744.3013305664062,645.597412109375,2136.61083984375,461.9190673828125,2251.40869140625,764.4238891601562,877.252685546875,1620.8780517578125,173.65892028808594,663.85595703125,383.020751953125,1851.95068359375,6876.71875,809.8945922851562,7499.7021484375,953.1539306640625,113.09376525878906,115.8985824584961,127.40519714355469,1118.5260009765625,1208.570556640625,450.4215393066406,796.9425659179688,703.839111328125,101.55131530761719,3378.8623046875,1512.4215087890625,2542.7802734375,481.0880126953125,7489.01806640625,734.707763671875,329.6009826660156
2022-01-06,1709.2843017578125,720.1328125,4903.36669921875,3384.76806640625,727.263427734375,3049.606201171875,1795.047607421875,760.2166137695312,694.3164672851562,161.61451721191406,3460.891845703125,884.6697998046875,110.81977081298828,4372.4931640625,922.779541015625,2702.597412109375,1681.192626953125,1063.8187255859375,732.36279296875,639.0283813476562,2128.085205078125,465.5631408691406,2228.668701171875,761.5138549804688,894.4784545898438,1597.28515625,172.2022247314453,644.212646484375,376.992919921875,1829.0460205078125,6758.44287109375,810.2322387695312,7602.66796875,939.3746948242188,112.15131378173828,116.24547576904297,125.75652313232422,1094.47607421875,1194.4522705078125,449.7812194824219,791.6939697265625,696.0197143554688,100.3138198852539,3332.04248046875,1472.8603515625,2562.274658203125,480.2039489746094,7292.4931640625,752.24658203125,326.02099609375
2022-01-07,1695.3153076171875,716.5311889648438,4960.060546875,3444.1396484375,727.5621337890625,3026.677734375,1772.133544921875,751.494140625,688.7455444335938,161.77784729003906,3519.513427734375,877.71337890625,112.46793365478516,4399.3271484375,916.7340698242188,2709.552490234375,1756.529052734375,1068.49658203125,737.4998168945312,652.2652587890625,2130.72802734375,479.5562438964844,2251.735107421875,769.4679565429688,895.01220703125,1594.2099609375,171.9660186767578,643.1611938476562,379.453857421875,1810.4180908203125,6771.7880859375,799.7648315429688,7625.720703125,951.5810546875,112.53687286376953,121.0633316040039,125.29853820800781,1103.30810546875,1206.1431884765625,449.36956787109375,791.0737915039062,706.2376708984375,100.0637435913086,3372.3427734375,1483.0880126953125,2539.375244140625,481.9229736328125,7389.6806640625,758.2049560546875,328.6771545410156
2022-01-10,1748.6961669921875,719.2081298828125,5002.9267578125,3422.182373046875,739.7113647460938,3064.68408203125,1776.3153076171875,758.553466796875,688.9898071289062,162.3290557861328,3548.659423828125,879.1046142578125,115.15511322021484,4349.74951171875,914.9136352539062,2701.014404296875,1796.786376953125,1066.4678955078125,741.5902709960938,654.883056640625,2198.08349609375,478.9732360839844,2243.25390625,786.443359375,893.653564453125,1626.2381591796875,175.82423400878906,642.4442749023438,388.16180419921875,1856.2274169921875,6676.021484375,812.2581176757812,7837.53564453125,942.264892578125,112.96527099609375,122.06546783447266,124.56578826904297,1104.2137451171875,1217.7349853515625,460.7124328613281,788.9265747070312,702.2081298828125,100.81399536132812,3395.402587890625,1493.663818359375,2623.07666015625,494.791259765625,7416.2744140625,789.58251953125,320.3620300292969
2022-01-11,1839.79296875,744.76025390625,4996.80224609375,3407.97705078125,740.1595458984375,3066.156005859375,1776.3851318359375,752.5243530273438,687.5238647460938,159.71580505371094,3525.1640625,878.86474609375,113.61444091796875,4399.1806640625,909.1113891601562,2680.724609375,1804.65234375,1112.460205078125,744.8008422851562,650.1414794921875,2189.68505859375,472.6083068847656,2240.0849609375,786.3463745117188,890.8392333984375,1630.4998779296875,174.76124572753906,617.209228515625,385.9399719238281,1863.8779296875,6742.37255859375,811.7275390625,7855.138671875,944.8444213867188,113.35081481933594,124.06968688964844,124.4742431640625,1112.1627197265625,1221.995361328125,462.81634521484375,794.3660278320312,708.684326171875,97.4680404663086,3426.950927734375,1512.0733642578125,2618.980712890625,492.4337158203125,7436.9541015625,787.6124877929688,320.662353515625
2022-01-12,1826.0235595703125,743.25146484375,4952.703125,3412.841064453125,743.7445678710938,3069.14501953125,1789.93798828125,762.7921752929688,713.668212890625,158.71543884277344,3484.528564453125,869.509521484375,114.18770599365234,4376.14501953125,913.8135986328125,2701.398193359375,1831.132568359375,1119.497314453125,740.401123046875,665.0577392578125,2208.6552734375,483.88055419921875,2248.938720703125,799.0536499023438,913.7421875,1649.6990966796875,175.39117431640625,628.0584106445312,389.8854675292969,1876.28076171875,6739.1767578125,849.4968872070312,7881.0849609375,942.2218627929688,114.67882537841797,127.15310668945312,125.14588928222656,1141.851318359375,1237.847412109375,466.749755859375,797.9923706054688,706.2376708984375,98.92974090576172,3377.943359375,1506.2415771484375,2579.103515625,498.27850341796875,7488.18701171875,790.3514404296875,319.3688659667969
2022-01-13,1849.221923828125,751.6715087890625,4922.03515625,3328.525634765625,737.6202392578125,3078.869384765625,1818.8499755859375,766.11328125,715.2318725585938,161.08370971679688,3530.531494140625,886.6367797851562,118.05728912353516,4470.7705078125,920.1510620117188,2717.514892578125,1814.3746337890625,1104.6773681640625,726.7741088867188,662.1929931640625,2211.298583984375,493.16070556640625,2249.917236328125,799.9752197265625,899.718994140625,1666.7020263671875,176.3360137939453,657.499267578125,383.8576354980469,1918.28857421875,6703.32275390625,864.4020385742188,7790.70654296875,942.57080078125,115.62124633789062,126.38226318359375,127.0082778930664,1148.2828369140625,1247.061279296875,467.7559814453125,825.9536743164062,700.5770874023438,105.30686950683594,3411.19873046875,1496.1009521484375,2585.322265625,502.8953552246094,7437.4423828125,808.2265625,300.1517333984375
2022-01-14,1866.0843505859375,759.3613891601562,4912.84912109375,3240.0703125,718.69921875,3062.632080078125,1817.322998046875,768.4533081054688,704.2854614257812,162.69659423828125,3495.68798828125,884.1900024414062,118.05728912353516,4496.630859375,912.995849609375,2705.043701171875,1814.814453125,1107.1197509765625,734.9313354492188,663.2796630859375,2190.921142578125,492.0431823730469,2202.853759765625,795.416015625,892.8771362304688,1695.3031005859375,175.27308654785156,652.5765991210938,386.2189636230469,1943.33154296875,6652.337890625,850.1239013671875,7797.60302734375,927.5462646484375,115.9639663696289,124.14677429199219,126.85563659667969,1149.95849609375,1251.9158935546875,465.01177978515625,820.4664306640625,731.5667114257812,104.65580749511719,3472.677001953125,1512.595703125,2559.165771484375,500.8816223144531,7489.99560546875,792.513671875,295.5553894042969
2022-01-17,1873.6175537109375,758.3394165039062,4851.31591796875,3253.79345703125,709.6868286132812,3113.44091796875,1833.3807373046875,770.4548950195312,712.1044311523438,163.55406188964844,3451.521728515625,873.3475952148438,117.30484008789062,4510.0234375,909.7247924804688,2728.643310546875,1874.8099365234375,1042.167724609375,723.6824951171875,665.94677734375,2303.2939453125,491.6545104980469,2226.94482421875,794.7369995117188,893.3138427734375,1704.2220458984375,176.8478546142578,668.5396728515625,386.0694885253906,1966.7589111328125,6675.50341796875,869.0327758789062,7972.47607421875,924.34521484375,117.03492736816406,127.84689331054688,126.00079345703125,1155.959716796875,1276.0408935546875,470.1800842285156,814.2156982421875,734.0611572265625,106.04850769042969,3517.308837890625,1499.234619140625,2563.9033203125,515.7145385742188,7694.88037109375,792.6098022460938,298.7197570800781
2022-01-18,1836.8494873046875,742.6673583984375,4559.0068359375,3249.02685546875,722.1846313476562,3034.21630859375,1811.7191162109375,759.7996215820312,698.177001953125,162.55368041992188,3410.79248046875,865.62353515625,115.22676849365234,4409.50537109375,913.8427734375,2624.987060546875,1809.8798828125,1009.8785400390625,727.36865234375,660.9581909179688,2295.9189453125,481.985595703125,2208.25927734375,798.4230346679688,873.0796508789062,1687.74658203125,173.8163604736328,650.1868896484375,387.0060729980469,1921.9000244140625,6456.05712890625,860.6878051757812,7634.54638671875,926.5636596679688,115.66409301757812,126.30516052246094,125.2680435180664,1142.1683349609375,1254.1947021484375,463.5939025878906,808.0127563476562,701.7763671875,103.03888702392578,3492.323974609375,1445.572265625,2566.9140625,501.76568603515625,7387.67578125,767.9593505859375,292.55267333984375
2022-01-19,1845.1810302734375,724.415771484375,4460.384765625,3159.174560546875,726.5662841796875,3066.20068359375,1804.1094970703125,742.9042358398438,687.7681274414062,161.02244567871094,3367.23828125,859.3866577148438,117.44818115234375,4365.04150390625,912.1683349609375,2608.150634765625,1765.1763916015625,992.8643188476562,722.2317504882812,648.0670166015625,2301.8447265625,490.5369873046875,2152.71484375,784.3577270507812,866.8687133789062,1640.560546875,173.50144958496094,644.8817749023438,379.73284912109375,1920.6646728515625,6293.986328125,862.8584594726562,7731.5322265625,905.40234375,115.49272918701172,131.23867797851562,124.96273803710938,1142.077880859375,1236.5592041015625,471.82659912109375,800.1873779296875,688.5362548828125,104.31085968017578,3431.876953125,1453.7108154296875,2555.365234375,511.637939453125,7268.88037109375,781.5579833984375,286.9400329589844
2022-01-20,1861.694091796875,718.3806762695312,4587.64892578125,3184.213623046875,725.8692626953125,2951.958740234375,1722.4384765625,738.82763671875,699.203369140625,160.49163818359375,3395.018798828125,846.6251831054688,118.27226257324219,4217.2353515625,893.983154296875,2622.63671875,1789.1160888671875,981.3007202148438,717.737060546875,641.5473022460938,2310.071533203125,489.1765441894531,2107.88818359375,785.9583129882812,851.292724609375,1602.469482421875,172.2416229248047,652.3854370117188,377.1324157714844,1904.1275634765625,6208.83935546875,849.4486083984375,7751.44970703125,895.7014770507812,115.57840728759766,128.61776733398438,131.06887817382812,1122.0814208984375,1227.24609375,467.80169677734375,782.5326538085938,694.1009521484375,104.06077575683594,3354.6416015625,1450.925537109375,2531.083984375,506.5790100097656,7299.28759765625,776.9450073242188,284.19140625
2022-01-21,1824.2774658203125,704.6555786132812,4633.92333984375,3153.829833984375,709.5374145507812,3051.03369140625,1630.2484130859375,723.4727172851562,679.5094604492188,155.857177734375,3407.402587890625,832.3284301757812,113.75777435302734,4070.7919921875,875.4086303710938,2600.85986328125,1751.105712890625,975.1224365234375,723.7300415039062,633.6446533203125,2344.73046875,492.38330078125,2167.159912109375,780.3807373046875,828.8749389648438,1569.0791015625,170.9030303955078,636.8524169921875,377.3615417480469,1859.0311279296875,6008.9873046875,844.3355102539062,7899.26708984375,907.1834106445312,114.89299774169922,126.1509780883789,131.3436737060547,1122.2625732421875,1229.17822265625,459.8434753417969,771.796630859375,697.0751342773438,100.87005615234375,3360.73486328125,1387.0792236328125,2495.402099609375,492.9739990234375,7193.83935546875,756.2348022460938,279.9576721191406
2022-01-24,1711.978271484375,683.7758178710938,4442.8046875,3038.552978515625,701.6702270507812,3017.57763671875,1567.569091796875,680.10595703125,674.2805786132812,152.3455810546875,3318.45751953125,855.9803466796875,112.00214385986328,3951.18359375,849.7469482421875,2548.3837890625,1652.0252685546875,939.1801147460938,707.1064453125,619.9631958007812,2307.301025390625,464.8829345703125,2129.13671875,774.5120849609375,826.109130859375,1526.111083984375,166.7692413330078,594.3637084960938,364.8376159667969,1805.666015625,5609.8486328125,824.5585327148438,7766.833984375,894.9197387695312,113.60785675048828,127.73125457763672,130.67198181152344,1076.99365234375,1213.6729736328125,452.0223388671875,764.2576293945312,663.3991088867188,94.79042053222656,3306.249267578125,1317.09619140625,2371.922607421875,469.9878845214844,6996.67919921875,732.8818359375,265.0123596191406
2022-01-25,1737.5213623046875,692.1957397460938,4430.8037109375,3030.80078125,749.0723266601562,3095.017822265625,1549.784912109375,683.2456665039062,695.733642578125,156.20423889160156,3333.0068359375,868.9818725585938,115.47757720947266,3943.9755859375,857.242919921875,2582.536376953125,1681.9254150390625,938.17822265625,707.7723999023438,623.1242065429688,2371.970458984375,472.0252685546875,2168.884521484375,777.6161499023438,858.1344604492188,1513.2384033203125,168.7377166748047,603.3012084960938,369.5702209472656,1829.80615234375,5670.98291015625,824.3655395507812,8297.6240234375,898.4099731445312,115.92113494873047,127.30728149414062,133.63348388671875,1074.887451171875,1216.6451416015625,470.774658203125,771.1286010742188,679.037841796875,95.6441650390625,3304.978271484375,1306.17236328125,2345.71630859375,481.87384033203125,6940.3125,760.3192138671875,260.36224365234375
2022-01-27,1682.2445068359375,690.2490234375,4239.4375,3001.7646484375,770.6322631835938,3123.567138671875,1532.90869140625,670.8096313476562,691.2378540039062,156.0613250732422,3290.488525390625,890.0430297851562,115.047607421875,3837.467529296875,828.7191162109375,2536.344482421875,1648.458740234375,899.8145751953125,701.54150390625,613.9374389648438,2314.8037109375,475.3291931152344,2139.155029296875,770.8259887695312,861.8707885742188,1474.971435546875,168.97393798828125,598.4739990234375,376.4648742675781,1816.0728759765625,5399.8935546875,827.790283203125,8507.51171875,879.0321044921875,115.66409301757812,127.73125457763672,131.1909942626953,1058.9674072265625,1200.4464111328125,483.8555603027344,774.99365234375,677.3108520507812,93.85476684570312,3199.207763671875,1258.298583984375,2280.127197265625,485.6557312011719,6942.6103515625,741.867431640625,252.0567626953125
2022-01-28,1689.927490234375,691.2710571289062,4423.49560546875,2995.89013671875,761.5203857421875,3120.087646484375,1516.8311767578125,673.7776489257812,699.5941772460938,156.18382263183594,3305.085205078125,894.5048217773438,115.83586883544922,3838.295166015625,821.369140625,2504.781982421875,1658.1812744140625,902.06884765625,695.9765625,612.9002075195312,2278.27001953125,476.4952697753906,2128.15771484375,757.7307739257812,876.864501953125,1481.649169921875,171.3361053466797,600.3380126953125,378.2682189941406,1803.4326171875,5555.76171875,838.9813232421875,8247.8056640625,878.9818725585938,120.07645416259766,130.1209259033203,128.3516387939453,1057.9482421875,1194.4027099609375,478.8244323730469,789.546875,688.7760620117188,93.53569030761719,3234.975341796875,1227.876953125,2285.605712890625,488.50445556640625,6951.556640625,759.4542236328125,255.48077392578125
2022-01-31,1711.1302490234375,697.257568359375,4402.50634765625,3035.760498046875,769.835693359375,3180.264404296875,1565.8126220703125,686.8269653320312,712.7885131835938,162.12493896484375,3329.239990234375,906.7385864257812,114.51020050048828,3931.216064453125,837.7630004882812,2537.92724609375,1687.983642578125,917.8901977539062,706.6546020507812,614.8758544921875,2322.733154296875,475.23199462890625,2119.025146484375,765.1513671875,846.34326171875,1525.5841064453125,173.3833465576172,601.1983032226562,370.08831787109375,1814.5048828125,5892.9677734375,854.5617065429688,8292.5126953125,885.5391235351562,121.70435333251953,133.05015563964844,131.52684020996094,1080.933837890625,1221.8466796875,492.4084777832031,796.3701171875,697.794677734375,93.61331176757812,3275.478271484375,1287.37109375,2329.7265625,508.5928039550781,7055.73388671875,746.2401123046875,264.9429931640625
2022-02-01,1743.009033203125,719.1107788085938,4456.53271484375,3078.134033203125,778.6488647460938,3153.32080078125,1587.199951171875,688.2348022460938,706.6800537109375,154.69345092773438,3443.47021484375,908.0819091796875,116.8390884399414,4001.5888671875,839.057861328125,2515.574462890625,1730.83056640625,945.7760009765625,712.0293579101562,616.3082275390625,2324.82177734375,496.5617980957031,2148.75390625,786.0068359375,895.0607299804688,1557.085205078125,179.32814025878906,625.4296875,375.0799255371094,1891.7723388671875,5916.51025390625,839.0294799804688,8255.9580078125,892.7181396484375,120.93323516845703,131.7782440185547,130.03082275390625,1077.3558349609375,1203.7158203125,486.9198913574219,851.0042724609375,706.2376708984375,100.66740417480469,3331.93603515625,1310.6551513671875,2400.300537109375,495.3806457519531,7348.90869140625,754.4088745117188,266.81695556640625
2022-02-02,1775.38671875,725.3892211914062,4608.88525390625,3079.530029296875,800.756591796875,3153.8115234375,1667.254150390625,711.080810546875,708.634765625,156.02049255371094,3409.9921875,913.2633056640625,117.41234588623047,4109.99560546875,859.6766967773438,2561.191162109375,1737.426025390625,977.6273803710938,728.2960815429688,636.3118286132812,2304.060791015625,499.4284973144531,2169.48974609375,789.3533935546875,946.5438842773438,1570.3094482421875,182.79263305664062,630.7348022460938,387.09576416015625,1884.3592529296875,6011.76025390625,838.69189453125,8213.3720703125,884.5399780273438,120.93323516845703,132.04808044433594,130.67198181152344,1079.552490234375,1208.818115234375,493.7805480957031,849.9544067382812,712.3301391601562,100.6803207397461,3380.63525390625,1290.8092041015625,2432.083251953125,497.4434814453125,7275.333984375,755.3218383789062,272.068603515625
2022-02-03,1747.9478759765625,713.0269165039062,4585.67431640625,3084.635009765625,796.2254028320312,3230.62744140625,1631.5357666015625,697.6587524414062,705.311767578125,153.95843505859375,3354.7607421875,914.1748046875,115.58505249023438,4151.6845703125,851.7523803710938,2562.246337890625,1693.0645751953125,965.7716674804688,720.75732421875,626.6805419921875,2371.50146484375,498.16522216796875,2141.764404296875,784.697265625,930.0460205078125,1527.649169921875,184.6036376953125,624.3304443359375,380.41033935546875,1837.7421875,5825.25390625,826.005615234375,8288.9931640625,875.2622680664062,120.49234008789062,129.1188201904297,129.02333068847656,1065.6025390625,1174.240966796875,494.054931640625,843.1788940429688,708.156494140625,100.60271453857422,3352.932373046875,1265.8714599609375,2442.89111328125,495.5771179199219,7211.1455078125,743.3569946289062,267.5572814941406
2022-02-04,1753.3858642578125,707.6244506835938,4630.2197265625,3117.041015625,795.2296142578125,3180.888916015625,1617.329345703125,702.34375,703.8945922851562,153.3867950439453,3354.38427734375,907.7939453125,114.94013214111328,4192.64111328125,847.3325805664062,2524.400634765625,1695.6051025390625,971.65771484375,724.87158203125,616.7528076171875,2320.558837890625,510.31207275390625,2149.6396484375,780.914306640625,927.81396484375,1529.8896484375,184.4855194091797,628.3450927734375,375.45855712890625,1851.3328857421875,5903.916015625,812.0169677734375,8247.4208984375,876.4597778320312,118.33204650878906,130.7376251220703,128.0463104248047,1055.8875732421875,1161.26220703125,485.09039306640625,853.1036987304688,704.031005859375,101.43920135498047,3344.428466796875,1260.5616455078125,2439.140380859375,491.74609375,7274.01416015625,737.3025512695312,264.54974365234375
2022-02-07,1727.94287109375,696.13818359375,4420.08740234375,3057.380615234375,786.3168334960938,3101.173583984375,1567.9884033203125,679.9932250976562,690.5047607421875,152.08016967773438,3247.59375,895.5123291015625,115.33423614501953,4092.318115234375,839.0090942382812,2495.572509765625,1673.18017578125,966.2725830078125,698.3072509765625,595.9094848632812,2257.722412109375,507.83404541015625,2103.9736328125,762.8233642578125,905.4932250976562,1506.95556640625,181.25723266601562,622.4187622070312,364.34942626953125,1791.0299072265625,5758.85546875,800.2471923828125,8209.8984375,864.0816040039062,119.16969299316406,132.66476440429688,130.45828247070312,1049.4561767578125,1133.4219970703125,487.7889709472656,846.5189819335938,676.20751953125,102.01698303222656,3312.95556640625,1257.1669921875,2377.9931640625,485.8522033691406,7303.052734375,727.1156005859375,257.7248229980469
2022-02-08,1712.1778564453125,698.7177124023438,4345.3681640625,3097.4912109375,795.2296142578125,3085.694580078125,1595.712890625,692.1986694335938,692.8505249023438,154.1013641357422,3270.9951171875,909.6650390625,114.6176986694336,4166.3916015625,841.4915771484375,2483.868408203125,1678.5054931640625,970.1130981445312,695.3106689453125,593.1436157226562,2278.099365234375,511.9154052734375,2110.2646484375,768.740478515625,910.005859375,1508.976806640625,182.08399963378906,630.9738159179688,362.2272033691406,1782.5712890625,5774.1748046875,802.707275390625,8294.5869140625,864.7698974609375,119.0374526977539,128.69483947753906,128.26007080078125,1067.09716796875,1120.690673828125,486.0509338378906,853.246826171875,668.8198852539062,105.1732177734375,3281.790283203125,1248.3756103515625,2411.996826171875,484.0349426269531,7256.12109375,729.0856323242188,259.2286376953125
2022-02-09,1779.178466796875,713.95166015625,4520.9306640625,3109.048095703125,800.507568359375,3179.283203125,1622.52392578125,698.3161010742188,703.0637817382812,153.3663787841797,3312.33642578125,929.0471801757812,120.81615447998047,4216.94287109375,850.6036376953125,2518.884033203125,1699.9044189453125,985.9344482421875,712.3147583007812,592.8966674804688,2326.612548828125,526.9774169921875,2122.659423828125,778.731689453125,938.5861206054688,1526.55078125,181.2178497314453,633.7936401367188,365.6546630859375,1795.11669921875,5912.09228515625,810.56982421875,8632.1787109375,867.0602416992188,119.08153533935547,126.38226318359375,127.83259582519531,1079.52978515625,1115.291015625,489.618408203125,852.6217651367188,671.7941284179688,105.41036987304688,3296.781494140625,1266.306640625,2452.614013671875,492.3846130371094,7336.97998046875,740.4739379882812,263.2541198730469
2022-02-10,1782.121826171875,711.6154174804688,4534.16552734375,3119.063720703125,806.432861328125,3184.457763671875,1636.0767822265625,700.2440185546875,707.6573486328125,152.97323608398438,3328.533935546875,935.5718994140625,120.4219970703125,4201.65087890625,850.9832763671875,2532.986572265625,1728.0946044921875,993.8245849609375,725.3947143554688,598.8729858398438,2331.0888671875,531.78759765625,2127.78515625,781.3507080078125,943.632568359375,1554.932373046875,182.87136840820312,642.8744506835938,372.071044921875,1806.7115478515625,5937.185546875,822.9666748046875,8493.28515625,867.2896728515625,120.31600189208984,130.35220336914062,129.4812774658203,1078.420166015625,1135.651123046875,494.46661376953125,860.172119140625,678.0304565429688,107.65250396728516,3305.37255859375,1278.2314453125,2459.572265625,498.4749755859375,7308.087890625,740.0894165039062,265.4288024902344
2022-02-11,1760.370361328125,704.4608154296875,4459.34716796875,3097.443115234375,800.4578247070312,3182.048583984375,1608.0830078125,687.9404296875,698.9589233398438,152.93186950683594,3277.681396484375,919.6920166015625,119.3113021850586,4179.73583984375,842.163330078125,2492.502197265625,1671.030517578125,971.5744018554688,722.4220581054688,588.1055908203125,2317.873046875,527.3661499023438,2104.346923828125,767.0914306640625,953.3857421875,1512.5355224609375,183.02883911132812,641.7752075195312,364.3095397949219,1778.43701171875,5638.748046875,823.5455322265625,8427.40625,851.767822265625,120.93321990966797,129.61985778808594,126.88614654541016,1076.314208984375,1122.82080078125,484.4501037597656,846.5139770507812,672.5616455078125,108.17852783203125,3239.271484375,1240.280517578125,2410.61474609375,490.0270690917969,7160.5478515625,723.8480834960938,259.7839050292969
2022-02-14,1660.2437744140625,677.2538452148438,4431.1494140625,3027.284912109375,770.1343994140625,3111.8349609375,1564.27587890625,665.8009033203125,674.0850830078125,149.6832733154297,3199.94287109375,916.23779296875,115.83586883544922,4166.73291015625,818.643310546875,2466.264892578125,1605.36767578125,957.1723022460938,700.947021484375,550.5186157226562,2258.106201171875,506.5221862792969,2076.900634765625,731.103759765625,913.7906494140625,1478.1346435546875,176.9430389404297,598.9041748046875,348.0892333984375,1709.7706298828125,5531.13916015625,795.9541015625,8069.798828125,844.8375244140625,116.83305358886719,128.11668395996094,123.25298309326172,1059.1712646484375,1086.1630859375,458.6542663574219,831.8460083007812,666.1334838867188,102.34899139404297,3273.2861328125,1210.0333251953125,2366.938232421875,463.1116638183594,6931.2685546875,693.57568359375,250.6455078125
2022-02-15,1740.364990234375,701.4432373046875,4606.02099609375,3143.95849609375,793.6362915039062,3202.166748046875,1634.245361328125,700.7394409179688,695.4404296875,152.66287231445312,3275.185791015625,884.5258178710938,117.26905059814453,4213.3876953125,832.8468017578125,2613.2353515625,1672.9359130859375,975.6235961914062,721.9226684570312,566.6202392578125,2369.07177734375,518.7661743164062,2134.26220703125,752.7836303710938,941.060791015625,1527.38525390625,179.80538940429688,612.3820190429688,361.2906799316406,1782.9991455078125,5735.3603515625,824.4619750976562,8317.01171875,869.5487670898438,119.34607696533203,126.53642272949219,124.2299575805664,1095.1329345703125,1109.59423828125,480.0593566894531,843.3399047851562,673.5210571289062,104.15132141113281,3346.97021484375,1253.11962890625,2463.570068359375,495.0859680175781,7127.98876953125,715.6793212890625,260.6629943847656
2022-02-16,1734.228759765625,721.0575561523438,4528.38818359375,3132.642578125,793.73583984375,3200.11474609375,1623.9859619140625,693.532958984375,705.4583129882812,154.8148193359375,3260.21240234375,895.3203735351562,117.41234588623047,4349.1162109375,840.420654296875,2596.398681640625,1681.9254150390625,974.9972534179688,720.9475708007812,579.215087890625,2376.0205078125,514.3447265625,2130.90673828125,741.1433715820312,939.7992553710938,1523.035888671875,179.6038360595703,609.8489379882812,364.6682434082031,1768.4102783203125,5641.61376953125,833.771728515625,8278.671875,871.3034057617188,117.45028686523438,129.92820739746094,123.19448852539062,1092.8682861328125,1111.77392578125,472.64990234375,835.693359375,672.5616455078125,102.77586364746094,3342.8505859375,1256.9058837890625,2455.822021484375,489.6341552734375,7019.06884765625,707.1261596679688,260.9175109863281
2022-02-17,1727.0946044921875,714.6817016601562,4508.53564453125,3145.162353515625,779.5451049804688,3209.393798828125,1614.879150390625,694.8919067382812,700.7669677734375,154.35955810546875,3262.190185546875,890.6187744140625,116.8390884399414,4326.763671875,837.41259765625,2612.035888671875,1672.1053466796875,971.0316162109375,716.5479125976562,585.3890380859375,2381.68994140625,517.5029296875,2150.52490234375,727.8540649414062,927.5713500976562,1515.567138671875,179.523193359375,610.0401000976562,362.1275939941406,1776.013427734375,5577.048828125,831.8422241210938,8249.2529296875,866.62744140625,117.05349731445312,132.3949737548828,123.6337890625,1106.704833984375,1115.9351806640625,469.2195739746094,829.6337890625,691.1265869140625,102.70256042480469,3317.51416015625,1259.9957275390625,2460.90478515625,491.10760498046875,6889.07958984375,698.7171630859375,261.38018798828125
2022-02-18,1732.4326171875,708.1598510742188,4416.53173828125,3138.035888671875,784.1260986328125,3240.485595703125,1606.4312744140625,689.755615234375,696.4177856445312,154.42166137695312,3278.71728515625,872.2921142578125,119.88457489013672,4240.2705078125,841.3358154296875,2589.49169921875,1683.34228515625,972.6596069335938,719.3303833007812,583.7591552734375,2365.14990234375,514.63623046875,2155.184326171875,726.4476928710938,927.1345825195312,1499.88232421875,178.9185028076172,604.9261474609375,363.9708251953125,1789.69921875,5507.9248046875,821.9537353515625,8265.3125,861.0478515625,116.70079040527344,129.4271697998047,122.81791687011719,1098.05419921875,1139.8616943359375,471.3692321777344,829.9703979492188,688.3922729492188,102.68963623046875,3326.018798828125,1251.6395263671875,2456.710205078125,484.4278259277344,6762.609375,696.698974609375,260.24658203125
2022-02-21,1681.4464111328125,692.1957397460938,4372.18359375,3131.48681640625,785.5699462890625,3193.512939453125,1598.01806640625,687.4253540039062,693.8766479492188,152.60079956054688,3272.690185546875,870.5170288085938,119.07205200195312,4147.6416015625,836.8771362304688,2589.251708984375,1653.7352294921875,972.4510498046875,723.9677734375,574.9180908203125,2364.539794921875,497.5335388183594,2138.642578125,731.8312377929688,924.3203125,1520.7510986328125,175.77389526367188,595.6063842773438,364.0804443359375,1771.4991455078125,5508.5361328125,811.4381103515625,8307.3681640625,865.676025390625,116.34809112548828,127.28495788574219,124.3554916381836,1086.9576416015625,1124.2574462890625,468.2133483886719,811.6473388671875,684.2667846679688,101.91780853271484,3260.706298828125,1234.44873046875,2422.55810546875,485.7048645019531,6661.755859375,676.7095947265625,264.1101379394531
2022-02-22,1663.9853515625,686.7932739257812,4519.74609375,3107.892333984375,775.9103393554688,3212.4267578125,1615.70263671875,687.9159545898438,683.4188842773438,147.03472900390625,3286.34521484375,876.4180297851562,118.11178588867188,4115.0126953125,821.3496704101562,2614.67431640625,1645.625244140625,959.7605590820312,718.5454711914062,565.7806396484375,2379.920654296875,501.61492919921875,2115.4833984375,728.7756958007812,911.364501953125,1523.958251953125,173.2340545654297,594.554931640625,366.9996643066406,1752.96630859375,5630.47802734375,823.15966796875,8317.109375,865.9103393554688,116.48036193847656,128.49237060546875,124.3554916381836,1082.0208740234375,1090.7698974609375,455.9100036621094,813.5230102539062,686.1856079101562,98.19673919677734,3144.10791015625,1229.53076171875,2418.363525390625,469.7913818359375,6599.27734375,666.3303833007812,261.033203125
2022-02-23,1684.9385986328125,687.912841796875,4554.0673828125,3117.57080078125,773.9684448242188,3194.2265625,1610.1287841796875,691.17333984375,688.4522705078125,147.77964782714844,3306.497802734375,877.8573608398438,117.0776596069336,4072.93505859375,817.9326171875,2596.59033203125,1631.6033935546875,962.6409301757812,713.8843383789062,562.1256103515625,2327.328857421875,504.04425048828125,2106.5830078125,722.2764892578125,922.6219482421875,1531.4273681640625,174.12095642089844,587.5770874023438,375.837158203125,1730.0142822265625,5555.9970703125,820.3136596679688,8390.4619140625,857.0963134765625,114.80500793457031,125.22068786621094,124.29273986816406,1075.2496337890625,1091.5625,456.1844482421875,808.1846923828125,693.9089965820312,98.22261047363281,3124.294921875,1230.18359375,2463.372314453125,468.5635070800781,6629.24560546875,661.18896484375,262.3981628417969
2022-02-24,1540.510986328125,637.4411010742188,4328.03466796875,2955.634765625,727.263427734375,3103.7607421875,1521.466796875,650.2841186523438,655.7108154296875,137.82696533203125,3245.14501953125,859.5306396484375,110.79905700683594,3834.350341796875,796.8171997070312,2510.729736328125,1509.023193359375,917.1805419921875,675.119873046875,526.4649047851562,2170.2509765625,503.02392578125,2023.639404296875,686.19189453125,849.7885131835938,1474.575927734375,168.11404418945312,544.22802734375,357.6540832519531,1670.1864013671875,5263.85595703125,767.7356567382812,7919.087890625,848.3994140625,109.6908187866211,122.02685546875,119.9310531616211,1021.6696166992188,1044.4522705078125,432.355224609375,787.0243530273438,650.2069702148438,92.61727905273438,2982.142578125,1160.287841796875,2375.4267578125,420.38104248046875,6275.55029296875,607.6594848632812,248.54025268554688
2022-02-25,1615.0946044921875,676.6698608398438,4576.4404296875,3003.931884765625,754.8980712890625,3130.07958984375,1574.05615234375,683.800048828125,673.0588989257812,139.192626953125,3223.250244140625,886.2529907226562,120.7340087890625,4030.80908203125,813.191650390625,2521.5224609375,1531.9854736328125,943.1876220703125,692.5758056640625,532.3425903320312,2229.5087890625,518.8148193359375,2022.9873046875,708.162841796875,899.67041015625,1489.030517578125,172.50836181640625,572.1874389648438,369.97869873046875,1688.9093017578125,5371.32373046875,779.1195068359375,8059.86328125,846.9818115234375,114.93726348876953,124.2469482421875,123.82205963134766,1034.4420166015625,1045.83935546875,441.7771911621094,799.8167114257812,680.7168579101562,98.77021026611328,3086.55419921875,1209.6412353515625,2436.4755859375,451.61859130859375,6423.9697265625,629.1865844726562,256.9151611328125
2022-02-28,1640.787109375,688.69140625,4743.70556640625,3057.332275390625,739.3131103515625,3149.662841796875,1598.0479736328125,687.0280151367188,670.95751953125,144.75868225097656,3227.676513671875,887.5963134765625,125.23985290527344,4154.16748046875,791.1514282226562,2484.492431640625,1561.9344482421875,940.8916015625,678.3779907226562,516.8336181640625,2209.509765625,557.538818359375,2024.2919921875,720.4335327148438,893.5079956054688,1507.4830322265625,174.0403594970703,599.7644653320312,367.19891357421875,1726.6402587890625,5497.72802734375,762.9601440429688,8019.4013671875,843.3504638671875,117.71481323242188,125.14277648925781,131.25892639160156,1068.6824951171875,1050.347412109375,442.005859375,811.695556640625,689.4476318359375,105.27239227294922,3115.879150390625,1227.311279296875,2513.56396484375,446.0193786621094,6421.67236328125,639.5177001953125,257.16961669921875
2022-03-02,1638.1431884765625,691.4170532226562,4801.43603515625,2917.0166015625,747.1304931640625,3008.656005859375,1602.0849609375,670.2749633789062,658.98486328125,141.57215881347656,3194.05712890625,885.725341796875,136.50442504882812,4052.773193359375,750.21533203125,2406.1142578125,1513.078125,931.373779296875,653.6448364257812,553.9759521484375,2114.390869140625,583.1443481445312,2002.857421875,693.41845703125,879.581787109375,1496.23583984375,173.59689331054688,616.15771484375,359.87591552734375,1695.98974609375,5508.5361328125,750.9010009765625,7537.1748046875,853.17333984375,115.46632385253906,126.9344253540039,132.35716247558594,1086.346435546875,1110.7833251953125,433.8188781738281,789.5731201171875,682.156005859375,111.18817138671875,3108.82177734375,1213.68896484375,2559.066650390625,439.6835021972656,6256.875,662.678466796875,256.8919982910156
2022-03-03,1640.138671875,687.912841796875,4857.29052734375,2765.770263671875,734.5828857421875,2941.56494140625,1567.264892578125,662.1117553710938,656.8346557617188,143.35162353515625,3170.1845703125,897.0474853515625,139.5698699951172,4052.334716796875,724.06689453125,2311.523681640625,1469.205322265625,951.53662109375,652.0989990234375,525.279541015625,2106.635498046875,589.1690673828125,1948.710693359375,677.3646850585938,885.3075561523438,1512.0960693359375,176.9027099609375,625.8120727539062,357.135986328125,1665.386962890625,5654.3955078125,735.1758422851562,7326.2763671875,833.6614990234375,116.48036193847656,132.659912109375,136.71890258789062,1077.1746826171875,1071.3016357421875,427.5528259277344,789.5731201171875,659.1776123046875,112.39115905761719,3107.287841796875,1241.8038330078125,2540.90478515625,429.36920166015625,5847.54638671875,685.9354858398438,263.5317687988281
2022-03-04,1611.40283203125,681.5369262695312,4688.83935546875,2636.962890625,712.0270385742188,2892.495849609375,1530.2490234375,641.4635620117188,638.9002075195312,144.15859985351562,3174.84619140625,893.4972534179688,133.697509765625,3988.29345703125,745.445068359375,2244.130126953125,1443.7999267578125,950.4932861328125,649.9586791992188,515.1542358398438,2014.1748046875,567.3048706054688,1882.0762939453125,667.4219360351562,875.2632446289062,1514.2489013671875,181.8211669921875,604.06591796875,349.1453552246094,1626.84814453125,5740.9990234375,706.4749755859375,6990.37255859375,831.5267944335938,114.80500793457031,128.72608947753906,134.96165466308594,1053.283203125,1047.572998046875,422.5674743652344,797.9892578125,642.7713012695312,110.13177490234375,3089.7109375,1265.2620849609375,2409.381103515625,409.87030029296875,5915.595703125,685.9354858398438,266.19232177734375
2022-03-07,1560.56640625,659.7810668945312,4606.958984375,2608.360595703125,664.7742919921875,2885.84912109375,1434.4412841796875,600.9520874023438,660.10888671875,139.87542724609375,2969.646728515625,903.0444946289062,139.3852081298828,3969.056640625,733.9090576171875,2167.7666015625,1413.46044921875,963.6426391601562,630.1246337890625,497.373291015625,1916.0498046875,602.2390747070312,1811.6669921875,634.1502685546875,809.7567749023438,1528.7911376953125,181.37771606445312,609.0364990234375,341.1248474121094,1553.3822021484375,5838.833984375,666.1973266601562,6529.0771484375,829.1458740234375,114.6727523803711,145.62989807128906,133.54959106445312,1014.3323974609375,1019.38623046875,402.7631530761719,791.2564086914062,633.0809936523438,111.40806579589844,3055.125244140625,1239.5841064453125,2358.74560546875,387.0314636230469,5571.23779296875,703.3781127929688,264.595947265625
2022-03-08,1598.03271484375,670.5372314453125,4664.146484375,2622.758056640625,667.612548828125,2959.408447265625,1442.17578125,604.5675048828125,667.5368041992188,141.36524963378906,2932.260986328125,930.2945556640625,139.71759033203125,4056.035888671875,753.2138061523438,2164.3134765625,1424.84375,981.2589721679688,631.551513671875,506.8070373535156,1962.193115234375,573.2811279296875,1816.3734130859375,645.06298828125,815.8707275390625,1562.4888916015625,182.94998168945312,602.0585327148438,343.3566589355469,1576.2393798828125,6050.29248046875,675.941162109375,6565.00634765625,825.380615234375,117.93526458740234,139.51490783691406,133.2671661376953,1012.498046875,1022.407958984375,402.7631530761719,822.371826171875,655.9635620117188,109.47637939453125,3155.9873046875,1272.5301513671875,2340.53466796875,384.8212890625,5703.57421875,695.978271484375,271.81414794921875
2022-03-09,1652.8603515625,695.1160888671875,4652.98681640625,2768.707763671875,671.3966674804688,2978.94677734375,1498.5128173828125,635.0469360351562,675.8444213867188,141.7997589111328,2941.7724609375,941.8087158203125,137.87095642089844,4124.02197265625,765.2658081054688,2199.80908203125,1459.1898193359375,987.437255859375,652.17041015625,508.4370422363281,1996.0484619140625,571.434814453125,1861.946044921875,647.4395751953125,849.497314453125,1593.375,184.84478759765625,599.4776611328125,346.5449523925781,1607.0797119140625,5990.89697265625,708.93505859375,6777.73779296875,819.7533569335938,115.95128631591797,136.63270568847656,130.59996032714844,1066.2139892578125,1015.7202758789062,413.1913146972656,835.1162719726562,670.7866821289062,108.25614166259766,3184.610595703125,1309.784912109375,2402.126220703125,398.7209777832031,5883.3798828125,696.9392700195312,270.911865234375
2022-03-10,1738.968017578125,710.9827270507812,4711.0126953125,2805.158935546875,692.0604248046875,3053.308837890625,1543.6473388671875,646.074951171875,681.952880859375,144.42759704589844,3035.095947265625,947.0859985351562,132.18325805664062,4189.134765625,757.8768310546875,2209.354248046875,1519.331787109375,995.3272094726562,662.4203491210938,514.9566650390625,2022.409912109375,577.0223388671875,1958.9156494140625,656.315185546875,877.5923461914062,1604.4027099609375,187.06210327148438,622.036376953125,349.5837707519531,1642.4822998046875,5907.2998046875,712.7939453125,6956.130859375,843.8262939453125,117.22985076904297,135.81475830078125,131.07061767578125,1083.492919921875,1040.3406982421875,428.7420349121094,836.36669921875,694.8204345703125,112.85682678222656,3174.3974609375,1292.898193359375,2435.833740234375,412.1787109375,5917.7958984375,695.978271484375,272.184326171875
2022-03-11,1730.2374267578125,710.0579833984375,4794.37451171875,2823.649658203125,687.9774780273438,3053.888916015625,1553.7818603515625,650.3036499023438,679.1184692382812,149.80743408203125,3013.389404296875,1001.6822509765625,134.25155639648438,4226.6337890625,774.0565795898438,2197.60205078125,1530.422119140625,996.4127807617188,664.3704833984375,512.4871215820312,2031.5164794921875,572.455078125,1951.87939453125,657.5762329101562,875.1176147460938,1600.9757080078125,190.56954956054688,640.197998046875,351.3074035644531,1642.909912109375,5849.59521484375,708.8868408203125,6850.75390625,828.4476928710938,116.34809112548828,136.8663787841797,133.32992553710938,1086.617919921875,1048.71240234375,430.2513732910156,867.5782470703125,687.3848876953125,112.253173828125,3155.285888671875,1294.160400390625,2461.2998046875,410.7543640136719,5886.94873046875,697.179443359375,271.2357482910156
2022-03-14,1732.2330322265625,711.1287841796875,4862.9208984375,2853.311279296875,707.0975952148438,3080.252197265625,1564.7098388671875,653.97802734375,684.5428466796875,148.83493041992188,3000.158447265625,1006.1919555664062,133.21737670898438,4279.62060546875,770.4935913085938,2219.475341796875,1541.4146728515625,1004.260498046875,686.1309204101562,506.2143859863281,2040.8408203125,574.1071166992188,1919.16796875,675.2791137695312,880.7948608398438,1661.341796875,192.70626831054688,635.5140991210938,356.4385681152344,1660.112060546875,5894.84716796875,716.9906616210938,7057.3603515625,830.3483276367188,116.52444458007812,133.82835388183594,133.92613220214844,1095.5404052734375,1059.808837890625,443.78961181640625,858.2003784179688,692.9495849609375,111.84786987304688,3193.728271484375,1308.2613525390625,2506.112060546875,404.41845703125,5901.51708984375,702.2728881835938,276.7650451660156
2022-03-15,1697.6103515625,702.1246948242188,4753.7314453125,2876.76171875,695.2470703125,3081.590576171875,1567.743896484375,654.0860595703125,687.181640625,144.96559143066406,3035.001708984375,1024.806640625,127.71435546875,4272.26708984375,759.3079223632812,2211.5126953125,1528.4677734375,982.55322265625,677.3078002929688,498.55865478515625,2020.3616943359375,543.9343872070312,1899.503662109375,676.4430541992188,870.1683349609375,1616.1771240234375,191.77899169921875,612.8599853515625,345.4788513183594,1656.9759521484375,5674.41357421875,734.3558349609375,7157.04638671875,834.8616943359375,115.55450439453125,127.55760192871094,131.57269287109375,1070.44873046875,1060.6510009765625,444.4299621582031,857.6233520507812,718.2305908203125,106.3934555053711,3150.68310546875,1269.6142578125,2523.8291015625,406.33392333984375,5887.193359375,712.1235961914062,271.9298095703125
2022-03-16,1754.084228515625,704.5582275390625,4882.822265625,2929.584228515625,720.8402099609375,3184.85888671875,1609.2554931640625,671.162841796875,695.8802490234375,147.44857788085938,3120.509033203125,1013.0525512695312,130.66900634765625,4287.85107421875,767.8650512695312,2262.021728515625,1567.3575439453125,1001.4639282226562,688.79443359375,511.0053405761719,2064.892822265625,556.5184936523438,1931.143310546875,686.7738037109375,901.2232055664062,1660.1995849609375,195.6089630126953,626.3378295898438,350.8092346191406,1669.0933837890625,5663.04248046875,746.3667602539062,7220.41748046875,852.1597900390625,117.05349731445312,130.322998046875,131.38442993164062,1088.5201416015625,1075.7105712890625,450.7417297363281,855.2667846679688,717.5110473632812,109.1098861694336,3205.036865234375,1296.8587646484375,2553.7861328125,417.38494873046875,6165.50537109375,723.1273803710938,276.8113098144531
2022-03-17,1815.59716796875,720.4248046875,4780.3486328125,3020.6884765625,736.1762084960938,3256.812255859375,1633.80126953125,686.2529296875,706.5335083007812,150.7178497314453,3160.343994140625,1006.0480346679688,130.4104766845703,4387.29833984375,787.0139770507812,2337.857421875,1582.7960205078125,999.2931518554688,703.9673461914062,523.6990356445312,2108.813720703125,560.5026245117188,1959.008544921875,698.510986328125,904.9110107421875,1629.6209716796875,197.4634246826172,654.8706665039062,362.6656799316406,1699.22119140625,5745.88623046875,766.385009765625,7420.271484375,874.191162109375,117.18574523925781,132.659912109375,132.7650909423828,1124.0064697265625,1118.1148681640625,459.11163330078125,876.8118286132812,740.9691772460938,112.40409088134766,3219.809326171875,1299.9923095703125,2667.9873046875,426.1275634765625,6231.6982421875,731.9207763671875,278.17626953125
2022-03-21,1798.93408203125,715.6065673828125,4708.7421875,2933.196044921875,722.8817138671875,3202.033203125,1614.8392333984375,674.086669921875,692.166259765625,147.821044921875,3048.844970703125,1007.7752075195312,134.65777587890625,4340.44775390625,779.7710571289062,2282.02392578125,1533.5489501953125,975.2061767578125,707.0350952148438,515.993896484375,2084.1083984375,573.2811279296875,1911.619140625,689.44140625,886.423583984375,1628.2591552734375,197.14088439941406,651.2383422851562,354.1170959472656,1669.1885986328125,5631.74609375,755.8694458007812,7432.376953125,854.6961669921875,117.18574523925781,134.41261291503906,128.5916748046875,1117.52978515625,1085.6676025390625,448.7749938964844,878.927978515625,717.4630126953125,112.3609619140625,3179.4384765625,1288.0673828125,2672.182373046875,420.38104248046875,6053.408203125,745.6635131835938,277.62103271484375
2022-03-22,1827.4705810546875,719.5001831054688,4620.046875,2938.396240234375,728.3588256835938,3262.165283203125,1646.156494140625,685.4091186523438,702.9661254882812,152.45594787597656,2974.30810546875,990.7918090820312,135.43338012695312,4332.94775390625,784.7164916992188,2283.606689453125,1546.3004150390625,982.1773681640625,710.6737670898438,522.8593139648438,2112.081787109375,576.6822509765625,1857.8453369140625,696.6680297851562,900.30126953125,1658.4422607421875,201.37399291992188,665.7677612304688,360.24456787109375,1686.05810546875,5749.36328125,757.8953247070312,7491.31005859375,833.3150024414062,117.14167785644531,136.67161560058594,130.9764862060547,1146.4031982421875,1087.5006103515625,451.6106872558594,879.216552734375,722.356201171875,112.27904510498047,3244.53125,1338.900634765625,2677.611083984375,432.56170654296875,6073.30517578125,750.5167236328125,282.27117919921875
2022-03-23,1806.96630859375,714.24365234375,4551.5009765625,2905.3154296875,723.7282104492188,3213.140625,1637.4490966796875,687.2732543945312,688.9898071289062,151.7110595703125,2921.43115234375,973.376708984375,135.21176147460938,4435.21875,803.5928344726562,2296.749755859375,1545.9095458984375,985.7675170898438,703.5867919921875,519.4512939453125,2086.809814453125,591.2583618164062,1843.9127197265625,696.7650146484375,903.8433837890625,1645.261962890625,203.1881561279297,673.319091796875,352.6524963378906,1679.595458984375,5707.30712890625,746.8009033203125,7373.8291015625,829.2485961914062,117.67072296142578,136.78851318359375,131.8551025390625,1150.04931640625,1082.150390625,448.82073974609375,866.4240112304688,718.4224853515625,114.77989196777344,3254.569091796875,1342.3389892578125,2655.155517578125,428.0921630859375,6095.20654296875,763.0101318359375,282.8033142089844
2022-03-24,1828.7177734375,713.95166015625,4571.599609375,2913.5498046875,719.246826171875,3197.438232421875,1634.589599609375,686.5619506835938,690.3580932617188,150.0557403564453,2922.93798828125,987.3375854492188,138.4249267578125,4377.849609375,842.7669067382812,2273.294189453125,1562.81396484375,995.2854614257812,686.178466796875,515.993896484375,2102.06005859375,604.376953125,1832.1234130859375,683.0878295898438,897.4868774414062,1657.8270263671875,205.4861297607422,683.5469360351562,341.5732116699219,1683.68212890625,5805.56494140625,738.64892578125,7289.04541015625,832.3037109375,119.39015197753906,138.22959899902344,132.26303100585938,1167.9166259765625,1078.880859375,445.5733642578125,874.1669311523438,710.459228515625,116.4657974243164,3287.401123046875,1365.3184814453125,2584.581787109375,425.5381774902344,6210.43212890625,767.9593505859375,282.5025634765625
2022-03-25,1862.841552734375,723.4910888671875,4625.5771484375,2934.351318359375,718.2510375976562,3260.291748046875,1630.058837890625,684.2023315429688,693.2902221679688,149.10391235351562,2914.132568359375,972.4651489257812,137.46469116210938,4338.40234375,849.1823120117188,2241.827880859375,1554.65478515625,984.640380859375,680.5896606445312,513.2279663085938,2072.6484375,605.1057739257812,1820.101318359375,678.2861938476562,898.8941040039062,1648.908447265625,204.2766571044922,689.5211791992188,343.18731689453125,1664.2462158203125,5811.109375,737.7806396484375,7152.5615234375,820.4991455078125,118.81702423095703,136.9442901611328,131.57269287109375,1175.7069091796875,1082.4971923828125,448.8664855957031,867.914794921875,703.5992431640625,115.46546936035156,3250.2294921875,1332.24169921875,2491.20703125,424.4576416015625,6172.154296875,767.4307861328125,279.1711120605469
2022-03-28,1905.4464111328125,717.4072265625,4601.27978515625,2915.572021484375,732.939697265625,3290.090087890625,1648.586669921875,686.939697265625,716.45361328125,148.85560607910156,2914.415283203125,975.9193725585938,141.26878356933594,4301.77880859375,834.385009765625,2283.22314453125,1574.099609375,971.782958984375,681.493408203125,506.3625183105469,2072.25634765625,612.3938598632812,1840.697509765625,689.0532836914062,907.53125,1646.5797119140625,207.260009765625,697.8850708007812,343.775146484375,1655.217529296875,5705.9912109375,742.1219482421875,7212.26708984375,806.1007080078125,118.86109161376953,137.3727264404297,133.23577880859375,1187.5281982421875,1067.04150390625,455.0867614746094,871.3294677734375,711.1787719726562,115.46546936035156,3250.44921875,1326.93212890625,2503.0517578125,425.0470275878906,6218.35302734375,750.3244018554688,277.7135925292969
2022-03-29,1912.9796142578125,741.6939697265625,4556.9814453125,2930.162353515625,734.732177734375,3291.294677734375,1646.8651123046875,690.6631469726562,737.8577880859375,148.3383026123047,2922.890625,996.7886962890625,137.39080810546875,4443.060546875,841.8031005859375,2379.63671875,1586.55810546875,974.9136962890625,690.5305786132812,516.6360473632812,1926.4635009765625,613.4627685546875,1851.8345947265625,693.8549194335938,901.7084350585938,1657.2120361328125,205.2845458984375,720.635009765625,344.7315979003906,1660.0172119140625,5661.67919921875,746.0773315429688,7175.4208984375,809.057861328125,118.46430969238281,133.2052001953125,132.60821533203125,1187.7999267578125,1093.0970458984375,452.79986572265625,884.26611328125,713.0496826171875,115.09464263916016,3248.388916015625,1325.1043701171875,2505.914306640625,426.02935791015625,6381.29248046875,751.5258178710938,278.7778015136719
2022-03-30,1990.805908203125,746.9991455078125,4558.0185546875,2967.672607421875,747.3297119140625,3277.912353515625,1709.45947265625,711.5125732421875,732.5311889648438,149.00045776367188,2964.89111328125,987.2896118164062,135.1009521484375,4420.658203125,847.8096923828125,2385.4404296875,1629.5513916015625,972.8265991210938,702.4928588867188,535.701171875,1979.6214599609375,582.852783203125,1878.7210693359375,708.9873046875,898.9425659179688,1672.9844970703125,200.93052673339844,685.8888549804688,351.3273620605469,1685.6304931640625,5930.560546875,765.3720703125,7329.21875,827.0397338867188,119.30199432373047,126.19439697265625,136.2481689453125,1210.6270751953125,1113.4949951171875,452.1595764160156,885.468505859375,734.7808227539062,112.80078125,3271.35791015625,1302.4295654296875,2490.466796875,427.94482421875,6494.80712890625,745.90380859375,277.9911804199219
2022-03-31,2010.262451171875,753.6182861328125,4460.53369140625,2966.13232421875,757.9851684570312,3259.087158203125,1702.628173828125,712.3072509765625,737.8577880859375,148.71075439453125,3019.51025390625,976.8308715820312,135.21176147460938,4287.65625,836.33203125,2357.23583984375,1625.9361572265625,971.6160888671875,699.3535766601562,531.6510620117188,1999.229248046875,553.4088745117188,1909.2423095703125,708.4052734375,907.7738647460938,1675.5325927734375,202.0996551513672,700.3226318359375,349.484130859375,1679.9755859375,5784.9365234375,778.1065063476562,7293.240234375,830.986572265625,119.0374526977539,127.6744384765625,136.05992126464844,1193.325439453125,1113.1475830078125,451.47344970703125,879.8417358398438,745.8622436523438,112.72747039794922,3278.721923828125,1305.17138671875,2503.29833984375,426.0784606933594,6455.306640625,739.6089477539062,273.8731994628906
2022-04-01,2039.09814453125,764.861328125,4451.4462890625,2999.068115234375,771.3294677734375,3336.61669921875,1710.4874267578125,726.8428955078125,741.3274536132812,154.93896484375,3042.34716796875,973.760498046875,137.50161743164062,4265.8876953125,833.2167358398438,2380.30810546875,1631.75,976.5421142578125,716.3101196289062,543.6531982421875,1952.1710205078125,554.380615234375,1936.73486328125,714.1768798828125,939.9932861328125,1672.633056640625,204.23635864257812,699.8924560546875,354.02740478515625,1701.3121337890625,5801.94677734375,797.4012451171875,7427.07177734375,839.432373046875,126.04742431640625,130.82931518554688,141.23748779296875,1202.882080078125,1105.1075439453125,464.87457275390625,874.0225830078125,757.7591552734375,113.58121490478516,3295.202880859375,1294.4215087890625,2488.197021484375,433.3475646972656,6522.03662109375,751.0933837890625,278.45391845703125
2022-04-04,2061.248779296875,796.7892456054688,4508.7822265625,3002.77587890625,780.8397216796875,3357.8056640625,1716.19091796875,734.9422607421875,750.4168701171875,157.3391876220703,3079.4033203125,986.1862182617188,138.68348693847656,4380.7236328125,840.5570068359375,2406.9296875,1641.27685546875,991.0692138671875,788.0361938476562,564.8421630859375,2014.5665283203125,570.9003295898438,1983.6121826171875,724.216552734375,958.0440063476562,1654.531982421875,205.96990966796875,700.3704833984375,365.86383056640625,1735.7640380859375,5921.16162109375,804.299072265625,7499.17138671875,852.0043334960938,127.23778533935547,130.90719604492188,142.71231079101562,1206.4375,1117.961669921875,468.7165222167969,890.71044921875,756.1281127929688,115.7198715209961,3305.37255859375,1304.4752197265625,2484.396728515625,438.8484802246094,6593.75341796875,753.7841796875,280.212158203125
2022-04-05,2135.083984375,825.5050048828125,4498.2138671875,3024.733154296875,779.8438110351562,3398.8896484375,1678.5164794921875,724.9149169921875,749.2440795898438,157.2564239501953,3110.856689453125,980.09326171875,138.7942657470703,4345.26953125,843.0394287109375,2440.02685546875,1663.3599853515625,998.0824584960938,764.9440307617188,562.7183837890625,2032.4317626953125,570.2686767578125,1994.189697265625,719.5604858398438,944.5059814453125,1635.332763671875,209.19512939453125,701.0872802734375,359.1186828613281,1744.9830322265625,5956.1708984375,807.0485229492188,7486.68115234375,861.7124633789062,131.47024536132812,133.86734008789062,146.2581329345703,1189.3851318359375,1110.0704345703125,465.97222900390625,893.6441040039062,773.9257202148438,115.97857666015625,3344.341064453125,1296.1187744140625,2516.1796875,449.94866943359375,6576.3994140625,762.6256103515625,279.53564453125
2022-04-06,2155.18896484375,827.2571411132812,4456.23681640625,3037.44580078125,770.4829711914062,3391.842041015625,1668.6513671875,720.84326171875,758.0892333984375,159.6566162109375,3091.1748046875,987.3375854492188,143.1893310546875,4272.900390625,832.6909790039062,2427.795166015625,1660.8682861328125,977.2515869140625,737.6423950195312,549.0862426757812,2045.197998046875,564.8269653320312,1996.287109375,719.3665161132812,939.7021484375,1606.994873046875,209.3160858154297,704.863037109375,354.5754089355469,1760.9022216796875,5944.798828125,798.6553344726562,7469.65673828125,870.96630859375,134.90911865234375,134.60736083984375,148.51744079589844,1186.2147216796875,1098.9036865234375,470.1343688964844,892.6822509765625,776.420166015625,118.20777130126953,3292.222412109375,1270.266845703125,2507.1484375,448.0822448730469,6586.17626953125,773.917724609375,276.9229431152344
2022-04-07,2094.374755859375,795.669921875,4480.68310546875,3038.408203125,788.8064575195312,3392.242919921875,1652.07470703125,715.2752075195312,745.13916015625,157.5874786376953,3102.098876953125,994.7257690429688,140.89947509765625,4332.8505859375,840.6055908203125,2435.182373046875,1643.4755859375,979.5892944335938,721.4231567382812,552.1979370117188,2048.42236328125,558.5105590820312,2017.48876953125,726.1080932617188,943.8751220703125,1591.31005859375,206.9375,695.925537109375,351.99493408203125,1735.7166748046875,5832.7255859375,804.8779296875,7369.63330078125,869.6109008789062,135.35000610351562,131.5303955078125,145.19122314453125,1165.2899169921875,1100.6407470703125,471.0490417480469,895.4235229492188,772.24658203125,116.37523651123047,3229.802734375,1278.275146484375,2426.50634765625,441.54986572265625,6586.6650390625,772.0437622070312,270.99774169921875
2022-04-08,2166.114501953125,816.9876708984375,4549.4755859375,3087.7646484375,791.5948486328125,3399.4697265625,1671.5455322265625,722.7711181640625,744.845947265625,159.1393585205078,3152.762939453125,970.6419677734375,143.70635986328125,4388.8564453125,862.5972290039062,2451.299072265625,1730.73291015625,972.9519653320312,720.4243774414062,557.9273071289062,2058.748779296875,565.3128051757812,2034.496826171875,731.6856689453125,956.4912109375,1594.473388671875,215.9277801513672,723.2158203125,355.5916442871094,1739.9459228515625,5782.86767578125,827.163330078125,7290.00927734375,882.252197265625,134.07144165039062,133.12730407714844,145.97572326660156,1184.6746826171875,1151.85888671875,472.1010437011719,889.3158569335938,784.5274047851562,118.20777130126953,3231.1181640625,1261.0404052734375,2477.43798828125,444.0547790527344,6684.78125,778.1943359375,272.3041076660156
2022-04-11,2175.34375,831.832275390625,4604.7861328125,3040.767822265625,782.7815551757812,3378.771484375,1654.46484375,719.8326416015625,740.8875732421875,160.71192932128906,3155.352783203125,983.979248046875,145.07289123535156,4386.76220703125,852.8912963867188,2442.08935546875,1778.5142822265625,946.3602294921875,711.6250610351562,560.4957275390625,2035.176513671875,560.0653686523438,2015.85791015625,736.8268432617188,951.4933471679688,1552.2523193359375,215.68588256835938,733.5393676757812,355.3824462890625,1693.138671875,5695.04248046875,826.6326293945312,7297.1953125,880.9876098632812,134.99729919433594,133.36097717285156,144.90882873535156,1182.206298828125,1134.0416259765625,471.0033874511719,890.0853271484375,788.1731567382812,117.09962463378906,3240.542724609375,1261.43212890625,2457.5986328125,444.0547790527344,6706.046875,787.9007568359375,266.4488220214844
2022-04-12,2192.056640625,822.4387817382812,4569.37744140625,3013.032470703125,795.1300659179688,3311.76953125,1628.536865234375,713.7348022460938,724.8590087890625,157.50473022460938,3149.184814453125,985.658447265625,137.39080810546875,4357.15234375,851.3045043945312,2419.2568359375,1715.343017578125,944.3983154296875,710.3646240234375,555.4578247070312,2002.4969482421875,527.0260620117188,1987.153564453125,740.9494018554688,956.0059814453125,1531.075927734375,213.5088348388672,722.5466918945312,359.0489196777344,1661.01513671875,5554.82275390625,830.443359375,7348.26806640625,880.5787963867188,134.556396484375,131.56930541992188,146.28948974609375,1159.945556640625,1140.5927734375,469.12811279296875,886.141845703125,779.1544799804688,113.85284423828125,3235.895751953125,1231.6630859375,2455.969970703125,430.5479736328125,6624.69921875,774.254150390625,260.66357421875
2022-04-13,2194.55126953125,818.15576171875,4686.07421875,2966.80615234375,789.7525024414062,3298.610107421875,1605.7823486328125,719.0280151367188,723.881591796875,156.84259033203125,3154.410888671875,975.4395751953125,137.83401489257812,4382.330078125,837.0620727539062,2390.14111328125,1725.5540771484375,939.34716796875,696.78515625,557.9767456054688,1982.01806640625,531.3017578125,2005.6995849609375,739.3973999023438,954.356201171875,1536.43603515625,217.3387908935547,732.53564453125,354.6152648925781,1673.46533203125,5675.353515625,835.5565185546875,7204.69580078125,878.8863525390625,135.74679565429688,135.73687744140625,144.03018188476562,1155.6881103515625,1138.4091796875,473.5646667480469,901.002197265625,784.4313354492188,113.78817749023438,3210.341064453125,1227.702880859375,2429.467529296875,423.4261779785156,6580.21240234375,786.74755859375,260.8968505859375
2022-04-18,2228.874755859375,820.29736328125,4498.4609375,2909.89013671875,795.5283813476562,3314.044921875,1579.55517578125,712.4544677734375,712.9840087890625,153.84230041503906,3148.99609375,986.2341918945312,139.93919372558594,4407.31396484375,834.2875366210938,2408.896240234375,1701.4678955078125,919.8521728515625,663.7283935546875,567.311767578125,1991.6041259765625,529.9412841796875,2029.4639892578125,735.080810546875,948.5819091796875,1424.710205078125,217.78224182128906,733.9694213867188,348.7966613769531,1652.1287841796875,5520.14306640625,843.2742919921875,7305.0078125,887.44921875,143.90306091308594,136.9442901611328,145.03431701660156,1152.1551513671875,1164.712890625,466.0636901855469,892.105224609375,788.9407958984375,115.47840118408203,3092.9541015625,1170.34130859375,2461.151611328125,426.1275634765625,6491.77685546875,773.7736206054688,251.2858123779297
2022-04-19,2163.470458984375,797.519287109375,4757.08935546875,2880.661865234375,794.4827880859375,3262.78955078125,1568.9066162109375,712.2679443359375,707.119873046875,155.53900146484375,3077.42578125,959.799560546875,146.07009887695312,4296.76318359375,819.6362915039062,2355.029296875,1681.0460205078125,893.5527954101562,638.4006958007812,540.0476684570312,1972.3018798828125,525.5197143554688,1969.26025390625,743.325927734375,935.3350219726562,1372.515869140625,210.88836669921875,713.4659423828125,340.24810791015625,1621.145751953125,5142.9951171875,841.7307739257812,7171.51513671875,858.1456909179688,141.6545867919922,137.9959259033203,142.9947052001953,1196.0657958984375,1116.3734130859375,468.1676330566406,886.8151245117188,759.2462768554688,114.40045166015625,3043.728515625,1132.60791015625,2420.8310546875,417.43408203125,6439.07666015625,773.5333862304688,247.4833984375
2022-04-20,2179.08544921875,805.6473999023438,4722.125,2969.0693359375,791.3956298828125,3319.531494140625,1547.8238525390625,689.9910888671875,722.6109619140625,161.37405395507812,3111.610107421875,971.0738525390625,147.06729125976562,4339.86328125,835.9328002929688,2433.647216796875,1696.8753662109375,909.5410766601562,644.1558837890625,552.4942626953125,1982.4105224609375,529.6011352539062,2017.628662109375,732.8983154296875,943.8265991210938,1395.0982666015625,209.27577209472656,706.2490234375,342.9980163574219,1607.697509765625,4859.125,850.1721801757812,7394.90478515625,875.1952514648438,141.52232360839844,136.71058654785156,142.46124267578125,1231.2347412109375,1119.9964599609375,465.8807678222656,888.2578125,777.5714111328125,113.33543395996094,3118.15869140625,1139.5714111328125,2450.540771484375,432.7581481933594,6655.595703125,793.09033203125,250.3060760498047
2022-04-21,2281.2578125,827.889892578125,4825.14111328125,3041.538330078125,798.4661254882812,3303.11572265625,1580.4034423828125,700.3519897460938,719.0925903320312,164.58126831054688,3164.0634765625,958.1204223632812,152.82879638671875,4411.35595703125,841.1703491210938,2543.683349609375,1723.892822265625,917.7232666015625,653.6923828125,564.0025634765625,2019.7080078125,524.9854125976562,2048.383056640625,739.494384765625,960.0333862304688,1422.4256591796875,209.9611358642578,701.8042602539062,350.8790283203125,1629.4619140625,4771.39306640625,878.8729858398438,7599.87060546875,874.6067504882812,143.462158203125,135.65896606445312,142.61813354492188,1260.06298828125,1136.076416015625,472.28399658203125,908.0716552734375,786.7820434570312,112.29198455810547,3181.14794921875,1142.6177978515625,2488.344970703125,440.1255187988281,6694.06982421875,796.83837890625,251.56576538085938
2022-04-22,2268.236328125,850.9112548828125,4754.4716796875,3047.461181640625,777.3541870117188,3249.719482421875,1542.324951171875,697.6685180664062,722.0245361328125,162.80177307128906,3168.018798828125,927.8478393554688,149.3201904296875,4375.755859375,816.3361206054688,2524.496337890625,1677.5772705078125,920.1027221679688,644.7742309570312,547.3081665039062,1999.316650390625,499.622802734375,1982.2142333984375,725.2351684570312,931.501708984375,1393.1212158203125,210.52552795410156,691.4807739257812,344.2832336425781,1610.3111572265625,4787.27587890625,888.1827392578125,7624.27392578125,873.8762817382812,141.4782257080078,135.54214477539062,141.48849487304688,1249.510009765625,1128.83056640625,457.9224548339844,889.5081176757812,782.5123901367188,110.17057800292969,3167.033203125,1137.2210693359375,2480.152587890625,431.0882568359375,6593.94921875,784.7293701171875,250.8659210205078
2022-04-25,2279.1123046875,836.6993408203125,4618.5146484375,3014.91015625,777.453857421875,3285.807373046875,1523.4576416015625,687.3419799804688,722.6109619140625,152.9939422607422,3103.793701171875,914.55859375,139.2005157470703,4295.4970703125,801.2857055664062,2488.6650390625,1654.956787109375,909.9168701171875,649.6019287109375,533.4291381835938,1994.3931884765625,481.499755859375,1957.79736328125,729.6487426757812,918.5945434570312,1371.7252197265625,205.8086700439453,684.1205444335938,344.5024719238281,1575.146484375,4563.7880859375,872.1199340820312,7631.845703125,873.249267578125,137.64256286621094,132.153564453125,139.85678100585938,1220.6138916015625,1083.1710205078125,452.5711669921875,865.6546630859375,760.589599609375,105.23789978027344,3110.61865234375,1105.7987060546875,2422.113525390625,417.6305236816406,6448.21728515625,771.7554321289062,246.97021484375
2022-04-26,2389.96484375,885.321533203125,4567.15478515625,3010.142822265625,771.7774658203125,3472.404296875,1540.3438720703125,710.40380859375,739.17724609375,154.2975311279297,3176.117431640625,938.786376953125,141.3795623779297,4402.15185546875,808.8984985351562,2541.572509765625,1678.700927734375,913.63232421875,652.5985107421875,543.1592407226562,2097.7900390625,479.5076904296875,2002.1583251953125,731.1522216796875,951.4933471679688,1389.2110595703125,208.79197692871094,689.3778076171875,347.2622985839844,1615.633544921875,4527.181640625,906.9951171875,7626.44384765625,884.8310546875,138.43614196777344,130.0503387451172,145.34812927246094,1257.1414794921875,1086.7442626953125,462.40472412109375,883.0158081054688,788.7008666992188,106.38052368164062,3108.953857421875,1110.194091796875,2515.1923828125,427.2080993652344,6511.91748046875,780.6929931640625,246.92356872558594
2022-04-27,2328.901123046875,863.7116088867188,4467.29931640625,3032.004150390625,762.7153930664062,3484.493408203125,1479.670654296875,658.7513427734375,735.4633178710938,151.669677734375,3143.675537109375,938.16259765625,138.498779296875,4412.86572265625,793.80908203125,2547.472900390625,1661.30810546875,914.717529296875,652.8363037109375,540.9860229492188,2178.616455078125,478.3901672363281,1999.1292724609375,714.6134033203125,945.7190551757812,1364.4320068359375,207.6228485107422,688.8042602539062,347.023193359375,1593.8692626953125,4527.041015625,894.1641235351562,7512.2900390625,875.5700073242188,137.2457733154297,128.41453552246094,143.9047088623047,1258.36474609375,1066.247314453125,454.8580322265625,871.5218505859375,766.2021484375,107.51020050048828,3122.015869140625,1097.834228515625,2460.066162109375,422.6403503417969,6402.65576171875,767.2866821289062,242.1180419921875
2022-04-28,2373.252197265625,863.5169677734375,4482.015625,3127.682861328125,776.5574951171875,3420.926513671875,1498.178466796875,660.080810546875,730.4298095703125,152.84910583496094,3162.18017578125,941.472900390625,140.53013610839844,4445.98193359375,802.590087890625,2570.976318359375,1672.740478515625,927.3652954101562,652.2655029296875,564.4470825195312,2193.692626953125,474.79473876953125,2089.29541015625,724.7501220703125,959.1599731445312,1390.616943359375,210.52552795410156,696.92919921875,351.8354797363281,1633.976318359375,4591.982421875,890.3533935546875,7608.5029296875,885.4052734375,140.81689453125,128.37551879882812,147.8584747314453,1277.1605224609375,1108.58154296875,464.23419189453125,885.853271484375,778.7228393554688,108.73043823242188,3142.26708984375,1106.5819091796875,2480.64599609375,428.3377380371094,6469.63037109375,792.1773071289062,243.79762268066406
2022-04-29,2326.805908203125,833.6331176757812,4399.54345703125,3117.57080078125,725.5704345703125,3327.3828125,1488.128662109375,654.6011352539062,722.2689819335938,150.0557403564453,3088.114501953125,941.472900390625,135.06405639648438,4388.32080078125,804.4982299804688,2523.393310546875,1653.5887451171875,916.1181030273438,658.5677490234375,575.313232421875,2184.411376953125,469.0128173828125,2082.771728515625,721.0155029296875,949.6494140625,1377.392578125,209.27577209472656,695.0653686523438,356.8370666503906,1610.3111572265625,4547.81005859375,889.5816040039062,7444.19287109375,880.7254638671875,137.73074340820312,124.9869613647461,142.93194580078125,1263.7542724609375,1097.3155517578125,453.9890441894531,893.2113037109375,790.3319091796875,109.61005401611328,3109.304443359375,1095.8758544921875,2426.358154296875,429.8603515625,6482.63427734375,790.8319702148438,237.3825225830078
2022-05-02,2334.2890625,833.7791137695312,4251.7841796875,3081.7451171875,724.32568359375,3232.723388671875,1492.749267578125,650.1221923828125,724.565673828125,151.64895629882812,3080.6279296875,937.0591430664062,138.6095733642578,4392.4599609375,802.930908203125,2448.708740234375,1641.1304931640625,905.635009765625,667.6522827148438,572.7942504882812,2167.54931640625,470.71337890625,2078.7177734375,718.7844848632812,988.0313720703125,1354.0633544921875,212.17843627929688,699.6535034179688,353.5690612792969,1596.1502685546875,4432.77734375,888.8580322265625,7364.0869140625,886.0227661132812,138.8770294189453,121.7931900024414,145.31675720214844,1259.3155517578125,1073.046630859375,449.1408996582031,888.16162109375,790.9556274414062,111.6926498413086,3105.534423828125,1071.677734375,2355.636474609375,425.1943664550781,6530.298828125,797.8953857421875,230.94407653808594
2022-05-04,2248.780029296875,791.1920776367188,3963.920166015625,2986.259521484375,704.2594604492188,3119.819580078125,1429.37646484375,622.0221557617188,706.0447998046875,150.40748596191406,3188.12451171875,918.7804565429688,138.38803100585938,4231.26123046875,777.3178100585938,2382.2265625,1585.1412353515625,887.0025634765625,644.9644775390625,560.6932373046875,2099.750732421875,448.606201171875,2023.7794189453125,702.53662109375,949.4067993164062,1349.2747802734375,209.43699645996094,680.1536254882812,353.8182067871094,1552.906982421875,4452.9833984375,864.4984741210938,7135.6337890625,869.0714721679688,139.8910369873047,126.38911437988281,149.11361694335938,1220.0023193359375,1069.8702392578125,438.75848388671875,866.520263671875,770.7115478515625,108.77356719970703,3050.611083984375,1055.66162109375,2260.28759765625,416.0097351074219,6376.74560546875,792.0812377929688,229.4277801513672
2022-05-05,2250.37646484375,789.7807006835938,3900.510009765625,2962.857421875,699.4295654296875,3143.908203125,1411.09326171875,619.0492553710938,702.6728515625,149.3936004638672,3085.995361328125,910.0009765625,137.27999877929688,4252.34814453125,771.7590942382812,2334.595703125,1570.142333984375,910.0064086914062,643.5137329101562,562.817138671875,2180.0546875,448.5575866699219,2019.1663818359375,706.9501953125,909.1325073242188,1392.85791015625,211.29151916503906,676.5213012695312,358.2020263671875,1556.4234619140625,4478.4052734375,867.344482421875,7145.0380859375,845.8165893554688,139.67059326171875,128.41453552246094,146.69744873046875,1196.11083984375,1075.62744140625,439.07867431640625,844.6383666992188,744.8548583984375,110.74836730957031,3080.111083984375,1099.662109375,2232.69970703125,418.76019287109375,6214.19677734375,791.1682739257812,233.8134002685547
2022-05-06,2242.693359375,789.8294067382812,3780.2578125,2904.7861328125,670.6000366210938,3122.362548828125,1361.318115234375,588.7171020507812,694.1697998046875,147.86241149902344,3115.00048828125,896.903564453125,138.4249267578125,4057.594482421875,765.3047485351562,2266.386474609375,1529.787109375,891.459228515625,626.7000122070312,559.0634155273438,2233.822998046875,431.21197509765625,2002.949951171875,697.6865844726562,888.3645629882812,1355.68896484375,215.00048828125,659.9368896484375,353.7583923339844,1541.9774169921875,4316.5693359375,862.327880859375,7021.189453125,816.5892944335938,140.19967651367188,130.0503387451172,149.61570739746094,1186.9393310546875,1051.308837890625,442.69189453125,849.5918579101562,733.9172973632812,110.700927734375,3009.27587890625,1123.5118408203125,2180.139404296875,401.32415771484375,6062.1591796875,756.186767578125,226.32521057128906
2022-05-09,2192.755126953125,771.5291137695312,3720.00830078125,2894.19287109375,660.9403076171875,3183.922119140625,1375.6243896484375,592.3130493164062,695.3915405273438,146.2484588623047,3062.499755859375,900.309814453125,135.21176147460938,4121.14892578125,760.4663696289062,2248.974853515625,1516.2537841796875,913.4443359375,627.7701416015625,556.9888916015625,2172.298583984375,431.55206298828125,1972.6151123046875,689.0532836914062,863.423583984375,1379.8531494140625,212.01719665527344,648.4185180664062,352.2041015625,1535.989990234375,4181.1416015625,863.7267456054688,7099.3662109375,792.9930419921875,140.19967651367188,128.33660888671875,153.85186767578125,1140.5831298828125,1056.5694580078125,435.32818603515625,851.6117553710938,727.4890747070312,107.98881530761719,3020.23388671875,1097.7471923828125,2154.92041015625,396.8055114746094,6086.01611328125,747.2971801757812,225.41542053222656
2022-05-10,2104.80126953125,748.6538696289062,3641.535888671875,2972.295166015625,657.0067138671875,3205.601806640625,1360.2801513671875,581.6676025390625,703.3571166992188,146.26914978027344,3057.320556640625,888.6517944335938,125.60919952392578,4184.703125,762.0629272460938,2317.32763671875,1506.824462890625,910.4308471679688,637.8536376953125,552.3955688476562,2152.255126953125,411.0482482910156,2032.0272216796875,689.974853515625,883.8518676757812,1364.6077880859375,209.43699645996094,616.8267822265625,358.1123962402344,1528.196533203125,4071.41845703125,857.0217895507812,7249.4501953125,793.77392578125,137.06942749023438,120.31309509277344,152.9105224609375,1120.813232421875,1073.046630859375,434.68792724609375,828.96044921875,715.544189453125,100.45611572265625,3014.6669921875,1081.339599609375,2109.66455078125,384.8212890625,6224.70751953125,759.0217895507812,222.849365234375
2022-05-11,2114.57958984375,739.698486328125,3634.375244140625,2940.8037109375,669.5543823242188,3223.2666015625,1330.3101806640625,569.7515869140625,706.4845581054688,143.64132690429688,3069.844970703125,899.6381225585938,125.46146392822266,4182.2197265625,756.2316284179688,2292.0009765625,1500.2288818359375,900.5418701171875,641.4447021484375,556.6925659179688,2152.73486328125,410.6109313964844,2016.2772216796875,692.7879638671875,896.0797119140625,1341.5419921875,206.13116455078125,620.3157958984375,360.6629943847656,1492.8892822265625,3994.91796875,855.7676391601562,7134.2353515625,793.3798828125,134.5123291015625,123.54588317871094,150.11776733398438,1109.3319091796875,1079.1014404296875,435.92279052734375,822.1795043945312,713.9132080078125,100.52510070800781,2991.216064453125,1065.8021240234375,2087.307861328125,381.2849426269531,6199.04248046875,761.2802734375,220.16668701171875
2022-05-12,2040.6446533203125,694.3372802734375,3536.791259765625,2927.60986328125,646.94873046875,3198.419921875,1282.496337890625,548.7943725585938,689.4296875,140.68240356445312,3029.351318359375,883.4703369140625,123.39319610595703,4123.38916015625,755.4430541992188,2287.68408203125,1451.861328125,899.2684936523438,626.9856567382812,540.5908813476562,2092.517333984375,394.3828125,1993.258056640625,674.9395141601562,844.2083129882812,1325.7696533203125,203.9138641357422,597.2312622070312,350.8889465332031,1450.453857421875,3910.522705078125,834.7364501953125,6996.49755859375,779.330810546875,130.98529052734375,121.91001892089844,148.04672241210938,1086.7313232421875,1052.7479248046875,423.2077941894531,817.5626831054688,708.1085205078125,96.38578796386719,2988.27880859375,1055.66162109375,2022.0146484375,365.71527099609375,6047.7373046875,735.1401977539062,221.05313110351562
2022-05-13,2049.57470703125,687.1340942382812,3504.1474609375,2950.771240234375,633.3057250976562,3249.36279296875,1258.3048095703125,541.1757202148438,674.2805786132812,139.44091796875,3087.408203125,896.7595825195312,124.61200714111328,4169.849609375,764.068359375,2333.732177734375,1441.3570556640625,893.1144409179688,621.35595703125,544.0484008789062,2134.3037109375,377.0371398925781,2044.794677734375,657.042724609375,846.5859375,1321.9033203125,208.509765625,573.955810546875,354.60528564453125,1458.3896484375,3863.296875,858.1312255859375,6850.17578125,788.12109375,127.10552215576172,119.61202239990234,148.2977752685547,1099.050537109375,1037.2137451171875,406.74237060546875,848.822509765625,707.6768188476562,94.6007080078125,2993.7587890625,1047.0008544921875,2064.605712890625,397.1492919921875,6058.58984375,751.0933837890625,218.65037536621094
2022-05-16,2101.209228515625,693.5585327148438,3641.387939453125,2889.0400390625,636.2932739257812,3315.16015625,1262.9903564453125,553.896240234375,677.5057983398438,139.0891571044922,3093.434814453125,895.6082763671875,126.82795715332031,4108.4873046875,757.0785522460938,2511.497314453125,1419.0299072265625,886.6632080078125,627.9719848632812,543.0111083984375,2175.04345703125,379.90380859375,2066.369384765625,662.5233764648438,859.73583984375,1308.4593505859375,204.8814239501953,575.7241821289062,361.2408752441406,1466.373046875,3848.353759765625,871.4927978515625,6990.66162109375,779.2755737304688,130.7207489013672,119.57308197021484,147.60740661621094,1099.3223876953125,1036.9161376953125,416.2099914550781,851.8040771484375,705.662109375,95.1612319946289,2960.3564453125,1034.9886474609375,2082.27392578125,398.1807556152344,5878.93115234375,770.9866333007812,218.34713745117188
2022-05-17,2179.9833984375,724.9512329101562,3766.232421875,2937.288818359375,652.2266845703125,3339.29296875,1294.6119384765625,572.7244262695312,691.0423583984375,141.71701049804688,3172.4921875,900.02197265625,136.3197784423828,4191.52099609375,760.115966796875,2596.638671875,1447.5130615234375,919.2164916992188,632.25439453125,548.0984497070312,2199.09521484375,416.295654296875,2092.231201171875,688.7138671875,877.1555786132812,1334.2489013671875,213.42822265625,613.529052734375,366.71075439453125,1524.5374755859375,4024.145751953125,878.6800537109375,7265.75146484375,784.2989501953125,132.70474243164062,127.0902099609375,149.77259826660156,1145.497314453125,1062.4754638671875,427.4613952636719,857.7194213867188,704.4628295898438,102.5085220336914,3025.932373046875,1042.9530029296875,2148.1591796875,416.6482238769531,5971.76708984375,785.4981689453125,227.04835510253906
2022-05-18,2176.241943359375,739.6011352539062,3689.044189453125,2985.53759765625,656.7080688476562,3382.384521484375,1273.6590576171875,570.5562133789062,680.3890380859375,137.35105895996094,3196.505859375,918.3486328125,137.05841064453125,4253.2255859375,760.4663696289062,2586.373779296875,1453.326904296875,911.4069213867188,632.206298828125,543.3074340820312,2212.602783203125,423.7781066894531,2135.4736328125,686.1432495117188,876.476318359375,1326.120849609375,215.12144470214844,603.20556640625,368.0059509277344,1494.5048828125,3960.379638671875,881.0919189453125,7298.3046875,785.26953125,130.94119262695312,127.12915802001953,143.02606201171875,1149.6641845703125,1065.9495849609375,418.9542541503906,864.8370971679688,723.6993408203125,101.77983856201172,3023.477783203125,1020.1915893554688,2138.68359375,407.8074035644531,6094.9619140625,789.10205078125,224.52896118164062
2022-05-19,2110.039794921875,713.3189086914062,3587.1142578125,2934.30322265625,647.4964599609375,3299.7255859375,1238.898681640625,559.9401245117188,658.98486328125,135.17843627929688,3137.837158203125,900.02197265625,133.84523010253906,4090.078369140625,765.0711669921875,2542.723876953125,1424.4530029296875,856.8262329101562,619.2869873046875,522.2666625976562,2192.124267578125,405.2177429199219,2110.450927734375,669.6044921875,840.6660766601562,1254.0245361328125,222.25723266601562,573.716796875,355.3724670410156,1471.172607421875,3751.599853515625,851.4263305664062,7142.0478515625,773.288818359375,130.50033569335938,124.63642883300781,143.277099609375,1123.16845703125,1048.8271484375,409.3493957519531,850.8422241210938,692.0381469726562,96.76953887939453,2859.671142578125,964.7448120117188,2084.593505859375,391.5992431640625,5937.39990234375,782.2787475585938,210.48570251464844
2022-05-20,2214.606201171875,747.1450805664062,3622.868896484375,2995.0234375,670.3012084960938,3379.351318359375,1253.654296875,566.0820922851562,672.3258056640625,137.72352600097656,3249.147216796875,938.786376953125,137.35386657714844,4192.93310546875,827.3075561523438,2597.69384765625,1454.3040771484375,873.3362426757812,635.5985717773438,538.0719604492188,2257.177490234375,416.97589111328125,2167.67236328125,688.27734375,870.022705078125,1278.6279296875,225.76461791992188,603.25341796875,364.4889221191406,1530.239990234375,3800.140869140625,871.9269409179688,7317.64404296875,810.1773071289062,131.91111755371094,126.11647033691406,143.74781799316406,1188.6605224609375,1063.4185791015625,422.9790954589844,880.7074584960938,709.595703125,100.94766235351562,2886.8916015625,984.3731689453125,2109.368408203125,410.6070251464844,5992.20166015625,776.7528076171875,214.42808532714844
2022-05-23,2165.81494140625,733.517333984375,3671.216064453125,3056.899169921875,672.5418701171875,3377.879150390625,1254.77197265625,568.4761962890625,670.322265625,137.43382263183594,3283.802490234375,930.7743530273438,136.1350860595703,3796.607421875,832.340576171875,2629.831787109375,1424.0621337890625,864.3809814453125,627.4428100585938,544.4435424804688,2287.2861328125,401.4765625,2217.8583984375,689.7323608398438,875.7484741210938,1290.2703857421875,221.32997131347656,523.3899536132812,369.5004577636719,1562.60107421875,3897.552978515625,908.6834106445312,7617.47412109375,816.5339965820312,132.39608764648438,120.8194808959961,140.955078125,1180.711669921875,1068.5303955078125,421.60699462890625,886.8630981445312,700.0972900390625,88.2149429321289,2912.096435546875,994.8184204101562,2123.43359375,413.9960021972656,5784.57958984375,760.4153442382812,217.41403198242188
2022-05-24,2155.388427734375,732.1546020507812,3586.9658203125,2972.777099609375,661.2888793945312,3375.336669921875,1233.255126953125,568.9470825195312,662.8455200195312,136.60618591308594,3268.169921875,931.1101684570312,134.69473266601562,3566.545166015625,846.3883056640625,2608.7265625,1370.6622314453125,841.8441162109375,634.6361694335938,546.1721801757812,2298.004638671875,389.4754638671875,2152.48193359375,686.9193725585938,871.4298706054688,1266.1943359375,218.38699340820312,515.8863525390625,375.13970947265625,1545.6363525390625,3768.7978515625,913.458740234375,7526.03466796875,825.7975463867188,129.5303955078125,117.35298919677734,142.46124267578125,1184.765380859375,1065.4532470703125,422.6589660644531,875.1768188476562,686.1376953125,86.78343200683594,2882.5078125,956.0404663085938,2112.52685546875,418.21990966796875,5737.404296875,761.6646118164062,214.5913848876953
2022-05-25,2069.530029296875,689.0808715820312,3480.936767578125,2733.17138671875,662.2349853515625,3382.920166015625,1238.120361328125,571.7530517578125,672.6190795898438,134.97152709960938,3311.535888671875,932.50146484375,133.47592163085938,3427.894775390625,838.6683349609375,2576.924072265625,1344.0843505859375,827.1589965820312,639.375732421875,562.1751098632812,2261.142822265625,385.6370849609375,2142.27685546875,691.9634399414062,866.9656982421875,1239.3502197265625,219.8786163330078,505.1327209472656,380.1114196777344,1496.643310546875,3593.569580078125,895.659423828125,7511.1806640625,830.4413452148438,134.60049438476562,118.87202453613281,141.1119384765625,1183.0216064453125,1087.8858642578125,421.8692932128906,876.4271850585938,687.14501953125,86.15821075439453,2795.706787109375,922.7901000976562,2086.0244140625,409.6247253417969,5663.24267578125,734.2272338867188,207.54640197753906
2022-05-26,2041.842041015625,682.8509521484375,3617.732421875,2735.193603515625,680.4089965820312,3441.40185546875,1245.2760009765625,570.8112182617188,677.9456787109375,134.2266082763672,3353.39501953125,925.4970703125,135.35948181152344,3359.08056640625,838.02587890625,2614.29052734375,1360.695556640625,832.4642944335938,657.6119995117188,571.0161743164062,2297.525390625,396.3262939453125,2125.0361328125,706.6592407226562,871.0902099609375,1251.2125244140625,220.28396606445312,527.3568115234375,380.3305969238281,1486.94921875,3641.077392578125,897.010009765625,7528.30126953125,848.158935546875,135.92312622070312,118.32669067382812,142.58677673339844,1171.7440185546875,1097.166748046875,435.6188049316406,865.6065673828125,692.9495849609375,90.72008514404297,2848.0439453125,938.8494262695312,2114.20458984375,413.21014404296875,5743.4658203125,718.3221435546875,211.51214599609375
2022-05-27,2075.516845703125,684.408447265625,3814.234619140625,2730.089599609375,685.43798828125,3419.72216796875,1273.28466796875,588.0499267578125,668.9050903320312,133.39895629882812,3350.240478515625,927.2240600585938,134.32537841796875,3423.365478515625,854.8383178710938,2630.599365234375,1364.7506103515625,852.157470703125,669.8095703125,590.8220825195312,2370.160888671875,397.5895690917969,2172.006103515625,717.6204833984375,898.0691528320312,1284.075439453125,222.34884643554688,524.2024536132812,387.8130798339844,1520.926025390625,3757.37939453125,919.2470703125,7661.36083984375,847.6087036132812,132.66064453125,112.01699829101562,141.01779174804688,1166.308837890625,1112.8001708984375,435.6653137207031,869.40576171875,696.0197143554688,89.98709106445312,2878.3603515625,977.7144165039062,2121.36083984375,422.0018615722656,5815.57373046875,727.1156005859375,217.8572540283203
2022-05-30,2160.826416015625,715.16845703125,3844.062744140625,2738.9013671875,690.7658081054688,3440.821533203125,1289.816650390625,599.5980834960938,683.223388671875,136.2130126953125,3367.80322265625,946.8460693359375,138.27720642089844,3473.819580078125,850.9053955078125,2646.2841796875,1408.037109375,882.7160034179688,674.3807373046875,601.4907836914062,2414.386474609375,404.9748229980469,2189.107666015625,726.0596313476562,908.5501708984375,1341.586181640625,222.22496032714844,515.0737915039062,379.2446594238281,1578.4727783203125,3938.85791015625,963.1426391601562,7729.794921875,850.7726440429688,133.0574188232422,112.2117691040039,143.24574279785156,1206.935791015625,1139.89794921875,440.91424560546875,854.401123046875,719.7177734375,90.32772064208984,2978.93017578125,1013.184326171875,2226.678466796875,434.5754699707031,5966.78076171875,752.0543212890625,222.19619750976562
2022-05-31,2162.72216796875,720.181396484375,3930.338134765625,2753.972900390625,682.3510131835938,3447.423828125,1290.8095703125,596.7479248046875,684.3474731445312,134.9922332763672,3435.18310546875,952.7471923828125,142.48760986328125,3497.974853515625,850.7788696289062,2667.677490234375,1395.9208984375,883.4375,668.31787109375,593.3182983398438,2417.305908203125,410.6109313964844,2193.114990234375,730.2791748046875,903.358154296875,1335.1925048828125,223.54647827148438,526.9266967773438,368.01593017578125,1572.4378662109375,3997.690185546875,997.8729858398438,7683.93115234375,850.0327758789062,137.5543975830078,117.82037353515625,146.16400146484375,1192.3743896484375,1165.4573974609375,434.8756103515625,827.758056640625,728.9282836914062,91.03485107421875,2969.310302734375,1027.3289794921875,2187.295654296875,435.705078125,5947.17724609375,749.2192993164062,223.03599548339844
2022-06-01,2146.109130859375,717.3098754882812,3791.7646484375,2747.087158203125,683.1973876953125,3318.951904296875,1257.1373291015625,589.6836547851562,678.9231567382812,134.90945434570312,3344.3076171875,943.727783203125,144.8143768310547,3462.76416015625,840.917236328125,2658.99560546875,1403.6890869140625,864.0413818359375,671.1568603515625,601.4412841796875,2403.101806640625,399.04718017578125,2151.363525390625,730.085205078125,900.9320068359375,1312.9481201171875,224.5376434326172,544.3713989257812,371.6525573730469,1566.2601318359375,3950.323486328125,1010.41455078125,7657.93603515625,828.4137573242188,138.25979614257812,116.65190124511719,143.8419189453125,1192.7593994140625,1144.2158203125,435.0614013671875,807.2229614257812,730.2235107421875,91.71611785888672,2961.234375,998.0388793945312,2169.134033203125,436.7365417480469,5842.6083984375,749.3634643554688,219.63014221191406
2022-06-02,2204.47900390625,728.5529174804688,3600.3984375,2801.06591796875,688.6744995117188,3290.9375,1291.0091552734375,594.3635864257812,680.1936645507812,136.29579162597656,3368.556884765625,947.134033203125,146.40248107910156,3432.7646484375,843.6722412109375,2612.803466796875,1399.780517578125,882.5462036132812,666.4653930664062,602.1841430664062,2320.75,398.3183898925781,2129.322998046875,727.2721557617188,915.100830078125,1339.0997314453125,225.9005126953125,548.099365234375,370.1679992675781,1555.9483642578125,4072.781494140625,1007.7134399414062,7644.4326171875,835.7289428710938,140.24375915527344,118.75515747070312,141.55126953125,1233.8843994140625,1135.282470703125,436.50140380859375,826.7481689453125,727.4890747070312,93.26835632324219,3021.07373046875,997.5166015625,2192.181396484375,431.3829345703125,5874.091796875,745.1348876953125,221.21641540527344
2022-06-03,2185.122314453125,720.2301635742188,3544.642822265625,2780.2158203125,674.4837646484375,3276.662841796875,1266.6182861328125,591.4545288085938,670.95751953125,135.79917907714844,3324.248779296875,922.0428466796875,145.51608276367188,3387.911376953125,845.0059204101562,2576.060791015625,1308.8101806640625,885.347412109375,664.1558837890625,597.0330200195312,2251.600341796875,395.25738525390625,2135.986572265625,721.9854736328125,897.0016479492188,1351.2652587890625,225.23968505859375,537.6324462890625,370.3673095703125,1570.109375,4074.143798828125,992.3740844726562,7431.89453125,825.02392578125,136.67263793945312,118.09304809570312,141.83364868164062,1258.8853759765625,1132.70166015625,431.5311279296875,832.08642578125,723.3156127929688,92.03950500488281,3036.20947265625,999.1704711914062,2175.845703125,424.2611389160156,5552.41650390625,739.6570434570312,221.84628295898438
2022-06-06,2220.09423828125,721.5443115234375,3588.990234375,2713.33251953125,669.405029296875,3405.40283203125,1249.1331787109375,590.748046875,667.4879150390625,132.15745544433594,3288.4169921875,936.5313110351562,143.92796325683594,3408.70654296875,838.3374633789062,2545.21826171875,1296.3519287109375,880.5089721679688,663.2656860351562,600.4010620117188,2214.12841796875,397.5895690917969,2125.3154296875,724.3621215820312,901.3202514648438,1358.68017578125,226.9741973876953,553.4522705078125,372.48944091796875,1558.846923828125,4074.191650390625,999.4166259765625,7437.19921875,816.6588745117188,136.84896850585938,119.9236068725586,141.08058166503906,1253.47314453125,1133.54541015625,430.7879333496094,826.9887084960938,732.6701049804688,92.97084045410156,3028.08984375,995.9497680664062,2170.071533203125,424.7032165527344,5457.08740234375,748.6427001953125,220.77322387695312
2022-06-07,2222.588623046875,715.0223999023438,3564.89111328125,2643.270751953125,663.081298828125,3420.658935546875,1231.39892578125,576.7765502929688,669.7847900390625,132.52992248535156,3186.240966796875,933.364990234375,145.92234802246094,3410.264892578125,806.8345947265625,2540.2294921875,1296.302978515625,868.2855224609375,655.6392211914062,599.6085815429688,2240.358642578125,392.7794494628906,2061.104248046875,713.2068481445312,896.4193725585938,1337.9451904296875,226.2308349609375,546.856689453125,370.26763916015625,1510.6141357421875,4009.907958984375,1005.7838745117188,7532.54541015625,804.6469116210938,138.6565704345703,126.0775375366211,141.2061004638672,1255.8282470703125,1125.9024658203125,430.50921630859375,815.8795166015625,725.906005859375,92.14298248291016,2967.853759765625,983.8509521484375,2073.588134765625,428.14129638671875,5431.51953125,717.120849609375,218.183837890625
2022-06-08,2172.350341796875,709.2305908203125,3591.4599609375,2605.230712890625,655.8615112304688,3385.0166015625,1244.00341796875,584.203857421875,648.2827758789062,134.0404052734375,3165.5703125,923.9617919921875,145.99620056152344,3404.469482421875,817.5821533203125,2541.4287109375,1298.3551025390625,874.482177734375,657.9487915039062,594.3088989257812,2253.517333984375,392.0992126464844,2047.5439453125,707.6292724609375,886.7147216796875,1331.9957275390625,221.27508544921875,550.7280883789062,367.7469482421875,1505.957275390625,4055.394775390625,1008.1473999023438,7612.65087890625,803.5347900390625,138.48025512695312,127.28495788574219,140.92367553710938,1233.7711181640625,1127.6395263671875,437.8484802246094,814.9175415039062,726.433837890625,93.71678924560547,3004.436767578125,978.541259765625,2101.2744140625,427.94482421875,5408.689453125,706.50146484375,219.4668731689453
2022-06-09,2214.25732421875,715.9470825195312,3624.893310546875,2602.421630859375,658.55029296875,3460.40478515625,1244.6024169921875,578.7339477539062,661.0372924804688,137.7442169189453,3152.15087890625,932.5974731445312,146.80873107910156,3416.060302734375,841.6765747070312,2605.560302734375,1279.154541015625,873.1666259765625,662.9048461914062,599.21240234375,2264.105712890625,388.45513916015625,2048.14990234375,710.7817993164062,893.1198120117188,1345.315673828125,223.71168518066406,546.9522705078125,371.6724853515625,1515.9840087890625,4107.64794921875,1008.243896484375,7648.72509765625,805.6680908203125,136.8048858642578,128.95974731445312,141.1119384765625,1267.6041259765625,1155.0845947265625,433.8072204589844,826.0748901367188,729.55322265625,90.103515625,3024.692138671875,991.075439453125,2111.984130859375,420.9212951660156,5359.8515625,718.1780395507812,221.63633728027344
2022-06-10,2198.193115234375,707.089111328125,3654.96875,2623.6826171875,657.9528198242188,3462.50146484375,1222.8958740234375,556.0645751953125,658.1053466796875,136.97862243652344,3164.95849609375,927.6559448242188,146.6240692138672,3436.36865234375,847.2546997070312,2602.538818359375,1296.1563720703125,861.8767700195312,650.1057739257812,587.5232543945312,2267.460693359375,374.8507080078125,2050.2001953125,698.4140014648438,886.2294921875,1311.3941650390625,223.13351440429688,547.239013671875,357.0462951660156,1506.47998046875,4070.7607421875,999.9472045898438,7653.7890625,805.9923095703125,136.89306640625,128.2586669921875,140.8608856201172,1229.33251953125,1146.3499755859375,429.0692138671875,813.4268188476562,731.6807250976562,88.27961730957031,2965.38232421875,966.0504760742188,2114.5009765625,420.479248046875,5388.35205078125,705.7807006835938,215.0579376220703
2022-06-13,2075.11767578125,676.7671508789062,3606.96630859375,2577.18994140625,646.2516479492188,3462.724365234375,1136.3245849609375,525.72265625,656.1016845703125,131.57810974121094,3163.21630859375,916.0938110351562,141.12109375,3383.868896484375,830.8316650390625,2590.978515625,1262.98291015625,841.8864135742188,638.317138671875,576.5277099609375,2264.7158203125,356.0960693359375,2047.4041748046875,667.3734741210938,839.8897705078125,1264.951904296875,218.59071350097656,539.1140747070312,346.19622802734375,1456.061279296875,3840.92919921875,968.8827514648438,7621.47705078125,809.814453125,131.29388427734375,124.2859115600586,139.54298400878906,1206.0750732421875,1125.3067626953125,414.2048645019531,797.844970703125,711.7108764648438,85.5416259765625,2841.556640625,915.6522827148438,2075.1669921875,399.5068664550781,5236.90087890625,698.0924682617188,208.12962341308594
2022-06-14,2191.5576171875,685.9659423828125,3660.5986328125,2552.63623046875,648.0441284179688,3284.7373046875,1131.3797607421875,527.439697265625,666.6083374023438,130.067626953125,3185.676025390625,925.6409301757812,141.9705047607422,3434.031005859375,839.3693237304688,2612.035888671875,1279.398681640625,846.2155151367188,631.2921142578125,567.0180053710938,2228.81201171875,348.1763000488281,2023.2667236328125,664.9484252929688,819.2673950195312,1279.204345703125,219.25148010253906,537.1067504882812,346.6645202636719,1468.0362548828125,3938.951904296875,983.3056030273438,7534.7158203125,810.63134765625,133.498291015625,121.48158264160156,140.547119140625,1190.3135986328125,1123.7186279296875,416.295166015625,793.5648803710938,711.6141357421875,85.90382385253906,2833.569091796875,896.6770629882812,2074.772216796875,397.9842834472656,5307.73779296875,687.8095092773438,208.0363006591797
2022-06-15,2179.734130859375,685.0411987304688,3676.8955078125,2577.5771484375,647.7952270507812,3299.323974609375,1178.604736328125,538.15380859375,666.6571655273438,129.94345092773438,3188.0771484375,929.574951171875,140.38238525390625,3488.040283203125,844.1297607421875,2609.493896484375,1301.237548828125,840.2737426757812,629.102783203125,574.298828125,2270.3798828125,347.39892578125,2018.14306640625,666.6458740234375,818.3939208984375,1262.9095458984375,217.55825805664062,538.158203125,346.0567321777344,1482.9573974609375,3948.9609375,989.3351440429688,7575.0341796875,807.308837890625,130.63258361816406,117.93722534179688,139.480224609375,1175.910888671875,1117.41552734375,419.314453125,790.9197387695312,713.4515991210938,87.21263122558594,2829.818115234375,887.8855590820312,2077.78271484375,406.7760009765625,5332.71923828125,684.3977661132812,205.33029174804688
2022-06-16,2078.360595703125,663.5773315429688,3618.57177734375,2573.9931640625,632.2600708007812,3263.726806640625,1144.8924560546875,518.427734375,639.3888549804688,128.97096252441406,3192.78564453125,902.8526000976562,132.88497924804688,3472.260986328125,834.7840576171875,2544.642333984375,1255.654541015625,819.0949096679688,616.520263671875,565.185302734375,2195.218017578125,326.60357666015625,2018.28369140625,658.1582641601562,785.689208984375,1240.70947265625,215.3281707763672,521.764892578125,333.9313659667969,1451.6419677734375,3816.869873046875,969.79931640625,7555.88720703125,810.7537841796875,126.04742431640625,111.822265625,135.77749633789062,1159.4698486328125,1096.96826171875,410.2565002441406,783.5136108398438,701.0731201171875,81.9546890258789,2773.068603515625,848.9336547851562,2034.2537841796875,386.00006103515625,5187.1337890625,657.0084838867188,197.02561950683594
2022-06-17,2091.1318359375,651.1663208007812,3655.70947265625,2499.169677734375,632.5588989257812,3237.63037109375,1173.130859375,531.737060546875,629.0776977539062,124.56362915039062,3137.884033203125,877.71337890625,134.9163055419922,3391.466552734375,807.3701171875,2498.88232421875,1260.5401611328125,813.8320922851562,620.5861206054688,545.6210327148438,2150.207275390625,324.2713928222656,1984.2022705078125,666.2578735351562,783.0689697265625,1231.91845703125,217.47567749023438,530.1287841796875,333.49298095703125,1416.04931640625,3762.360595703125,962.4673461914062,7415.59375,799.626220703125,123.8430404663086,110.1864242553711,132.6395721435547,1173.0574951171875,1074.0888671875,409.6990966796875,763.1226806640625,688.2112426757812,82.40913391113281,2726.203125,840.01171875,1911.3665771484375,382.0708312988281,5062.03271484375,639.2293701171875,189.04759216308594
2022-06-20,2075.217529296875,645.5204467773438,3764.80029296875,2577.1416015625,625.6875,3226.032470703125,1168.619873046875,536.7310791015625,626.3899536132812,122.51515197753906,3236.5537109375,888.3639526367188,130.632080078125,3441.725830078125,808.363037109375,2516.58203125,1285.8966064453125,814.9354248046875,636.1759643554688,547.948974609375,2137.2666015625,312.41607666015625,2064.54052734375,665.3848876953125,760.893798828125,1255.7611083984375,218.1364288330078,526.0663452148438,334.6088562011719,1398.799560546875,3718.706298828125,948.0445556640625,7389.3583984375,815.2271118164062,121.02141571044922,104.69459533691406,130.69407653808594,1151.79296875,1067.9842529296875,403.84625244140625,774.5685424804688,693.2399291992188,78.29185485839844,2746.943603515625,852.4589233398438,1936.2894287109375,375.9313659667969,5214.56005859375,615.491943359375,193.4564971923828
2022-06-21,2156.98486328125,670.7806396484375,3761.343505859375,2594.2373046875,633.8533935546875,3252.1728515625,1172.63671875,544.4527587890625,639.486572265625,124.64640808105469,3285.121826171875,900.2138671875,136.50442504882812,3505.9619140625,831.1138916015625,2592.897216796875,1303.5823974609375,837.4724731445312,643.1048583984375,559.1427612304688,2177.91943359375,329.6645812988281,2073.096435546875,675.2305908203125,775.2566528320312,1287.507080078125,222.92703247070312,550.7757568359375,335.067138671875,1425.885986328125,3870.58056640625,962.7567138671875,7504.76611328125,815.4529418945312,123.40215301513672,108.35581970214844,132.0120086669922,1170.38525390625,1088.2332763671875,418.7570495605469,786.2548828125,703.2974243164062,80.41867065429688,2834.804443359375,870.5203857421875,2051.181884765625,390.5678405761719,5298.25390625,628.7060546875,198.3553009033203
2022-06-22,2084.546630859375,650.5335693359375,3741.1455078125,2582.614501953125,624.1937866210938,3243.60791015625,1141.2647705078125,533.7044067382812,628.2957763671875,126.59141540527344,3260.550048828125,879.7763671875,132.47874450683594,3506.0595703125,829.6050415039062,2554.475830078125,1294.593017578125,815.9965209960938,640.0734252929688,546.6116333007812,2199.923583984375,307.5088195800781,2071.074951171875,666.015380859375,754.682861328125,1276.2740478515625,219.12757873535156,526.1141967773438,332.7158508300781,1405.40478515625,3779.8876953125,949.105712890625,7506.84033203125,806.0043334960938,121.37409210205078,105.04517364501953,132.2002716064453,1134.8311767578125,1062.5250244140625,415.8770751953125,778.4158325195312,685.6001586914062,76.17413330078125,2844.5126953125,853.0247192382812,2004.889404296875,386.1474304199219,5289.5029296875,589.7362670898438,191.87022399902344
2022-06-23,2105.6494140625,657.3475341796875,3803.123046875,2671.57958984375,626.7330932617188,3376.6748046875,1152.97119140625,534.543212890625,645.2530517578125,127.41908264160156,3268.0224609375,895.5602416992188,130.85365295410156,3571.02587890625,836.2247924804688,2704.420166015625,1285.945556640625,824.442626953125,642.43115234375,552.8524169921875,2330.335693359375,308.6263122558594,2117.849609375,678.189208984375,761.7672729492188,1289.771484375,219.2927703857422,534.2869262695312,335.5852966308594,1420.1834716796875,3884.2548828125,991.4574584960938,7977.78125,815.6691284179688,120.36007690429688,105.00621032714844,130.8823699951172,1116.419921875,1065.9000244140625,419.36090087890625,793.420654296875,694.7872924804688,76.4649887084961,2920.282958984375,862.6865234375,2014.9573974609375,399.998046875,5289.84521484375,608.5244750976562,195.5093231201172
2022-06-24,2156.635498046875,668.1524658203125,3791.171875,2674.194580078125,631.3638916015625,3402.146484375,1155.97509765625,548.239990234375,656.0039672851562,127.27422332763672,3323.48828125,895.8960571289062,130.4104766845703,3585.343994140625,839.0967407226562,2760.877197265625,1292.980712890625,820.5805053710938,651.4049682617188,556.1708984375,2405.149169921875,313.1934509277344,2166.080078125,692.0604248046875,782.6807250976562,1279.692626953125,219.5818634033203,542.746337890625,338.4347839355469,1420.706298828125,3790.977783203125,1034.2435302734375,8066.712890625,827.9380493164062,120.44827270507812,106.99259948730469,131.1333770751953,1132.3175048828125,1070.5653076171875,422.0086364746094,793.1319580078125,704.98974609375,77.51476287841797,2906.42626953125,854.0692138671875,2019.102783203125,402.06085205078125,5346.5537109375,615.8763427734375,195.369384765625
2022-06-27,2176.74072265625,669.4666137695312,3747.812255859375,2732.358642578125,634.4508666992188,3444.836181640625,1157.1927490234375,553.4842529296875,668.46533203125,130.35726928710938,3313.6689453125,894.6007080078125,134.4730987548828,3577.989990234375,841.2189331054688,2732.480712890625,1318.434814453125,842.3533935546875,652.583740234375,552.7533569335938,2401.271240234375,320.6273498535156,2181.828125,695.843505859375,799.1786499023438,1309.4404296875,222.96829223632812,546.426513671875,337.06982421875,1459.6253662109375,3912.73046875,1044.517822265625,8149.22900390625,834.0208740234375,122.12360382080078,110.2253646850586,132.7650909423828,1128.9658203125,1076.5208740234375,428.4653625488281,803.7603759765625,705.3765869140625,78.87809753417969,2925.489501953125,876.7005004882812,2013.87158203125,407.1689147949219,5436.45703125,631.4930419921875,198.23867797851562
2022-06-28,2199.689453125,660.0244750976562,3790.13525390625,2640.875,639.6790771484375,3469.638671875,1134.1689453125,547.1116333007812,665.7286987304688,131.84710693359375,3290.294677734375,906.8345336914062,137.68626403808594,3519.549072265625,851.7425537109375,2747.3505859375,1312.3277587890625,850.5022583007812,647.6036987304688,560.628662109375,2411.031494140625,333.84307861328125,2179.0078125,689.0048217773438,792.4824829101562,1314.368896484375,224.5376434326172,552.8787231445312,332.5364685058594,1474.546630859375,3968.46142578125,1072.78466796875,8188.72802734375,836.2142944335938,122.21177673339844,116.34032440185547,131.98060607910156,1144.840576171875,1070.06884765625,431.29888916015625,796.9793701171875,712.5811767578125,79.8824234008789,2928.534423828125,888.451416015625,1942.5572509765625,409.72296142578125,5448.67822265625,630.4359130859375,199.33506774902344
2022-06-29,2215.1552734375,659.7810668945312,3667.314697265625,2613.076171875,622.9489135742188,3450.501708984375,1108.75,540.8862915039062,672.2281494140625,130.9366455078125,3261.029296875,909.2813110351562,139.42213439941406,3490.2314453125,849.7469482421875,2769.223388671875,1292.980712890625,838.2788696289062,646.6653442382812,536.1608276367188,2398.56982421875,334.4261169433594,2099.84423828125,681.6812744140625,784.9127807617188,1299.36181640625,226.35475158691406,550.6324462890625,327.2857666015625,1471.1251220703125,3840.92919921875,1072.54345703125,8207.2470703125,840.7859497070312,124.98930358886719,120.07940673828125,132.48268127441406,1168.5960693359375,1059.745849609375,426.5144348144531,806.6939086914062,696.2862548828125,80.1278305053711,2904.131103515625,888.799560546875,1911.070556640625,409.57562255859375,5493.2138671875,619.2879638671875,196.302490234375
2022-06-30,2186.019775390625,654.1839599609375,3638.177734375,2610.557861328125,634.152099609375,3431.10888671875,1091.3785400390625,531.7973022460938,669.442626953125,127.62600708007812,3320.662109375,880.0641479492188,137.09535217285156,3536.05859375,855.4808959960938,2680.724609375,1290.5379638671875,826.1403198242188,648.6141357421875,544.8285522460938,2370.073486328125,329.0815124511719,2097.1650390625,685.997802734375,770.8895263671875,1298.1629638671875,225.9005126953125,539.5919799804688,331.0021667480469,1480.961669921875,3763.815185546875,1054.599365234375,8170.4501953125,839.3901977539062,126.00331115722656,118.0540771484375,132.9847412109375,1175.616455078125,1073.592529296875,432.831787109375,798.9030151367188,683.085693359375,78.80538940429688,2883.479248046875,870.4334106445312,1916.1044921875,404.51666259765625,5482.458984375,607.755615234375,194.1096649169922
2022-07-01,2227.228271484375,659.87841796875,3690.18017578125,2686.059814453125,641.2724609375,3355.203369140625,1130.3944091796875,552.8603515625,658.2030029296875,131.74365234375,3433.653076171875,910.8644409179688,135.35948181152344,3543.023193359375,853.9427490234375,2669.644287109375,1316.4317626953125,827.9229125976562,651.380859375,560.13330078125,2408.504638671875,331.5108642578125,2145.819580078125,682.7966918945312,783.360107421875,1313.703125,234.8621826171875,553.308837890625,332.3272399902344,1494.17236328125,3787.815673828125,1068.298583984375,8104.7158203125,855.008056640625,124.0193862915039,102.08503723144531,129.59579467773438,1090.9434814453125,1091.70751953125,433.7143249511719,797.6044921875,695.85107421875,79.3325424194336,2925.843017578125,879.7470703125,1920.990234375,405.4007568359375,5564.98046875,618.423095703125,196.8856658935547
2022-07-04,2256.812255859375,663.869384765625,3723.712646484375,2702.67138671875,651.6292114257812,3406.254638671875,1136.9586181640625,554.4262084960938,666.4617309570312,130.9159698486328,3544.8720703125,892.9696655273438,134.4730987548828,3544.97119140625,847.8193969726562,2682.69140625,1319.900634765625,835.7747802734375,652.2950439453125,568.900146484375,2405.584716796875,330.8792724609375,2233.114990234375,698.510986328125,807.4276733398438,1321.33984375,241.09815979003906,543.4547729492188,332.9549255371094,1503.2486572265625,3764.477783203125,1052.7181396484375,8144.02001953125,864.593505859375,124.68072509765625,98.15120697021484,132.2316436767578,1093.2080078125,1109.375732421875,439.8459167480469,797.748779296875,706.1019287109375,77.66927337646484,2855.192626953125,870.389892578125,1937.0792236328125,401.2259521484375,5581.943359375,628.994384765625,196.09251403808594
2022-07-05,2241.446533203125,660.705810546875,3770.43017578125,2679.7158203125,645.803466796875,3409.031494140625,1150.576171875,557.4591064453125,668.9539794921875,129.57102966308594,3502.865478515625,899.4462890625,134.7685546875,3516.238037109375,855.5587768554688,2691.51708984375,1318.87451171875,833.6951293945312,650.8275146484375,559.5389404296875,2385.36767578125,335.4950256347656,2257.842041015625,697.8804931640625,799.7124633789062,1310.639404296875,236.96835327148438,544.5879516601562,331.39068603515625,1487.2818603515625,3748.3359375,1043.79443359375,8052.7265625,864.1347045898438,124.19574737548828,99.24176788330078,134.3968048095703,1102.0625,1102.77490234375,438.6381530761719,803.9044799804688,705.0381469726562,78.17823791503906,2838.643798828125,873.2188110351562,1928.93603515625,404.713134765625,5602.37890625,630.8203735351562,192.96661376953125
2022-07-06,2267.787353515625,675.8910522460938,3835.717041015625,2771.538330078125,655.2142944335938,3492.619873046875,1200.8734130859375,582.6284790039062,678.2388916015625,132.96441650390625,3669.74169921875,907.3142700195312,134.21456909179688,3550.084716796875,854.7410278320312,2789.705322265625,1338.3193359375,837.4724731445312,659.80126953125,552.2085571289062,2467.762939453125,331.3165588378906,2348.945068359375,704.1856689453125,811.84326171875,1324.5809326171875,238.9506378173828,546.460205078125,339.6502990722656,1478.9659423828125,3799.1767578125,1065.5975341796875,8324.1015625,883.529052734375,122.52037811279297,94.21736145019531,132.0747528076172,1092.3701171875,1107.8370361328125,445.8845520019531,805.7320556640625,725.249755859375,77.99647521972656,2877.87548828125,879.0507202148438,1987.4681396484375,408.9861755371094,5698.29443359375,636.6826171875,194.1096649169922
2022-07-07,2269.234375,684.8951416015625,3867.07666015625,2800.595947265625,656.4110717773438,3513.4013671875,1194.7684326171875,577.1140747070312,671.250732421875,136.31646728515625,3650.0556640625,897.38330078125,137.39080810546875,3561.383056640625,844.3146362304688,2824.481201171875,1343.400146484375,840.231201171875,671.6139526367188,549.38525390625,2474.428955078125,351.431640625,2325.017333984375,719.7545166015625,835.5712280273438,1330.8411865234375,241.13946533203125,566.2177734375,346.4253845214844,1531.1903076171875,3829.8994140625,1093.3336181640625,8301.291015625,874.70263671875,123.8430404663086,96.2037582397461,133.39271545410156,1081.61328125,1116.2740478515625,452.201904296875,817.03369140625,729.9883422851562,81.80018615722656,2901.79248046875,888.4949340820312,2099.94189453125,423.229736328125,5708.85400390625,656.1434326171875,196.32579040527344
2022-07-08,2287.9423828125,696.6735229492188,3887.718994140625,2789.360595703125,667.3819580078125,3540.708984375,1198.337646484375,578.3449096679688,679.4117431640625,134.61976623535156,3656.473876953125,897.5752563476562,140.19773864746094,3575.895751953125,857.8951416015625,2812.393798828125,1359.52294921875,834.8834228515625,672.2394409179688,540.2222900390625,2483.01318359375,347.4474792480469,2347.48779296875,733.0437622070312,823.537353515625,1344.8270263671875,242.0480499267578,557.9403076171875,347.6708068847656,1603.75341796875,3851.29638671875,1093.6229248046875,8175.46533203125,884.99462890625,126.70877838134766,94.64579772949219,137.3150634765625,1083.10791015625,1138.4091796875,453.87408447265625,824.9688720703125,736.32275390625,80.51863861083984,2882.023193359375,893.4998779296875,2124.0615234375,433.740478515625,5709.0986328125,663.3512573242188,195.53265380859375
2022-07-11,2367.964111328125,709.8146362304688,3884.854736328125,2840.938720703125,678.0537109375,3562.508544921875,1191.853271484375,577.19287109375,645.5950927734375,130.72972106933594,3635.830078125,909.1853637695312,142.81996154785156,3637.064208984375,882.360595703125,2922.957275390625,1373.837890625,800.9295654296875,676.5940551757812,541.5100708007812,2499.396240234375,346.1356506347656,2341.61181640625,746.4300537109375,832.9993896484375,1308.1529541015625,243.6586456298828,568.8783569335938,346.9733581542969,1580.5162353515625,3744.927001953125,1123.9637451171875,8206.04296875,888.3698120117188,127.67867279052734,97.76171112060547,136.21682739257812,1097.827880859375,1138.9053955078125,453.5489807128906,824.5360717773438,740.674560546875,82.95901489257812,2748.179443359375,877.005126953125,2143.12939453125,429.320068359375,5723.9111328125,663.8797607421875,191.84689331054688
2022-07-12,2360.380859375,712.4428100585938,3881.348388671875,2802.33984375,674.4133911132812,3561.8603515625,1184.5252685546875,578.37939453125,647.9896240234375,127.72945404052734,3568.868896484375,897.863037109375,143.22622680664062,3591.626220703125,878.9691162109375,2833.9306640625,1348.4814453125,787.5602416992188,669.6892700195312,534.6749877929688,2505.84521484375,337.0984191894531,2303.017578125,737.1178588867188,822.0331420898438,1277.47265625,241.7589569091797,566.0699462890625,342.52972412109375,1571.7249755859375,3772.904052734375,1106.2127685546875,8121.20947265625,870.8684692382812,129.7067413330078,96.671142578125,133.98886108398438,1096.2650146484375,1131.31201171875,450.5296630859375,819.1016845703125,731.5357055664062,81.99104309082031,2722.496337890625,868.1268310546875,2109.847412109375,422.93505859375,5650.18994140625,653.6929321289062,190.8904571533203
2022-07-13,2348.258056640625,707.4297485351562,3820.703857421875,2848.83251953125,678.1036376953125,3573.8017578125,1175.0859375,578.9063110351562,628.9310913085938,128.4950408935547,3569.34765625,914.75048828125,142.89381408691406,3680.6025390625,882.4781494140625,2846.73779296875,1367.14453125,779.029296875,653.3536987304688,534.4273071289062,2477.827880859375,339.04193115234375,2348.333984375,730.6187133789062,794.860107421875,1282.66748046875,242.87399291992188,580.0134887695312,347.1327819824219,1565.5472412109375,3801.685791015625,1100.1348876953125,8140.982421875,876.8504028320312,131.0293426513672,96.94377899169922,134.58509826660156,1076.8349609375,1131.4112548828125,451.96966552734375,827.3253173828125,737.434814453125,82.2409896850586,2681.94189453125,861.7725830078125,2091.423095703125,419.54608154296875,5669.84228515625,653.0201416015625,189.74740600585938
2022-07-14,2378.772216796875,710.0762329101562,3850.087890625,2846.846923828125,666.484375,3576.0693359375,1170.697998046875,574.1746826171875,627.1229858398438,126.69488525390625,3615.473388671875,912.6395874023438,141.82278442382812,3636.771728515625,896.9456787109375,2834.93798828125,1359.9627685546875,766.5088500976562,650.0816650390625,532.0994262695312,2433.776123046875,339.2362365722656,2348.381103515625,729.8427124023438,796.655517578125,1268.814697265625,240.2308807373047,575.4805908203125,352.7122497558594,1564.501953125,3667.38720703125,1113.6331787109375,8264.0107421875,882.3109741210938,130.76486206054688,99.0470199584961,134.83612060546875,1085.712158203125,1130.5179443359375,445.32708740234375,846.3215942382812,740.6260986328125,82.52729797363281,2653.624755859375,849.3689575195312,2107.321533203125,420.479248046875,5607.36474609375,644.0344848632812,187.29800415039062
2022-07-15,2400.881591796875,716.398193359375,3883.323974609375,2884.62158203125,660.4503173828125,3622.4921875,1182.079345703125,582.4808349609375,637.0431518554688,129.1571807861328,3687.08056640625,926.936279296875,142.8568878173828,3630.87890625,891.1821899414062,2910.6298828125,1366.21630859375,749.6592407226562,655.37451171875,534.8236083984375,2440.09423828125,340.6452941894531,2414.8515625,728.6785888671875,790.9782104492188,1270.146728515625,242.4610137939453,567.9915161132812,356.22930908203125,1601.2823486328125,3762.963134765625,1142.7252197265625,8466.85546875,901.924072265625,132.0434112548828,98.57964324951172,131.35301208496094,1087.818115234375,1146.8956298828125,445.0948486328125,844.8788452148438,764.5125732421875,80.32776641845703,2649.95263671875,847.6279907226562,2168.982421875,432.41436767578125,5677.76171875,643.2656860351562,183.75216674804688
2022-07-18,2419.198486328125,725.0725708007812,3898.53466796875,2923.075439453125,682.6914672851562,3687.9375,1222.9869384765625,596.7198486328125,648.0384521484375,130.6883544921875,3616.239501953125,928.1836547851562,144.48196411132812,3641.30078125,875.5188598632812,2913.028076171875,1395.6278076171875,764.2169189453125,648.3976440429688,537.646728515625,2455.693115234375,356.7276611328125,2400.748779296875,748.8551025390625,825.9150390625,1323.0269775390625,243.90646362304688,577.4022216796875,367.7768249511719,1641.9595947265625,3991.322021484375,1133.8563232421875,8396.2021484375,894.904296875,132.08750915527344,101.189208984375,131.94923400878906,1097.0804443359375,1168.4351806640625,455.4999084472656,849.1109619140625,768.1874389648438,82.19100952148438,2710.923095703125,877.3969116210938,2216.280517578125,442.92510986328125,5849.20751953125,658.3538208007812,188.83761596679688
2022-07-19,2446.848388671875,734.1389770507812,3970.735107421875,2924.2861328125,698.7488403320312,3704.55322265625,1242.434814453125,597.3253173828125,657.66552734375,130.99871826171875,3628.21435546875,921.7549438476562,146.4394073486328,3655.71630859375,871.9510498046875,2952.552978515625,1409.209716796875,763.7019653320312,648.6382446289062,530.8611450195312,2441.096435546875,357.5536804199219,2414.33447265625,757.245849609375,842.46142578125,1317.921142578125,243.32826232910156,576.3182373046875,365.6446533203125,1644.0030517578125,4081.45458984375,1156.1259765625,8406.859375,883.0029907226562,132.92514038085938,99.6312484741211,131.7923583984375,1103.806396484375,1161.288330078125,462.6069641113281,841.8972778320312,761.3212890625,83.5679702758789,2720.435791015625,877.1358032226562,2219.9951171875,441.10784912109375,5950.3544921875,657.68115234375,189.25750732421875
2022-07-20,2446.6484375,728.7972412109375,4059.677490234375,2912.033203125,703.83544921875,3704.599609375,1240.033935546875,598.1575317382812,655.4664306640625,131.22634887695312,3667.3466796875,941.7607421875,146.1439208984375,3644.417724609375,874.0780639648438,2921.182373046875,1408.6722412109375,787.4791870117188,656.8180541992188,520.2617797851562,2463.36181640625,358.9140930175781,2448.6982421875,759.6222534179688,853.3306274414062,1345.582275390625,246.30172729492188,581.7379760742188,364.2099304199219,1653.6494140625,4208.037109375,1136.0491943359375,8438.8837890625,894.5054931640625,132.74880981445312,103.25350189208984,131.3216552734375,1133.653564453125,1177.269287109375,472.50103759765625,834.394775390625,768.8160400390625,84.38597869873047,2800.564453125,910.0380859375,2249.71142578125,445.4300231933594,5953.43505859375,659.507080078125,192.2667999267578
2022-07-21,2490.9677734375,739.2849731445312,4098.98681640625,2969.809814453125,713.6593627929688,3755.51171875,1269.5552978515625,617.1134033203125,662.9920654296875,133.54380798339844,3693.4033203125,929.2869873046875,146.69793701171875,3695.894287109375,856.8953247070312,2955.910400390625,1431.097412109375,793.5307006835938,654.7490844726562,524.1250610351562,2481.705810546875,365.32763671875,2451.471435546875,762.4353637695312,920.0986938476562,1361.2109375,247.41676330566406,578.9788208007812,358.78985595703125,1699.0830078125,4288.79638671875,1145.3079833984375,8485.1328125,905.212890625,133.01333618164062,103.68195343017578,133.23577880859375,1126.0897216796875,1159.8988037109375,475.7061767578125,836.4628295898438,791.3485717773438,84.91767883300781,2811.62548828125,925.4966430664062,2266.94677734375,446.8052673339844,5994.2060546875,677.5264282226562,193.1532440185547
2022-07-22,2494.860595703125,739.2849731445312,4074.542236328125,2971.069091796875,728.8192138671875,3753.151123046875,1273.3292236328125,616.2615356445312,663.480712890625,132.5506134033203,3708.682861328125,932.7413330078125,145.58995056152344,3698.0859375,857.3658447265625,3019.610595703125,1486.5491943359375,789.925537109375,670.0260620117188,529.9696655273438,2502.4462890625,370.47784423828125,2482.638427734375,776.0640869140625,914.6156005859375,1337.590087890625,248.24273681640625,573.9532470703125,364.0804443359375,1701.5855712890625,4264.98486328125,1151.1068115234375,8517.8798828125,912.3718872070312,131.33799743652344,103.17560577392578,131.7923583984375,1133.698974609375,1156.325439453125,477.23907470703125,841.1277465820312,777.5679321289062,85.07673645019531,2806.050048828125,921.8673095703125,2303.00244140625,446.8543701171875,6314.90380859375,696.7470092773438,191.68360900878906
2022-07-25,2545.9677734375,735.0702514648438,4138.34619140625,3007.439697265625,725.4281616210938,3722.2802734375,1259.8812255859375,613.1843872070312,663.0409545898438,131.24700927734375,3722.525146484375,920.9392700195312,148.3968505859375,3676.21923828125,848.9461059570312,2961.18701171875,1464.221923828125,798.8526000976562,671.9989013671875,521.7971801757812,2473.906494140625,376.11395263671875,2466.656005859375,776.888671875,933.6367797851562,1335.1925048828125,248.697021484375,576.958740234375,357.7935485839844,1715.7353515625,4261.1982421875,1107.005859375,8315.9521484375,901.2537841796875,132.35198974609375,101.111328125,130.47442626953125,1096.2425537109375,1136.4735107421875,481.0480041503906,835.21240234375,781.3395385742188,87.31715393066406,2802.28955078125,911.6063842773438,2306.81591796875,441.5989685058594,6240.791015625,705.3482055664062,193.5264892578125
2022-07-26,2555.051025390625,734.237060546875,4059.627685546875,3010.878662109375,704.5834350585938,3633.831787109375,1329.1123046875,616.8720703125,668.6119384765625,131.78501892089844,3647.0859375,917.00537109375,149.43096923828125,3591.187744140625,825.7060546875,2900.364990234375,1480.1978759765625,784.13134765625,670.6275634765625,517.6366577148438,2440.7041015625,371.1094970703125,2394.731689453125,772.426513671875,933.2000122070312,1288.6170654296875,249.81202697753906,589.030029296875,351.0284729003906,1685.7032470703125,4084.248291015625,1107.1519775390625,8223.595703125,889.3355712890625,132.26382446289062,99.86494445800781,131.22750854492188,1096.7408447265625,1129.7735595703125,477.7035827636719,834.5391235351562,764.8026733398438,86.29917907714844,2757.292236328125,895.5653686523438,2271.503173828125,433.3475646972656,6257.16845703125,698.04443359375,189.04759216308594
2022-07-27,2544.071044921875,745.5579223632812,4074.83837890625,3085.993408203125,717.0504150390625,3595.1845703125,1328.5181884765625,629.8605346679688,659.6202392578125,134.330078125,3692.493408203125,934.6123657226562,150.2804412841797,3688.0537109375,840.2225341796875,2933.077880859375,1511.4659423828125,796.9642333984375,675.751953125,516.3489379882812,2455.52978515625,377.6687927246094,2427.4970703125,776.5006713867188,950.8624877929688,1306.2882080078125,251.21615600585938,593.9078979492188,349.533935546875,1729.4039306640625,4177.9765625,1109.19873046875,8351.15625,890.8922729492188,131.9993133544922,100.17655181884766,132.2002716064453,1095.698974609375,1140.8409423828125,490.7098693847656,859.883544921875,775.1986083984375,87.1989974975586,2821.846435546875,903.00341796875,2281.75537109375,436.1962585449219,6389.84716796875,702.7603759765625,189.72406005859375
2022-07-28,2545.767822265625,749.33154296875,4138.93896484375,3169.631591796875,723.9820556640625,3571.487548828125,1461.798828125,696.8460083007812,651.75244140625,134.93014526367188,3706.671142578125,928.2796630859375,149.8372344970703,3749.611328125,835.1255493164062,2929.81640625,1515.130126953125,812.1146240234375,681.7425537109375,526.6016235351562,2453.897216796875,381.3128356933594,2463.364990234375,790.1779174804688,987.6431884765625,1347.4468994140625,250.63804626464844,607.7036743164062,364.35943603515625,1733.8316650390625,4401.60302734375,1119.9681396484375,8411.8759765625,918.3035278320312,132.57247924804688,101.46184539794922,134.42822265625,1112.8646240234375,1182.629150390625,494.6582336425781,860.7011108398438,780.033935546875,91.20719909667969,2885.250244140625,930.201416015625,2312.56103515625,434.4281005859375,6327.17431640625,708.7012329101562,194.0863494873047
2022-07-29,2564.533935546875,748.5474243164062,4160.47119140625,3229.0546875,722.8350830078125,3623.510498046875,1502.2872314453125,709.8934936523438,662.6011352539062,136.68893432617188,3736.41552734375,937.8267211914062,156.0419921875,3732.0791015625,801.858154296875,2967.66259765625,1537.017822265625,814.0889282226562,690.0907592773438,550.2769165039062,2486.85791015625,403.3228454589844,2479.6298828125,794.0579223632812,1012.6812133789062,1376.129150390625,250.30760192871094,620.4153442382812,360.74273681640625,1740.377197265625,4478.90576171875,1134.8795166015625,8462.513671875,930.1567993164062,134.86500549316406,104.49987030029297,134.2712860107422,1136.57470703125,1284.817138671875,490.8492126464844,907.2061157226562,784.917724609375,97.79666137695312,2921.8857421875,939.7454223632812,2329.796630859375,441.6481018066406,6399.0869140625,721.7513427734375,197.67880249023438
2022-08-01,2655.318359375,785.3524169921875,4235.3388671875,3220.1435546875,728.8690795898438,3677.98681640625,1504.8330078125,715.004150390625,681.744384765625,138.2821807861328,3693.546875,963.8775024414062,157.1499786376953,3696.575927734375,805.7984619140625,2962.81787109375,1532.5228271484375,817.307861328125,695.8407592773438,540.9157104492188,2506.93408203125,412.0199890136719,2437.885986328125,798.7141723632812,1009.43017578125,1377.3280029296875,253.983154296875,629.8754272460938,369.7893981933594,1746.7781982421875,4515.1669921875,1206.318115234375,8684.216796875,925.1646728515625,137.9952850341797,107.81050872802734,137.40921020507812,1166.1956787109375,1303.5772705078125,495.86590576171875,883.6409301757812,784.3856811523438,98.38744354248047,2919.14208984375,940.5967407226562,2353.767333984375,470.724609375,6509.423828125,747.3159790039062,200.15155029296875
2022-08-02,2678.77587890625,786.3815307617188,4272.6728515625,3289.494873046875,728.52001953125,3699.18408203125,1519.9132080078125,722.9705810546875,674.2343139648438,138.69601440429688,3628.884765625,963.5416870117188,158.99664306640625,3725.50439453125,800.8878173828125,2994.04443359375,1553.482421875,816.3635864257812,688.190185546875,533.4367065429688,2445.734619140625,406.5782165527344,2477.608642578125,793.2334594726562,1035.729736328125,1370.7122802734375,256.0068054199219,639.23681640625,375.53826904296875,1725.9385986328125,4441.2724609375,1222.642822265625,8847.8515625,934.9470825195312,140.68463134765625,106.48626708984375,139.6998748779297,1170.63427734375,1275.6851806640625,503.623291015625,882.2462768554688,784.8692016601562,97.25132751464844,2912.94775390625,925.3622436523438,2362.385009765625,467.8267517089844,6540.54736328125,720.2904663085938,200.43145751953125
2022-08-03,2706.475341796875,791.184326171875,4257.01904296875,3331.62890625,728.56982421875,3705.8955078125,1521.885009765625,718.4852294921875,680.4682006835938,138.1787109375,3611.498046875,970.8818969726562,156.6698760986328,3721.559814453125,803.0245361328125,3010.5927734375,1550.5509033203125,821.642578125,689.8020629882812,530.3163452148438,2472.605224609375,402.5454406738281,2469.2412109375,800.0720825195312,1027.0440673828125,1390.692138671875,254.52001953125,643.2769775390625,368.86279296875,1722.810302734375,4531.16796875,1221.8631591796875,8698.72265625,930.4834594726562,140.77281188964844,105.66831970214844,140.3274688720703,1180.462646484375,1274.0474853515625,502.4620361328125,862.76904296875,785.9813842773438,97.29676818847656,2955.15771484375,943.3300170898438,2393.537353515625,459.5262145996094,6492.7568359375,712.255859375,201.71449279785156
2022-08-04,2718.653564453125,791.2333374023438,4341.71337890625,3351.82421875,719.6934204101562,3713.532470703125,1516.03466796875,720.484130859375,681.5971069335938,138.1994171142578,3616.335693359375,1002.2100219726562,153.01348876953125,3787.11083984375,813.14990234375,3017.8837890625,1543.22265625,822.4151611328125,688.984130859375,529.87060546875,2477.1064453125,409.7850036621094,2470.745361328125,795.6585083007812,1019.1831665039062,1420.7064208984375,255.6350860595703,654.658447265625,365.7641906738281,1713.4732666015625,4644.1171875,1229.7574462890625,8705.7607421875,953.7433471679688,136.40809631347656,106.13571166992188,138.57020568847656,1164.8597412109375,1269.3326416015625,495.4014892578125,883.4486083984375,763.2554321289062,97.8875503540039,2968.82958984375,946.376953125,2400.71875,460.60675048828125,6478.35009765625,712.6454467773438,203.18414306640625
2022-08-05,2693.4990234375,794.173828125,4320.27978515625,3364.802978515625,726.5751953125,3714.828125,1506.10595703125,719.307373046875,690.7760620117188,139.21331787109375,3533.041259765625,992.3269653320312,153.9737548828125,3810.53564453125,814.8945922851562,2963.96923828125,1561.739013671875,822.1148681640625,686.6504516601562,534.1796875,2445.072265625,399.1929016113281,2487.1513671875,813.0703735351562,1005.69384765625,1435.5806884765625,256.7501220703125,657.4176635742188,365.4354553222656,1720.548095703125,4663.146484375,1204.5152587890625,8583.9130859375,957.1787109375,137.20167541503906,106.33045959472656,140.35885620117188,1147.6939697265625,1257.2725830078125,493.35760498046875,880.9959716796875,758.9519653320312,97.56944274902344,2977.767333984375,948.3035278320312,2409.782470703125,457.02130126953125,6662.384765625,724.0399780273438,205.28363037109375
2022-08-08,2786.829345703125,785.7444458007812,4372.87548828125,3349.83837890625,743.580078125,3723.668212890625,1550.5126953125,723.0000610351562,691.4631958007812,134.7646026611328,3478.72509765625,992.6644897460938,159.107421875,3835.276123046875,827.9310302734375,2990.014892578125,1562.0809326171875,829.2394409179688,703.4913940429688,531.703125,2416.259765625,409.4934387207031,2491.8056640625,816.7297973632812,1019.1831665039062,1438.0225830078125,258.64984130859375,659.4376831054688,367.54766845703125,1761.168701171875,4639.3349609375,1244.2789306640625,8662.3134765625,944.2755737304688,140.5523681640625,106.33045959472656,139.26060485839844,1162.708251953125,1260.49853515625,483.4635009765625,875.65771484375,762.7235717773438,97.43309783935547,2986.08544921875,946.8697509765625,2423.798583984375,459.96826171875,6566.6552734375,729.5912475585938,203.34744262695312
2022-08-10,2822.0654296875,774.8646240234375,4461.5703125,3304.50830078125,737.0474853515625,3734.961669921875,1561.7493896484375,704.0147705078125,702.163818359375,135.8612518310547,3494.387451171875,1001.149169921875,162.39447021484375,3846.184814453125,831.8419189453125,3026.27783203125,1574.05078125,817.2219848632812,705.5362548828125,535.8141479492188,2449.264404296875,427.6650695800781,2484.707275390625,828.24462890625,1031.702392578125,1422.970947265625,257.0391845703125,660.3245849609375,364.3295593261719,1785.7142333984375,4598.056640625,1235.8487548828125,8621.2919921875,949.8754272460938,139.96820068359375,104.22722625732422,140.2647247314453,1169.66064453125,1263.77392578125,478.1680603027344,884.602783203125,764.5125732421875,99.2508773803711,2968.210205078125,945.6151123046875,2410.574951171875,467.1391296386719,6485.82373046875,745.3194580078125,200.6880645751953
2022-08-11,2828.90283203125,777.02099609375,4375.14697265625,3298.260498046875,756.844970703125,3733.712158203125,1571.10888671875,720.710693359375,696.8134765625,135.8819580078125,3487.2509765625,1001.1974487304688,163.70501708984375,3874.89306640625,834.7824096679688,3047.287353515625,1573.2149658203125,826.0632934570312,714.8709716796875,536.4580688476562,2457.95654296875,425.1153564453125,2457.347900390625,838.93017578125,1055.76806640625,1438.5107421875,252.95071411132812,663.7734985351562,369.56341552734375,1797.26513671875,4735.2431640625,1234.045654296875,8557.359375,945.5559692382812,138.0810089111328,103.4482421875,139.85678100585938,1173.5556640625,1252.1607666015625,487.5047607421875,885.9013061523438,747.975830078125,99.15998840332031,3028.60546875,965.375244140625,2448.958251953125,468.21966552734375,6487.25,747.4620971679688,204.56048583984375
2022-08-12,2859.347412109375,772.7083129882812,4259.685546875,3320.19970703125,758.54052734375,3737.87744140625,1573.954345703125,719.7702026367188,696.7153930664062,138.1787109375,3505.883056640625,990.3505249023438,165.9890899658203,3657.15380859375,835.2725219726562,3100.1123046875,1595.3868408203125,820.9561157226562,714.6063232421875,539.8261108398438,2437.306884765625,427.8121643066406,2439.719482421875,853.2750854492188,1056.990966796875,1415.5560302734375,254.8504180908203,668.306396484375,367.1109313964844,1777.33984375,4649.93994140625,1227.4671630859375,8446.044921875,939.0047607421875,142.4395751953125,108.43370819091797,143.12020874023438,1192.53271484375,1277.0252685546875,493.0324401855469,878.59130859375,738.30517578125,102.38655853271484,3010.066650390625,955.2040405273438,2448.56201171875,469.103759765625,6450.0791015625,768.3033447265625,203.46409606933594
2022-08-16,2970.4453125,807.7980346679688,4295.88427734375,3391.05224609375,762.6297607421875,3787.077392578125,1588.95947265625,717.475830078125,691.2178344726562,143.14471435546875,3535.29248046875,997.4854125976562,166.92520141601562,3662.84619140625,842.52587890625,3223.628173828125,1564.8575439453125,822.5010375976562,722.7861938476562,565.23486328125,2485.930908203125,420.60430908203125,2486.305419921875,858.0078735351562,1060.9041748046875,1417.6429443359375,256.5023193359375,664.0198364257812,368.1377868652344,1779.6982421875,4626.837890625,1255.5845947265625,8741.68359375,945.717041015625,142.6642608642578,109.01792907714844,143.62228393554688,1200.8211669921875,1299.904541015625,488.6195983886719,879.6974487304688,753.8265380859375,102.70466613769531,3002.2353515625,965.778564453125,2470.2548828125,481.18621826171875,6545.1689453125,767.9624633789062,203.9306182861328
2022-08-17,3003.185546875,808.3861694335938,4252.771484375,3413.039306640625,770.0599365234375,3765.555419921875,1681.2626953125,741.2076416015625,709.7229614257812,146.14500427246094,3549.422119140625,989.0005493164062,165.8393096923828,3678.942138671875,846.0741577148438,3281.136962890625,1589.438232421875,841.7286987304688,726.5151977539062,583.8085327148438,2571.045654296875,430.4599609375,2524.0537109375,861.9111938476562,1064.964111328125,1426.3453369140625,258.154296875,662.7880859375,366.8118896484375,1786.24365234375,4696.94580078125,1241.8912353515625,8684.060546875,948.2322387695312,145.0906524658203,108.78421783447266,143.4026336669922,1207.093994140625,1295.68603515625,490.6634826660156,885.6608276367188,767.3654174804688,102.25021362304688,3009.6689453125,989.795166015625,2468.620361328125,476.8149108886719,6499.7880859375,769.8616333007812,206.70660400390625
2022-08-18,3147.92236328125,816.5214233398438,4225.68408203125,3424.3232421875,763.0286254882812,3758.843994140625,1677.8282470703125,737.3820190429688,719.785400390625,143.62062072753906,3537.783203125,995.219482421875,166.06398010253906,3674.231201171875,828.2740478515625,3294.463623046875,1586.6851806640625,835.6343994140625,727.3812866210938,581.2330322265625,2566.412841796875,429.5773620605469,2521.609130859375,863.7164916992188,1081.1058349609375,1405.6551513671875,260.7147216796875,663.5764770507812,379.7321472167969,1823.6396484375,4662.01025390625,1229.1239013671875,8687.314453125,939.6965942382812,144.5065460205078,108.10633850097656,145.19122314453125,1209.2833251953125,1314.396484375,494.5653381347656,881.765380859375,781.2427978515625,102.2956771850586,2992.10302734375,990.3778686523438,2455.248046875,476.22552490234375,6592.32080078125,753.74365234375,202.97418212890625
2022-08-19,3124.51513671875,854.5025634765625,4095.644775390625,3373.181640625,755.49853515625,3771.711181640625,1626.0833740234375,719.0120239257812,718.90185546875,142.44149780273438,3508.565673828125,993.1947631835938,162.619140625,3627.70947265625,824.1376953125,3306.728759765625,1578.917724609375,832.6730346679688,718.407470703125,571.22802734375,2505.036376953125,419.0843200683594,2476.950439453125,849.3716430664062,1040.2135009765625,1418.22021484375,257.70001220703125,654.8555297851562,374.2490234375,1863.58642578125,4632.23486328125,1207.92626953125,8523.4755859375,934.0870361328125,141.7655792236328,107.34867858886719,144.5891876220703,1187.72216796875,1287.34814453125,483.4170227050781,869.79931640625,761.0311889648438,100.02344512939453,2996.08447265625,989.4817504882812,2417.508544921875,462.6696472167969,6536.85986328125,748.1925048828125,201.76116943359375
2022-08-22,3046.057861328125,823.5785522460938,3986.255126953125,3244.55224609375,739.889892578125,3741.2099609375,1584.561767578125,699.3668212890625,714.287841796875,140.50440979003906,3521.880859375,985.915283203125,163.48033142089844,3514.300537109375,820.7952880859375,3247.964599609375,1537.867919921875,823.5740356445312,707.4849853515625,561.322021484375,2453.7646484375,410.4054870605469,2469.5703125,831.66015625,1034.245849609375,1399.1727294921875,259.6822509765625,633.5706787109375,365.2865905761719,1810.2598876953125,4470.33837890625,1195.5487060546875,8376.9169921875,934.6299438476562,140.6422576904297,105.19530487060547,143.19493103027344,1184.427734375,1266.553466796875,475.0093994140625,849.7274780273438,767.8005981445312,95.47898864746094,2968.475830078125,966.6746215820312,2394.726318359375,446.5596923828125,6359.80810546875,725.25732421875,195.95252990722656
2022-08-23,3025.145751953125,815.9823608398438,4031.86279296875,3251.187255859375,745.0761108398438,3762.36181640625,1627.7108154296875,709.7557373046875,724.1048583984375,140.5254364013672,3524.036376953125,1003.3668212890625,166.88775634765625,3466.846923828125,828.2838745117188,3345.985107421875,1568.692138671875,812.8013916015625,705.295654296875,560.529541015625,2473.92919921875,419.6236572265625,2437.651123046875,843.0287475585938,1047.795166015625,1369.6468505859375,260.9212646484375,643.326171875,370.01202392578125,1806.794677734375,4416.46728515625,1240.7705078125,8466.7255859375,942.9638061523438,142.5743865966797,106.67076873779297,144.2089385986328,1202.694580078125,1269.7794189453125,484.8570861816406,857.3026733398438,782.6934204101562,97.79666137695312,2906.576416015625,955.2040405273438,2456.733642578125,452.3062438964844,6387.2431640625,739.7196044921875,194.3896026611328
2022-08-24,3128.95703125,819.7069091796875,4170.3203125,3272.73828125,748.1680297851562,3763.565185546875,1630.700927734375,706.7227172851562,725.2338256835938,138.77780151367188,3505.30810546875,1000.1849975585938,167.48683166503906,3431.85693359375,826.8920288085938,3332.416748046875,1585.2103271484375,814.7327880859375,708.6879272460938,561.322021484375,2476.532958984375,420.5552978515625,2433.420166015625,852.2015991210938,1077.9754638671875,1365.2955322265625,259.43450927734375,641.9959106445312,372.374755859375,1822.4844970703125,4410.40771484375,1236.0924072265625,8450.705078125,945.1452026367188,144.5065460205078,108.46522521972656,145.4130401611328,1199.4908447265625,1277.96826171875,482.44158935546875,850.1618041992188,779.1636352539062,96.84232330322266,2880.69287109375,959.7294311523438,2437.418212890625,455.007568359375,6399.97802734375,739.9144287109375,194.15634155273438
2022-08-25,3060.781005859375,799.8097534179688,4128.77392578125,3256.901611328125,741.3859252929688,3760.97314453125,1621.9603271484375,693.946044921875,727.4426879882812,138.88307189941406,3493.2861328125,989.0005493164062,168.42295837402344,3470.3310546875,830.7833862304688,3362.11279296875,1597.5989990234375,810.1404418945312,704.838623046875,565.6806640625,2470.75244140625,424.3798828125,2420.2109375,851.2745361328125,1066.2847900390625,1348.1129150390625,257.9891052246094,639.23681640625,372.60406494140625,1807.6129150390625,4385.12939453125,1227.662109375,8481.677734375,938.2072143554688,142.79904174804688,108.90386962890625,143.416748046875,1195.9921875,1287.397705078125,483.4635009765625,846.59130859375,775.4404296875,96.56966400146484,2847.818115234375,959.415771484375,2443.114013671875,451.0783386230469,6367.2314453125,742.7387084960938,193.71310424804688
2022-08-26,3133.84814453125,821.0791625976562,4174.77734375,3219.175048828125,742.9318237304688,3753.05859375,1625.9237060546875,695.418212890625,717.4783935546875,138.5883331298828,3496.686767578125,984.22802734375,172.20477294921875,3521.02392578125,827.9212036132812,3240.093994140625,1647.1536865234375,811.7283325195312,704.9588623046875,561.5697021484375,2494.535400390625,431.53863525390625,2417.719482421875,849.8107299804688,1046.5234375,1351.1319580078125,258.4433288574219,657.269775390625,379.24365234375,1834.08349609375,4410.9287109375,1242.2811279296875,8466.8232421875,938.2769165039062,146.8430633544922,108.98361206054688,146.04678344726562,1189.6077880859375,1303.9742431640625,486.6221923828125,849.3414916992188,775.5371704101562,97.56944274902344,2851.357666015625,972.8134155273438,2508.935302734375,456.8248291015625,6408.630859375,740.1578369140625,194.66952514648438
2022-08-29,3136.892333984375,819.8049926757812,4210.67919921875,3238.25634765625,726.7747192382812,3730.5185546875,1605.99658203125,685.7925415039062,707.4158325195312,137.36709594726562,3551.76904296875,980.8533325195312,172.69155883789062,3516.0673828125,825.3433227539062,3178.770751953125,1636.1417236328125,787.56494140625,692.5928344726562,555.6756591796875,2494.7998046875,421.87921142578125,2421.715087890625,835.1731567382812,1036.202392578125,1298.02978515625,258.980224609375,640.1235961914062,368.86553955078125,1811.078125,4233.78955078125,1244.3765869140625,8577.1171875,943.9583740234375,144.64134216308594,108.38545989990234,143.8920440673828,1180.36083984375,1288.5888671875,478.3074035644531,848.4730224609375,779.5988159179688,95.29720306396484,2772.025390625,928.005859375,2507.74658203125,445.331787109375,6397.96142578125,730.8572387695312,188.6510009765625
2022-08-30,3188.548828125,825.44091796875,4281.39404296875,3285.087890625,749.514404296875,3781.24560546875,1693.427490234375,719.4600830078125,713.30615234375,138.39878845214844,3590.183349609375,1001.24560546875,175.8368682861328,3559.644775390625,832.1849975585938,3243.61865234375,1650.496826171875,805.9771728515625,715.0634155273438,569.7916259765625,2504.1982421875,430.5089416503906,2500.737060546875,865.8633422851562,1083.40478515625,1325.7353515625,264.7206726074219,657.1713256835938,381.9154357910156,1850.5433349609375,4394.5966796875,1275.4664306640625,8817.947265625,957.3876953125,147.38229370117188,110.53882598876953,145.5081024169922,1198.6729736328125,1319.2601318359375,493.5434265136719,861.7899780273438,782.9835815429688,98.4328842163086,2841.57958984375,964.3446655273438,2580.00634765625,462.76788330078125,6566.6552734375,749.1663818359375,192.94326782226562
2022-09-01,3227.377685546875,821.1771850585938,4236.0830078125,3338.312255859375,742.1838989257812,3773.331298828125,1737.7796630859375,707.1560668945312,721.6015014648438,139.5358428955078,3561.82763671875,986.3491821289062,172.46688842773438,3532.507080078125,823.7652587890625,3294.6572265625,1656.7403564453125,794.9041137695312,708.3511352539062,570.1878662109375,2538.570556640625,413.7887878417969,2450.108154296875,853.2261962890625,1087.26904296875,1300.205322265625,262.32537841796875,651.9485473632812,379.40313720703125,1841.350830078125,4292.48828125,1278.7314453125,8761.8798828125,948.1193237304688,144.4166717529297,107.42842864990234,143.2899627685547,1163.4346923828125,1286.951171875,495.4479064941406,841.33203125,810.78662109375,96.70598602294922,2771.27392578125,943.5540161132812,2597.1923828125,458.6421203613281,6522.06005859375,736.7006225585938,191.49696350097656
2022-09-02,3349.705322265625,835.0464477539062,4270.9453125,3323.298583984375,748.2178344726562,3731.305419921875,1730.077392578125,708.047119140625,721.552490234375,135.57736206054688,3548.51220703125,979.2141723632812,171.718017578125,3531.476318359375,821.3833618164062,3304.79736328125,1659.591552734375,793.5307006835938,714.7747802734375,569.4449462890625,2493.123291015625,406.8751220703125,2447.852294921875,851.3233642578125,1076.850341796875,1290.260009765625,266.909423828125,651.7515869140625,382.59332275390625,1867.86962890625,4281.26953125,1282.5322265625,8660.03125,939.8960571289062,145.4051971435547,105.87322998046875,142.08587646484375,1149.84814453125,1278.6629638671875,498.6065979003906,839.112548828125,806.241455078125,95.88799285888672,2770.12255859375,946.690673828125,2587.88134765625,453.5832214355469,6467.97607421875,726.3286743164062,190.21395874023438
2022-09-05,3340.47216796875,834.0172729492188,4241.43115234375,3317.245361328125,754.1022338867188,3662.57373046875,1734.754638671875,708.6232299804688,726.853759765625,136.75650024414062,3508.61328125,988.9042358398438,173.44044494628906,3526.17626953125,826.1470336914062,3283.9375,1682.0584716796875,803.445068359375,719.369873046875,568.2562866210938,2508.03759765625,420.9965515136719,2445.03173828125,861.1305541992188,1083.94287109375,1297.6302490234375,271.6174011230469,672.0017700195312,386.39166259765625,1894.6773681640625,4257.126953125,1287.015625,8689.5947265625,925.3809204101562,147.83160400390625,106.39161682128906,141.57887268066406,1167.7060546875,1283.824462890625,500.650390625,853.6356811523438,809.8679809570312,97.16043090820312,2772.7783203125,954.4422607421875,2602.491943359375,450.8818664550781,6413.3515625,727.3511962890625,189.18751525878906
2022-09-06,3429.56005859375,833.4782104492188,4373.10498046875,3288.623291015625,748.0183715820312,3637.34912109375,1694.1065673828125,701.0556030273438,747.3221435546875,136.5459442138672,3457.075439453125,1003.5595092773438,174.26419067382812,3519.060791015625,831.0382080078125,3293.449951171875,1694.152099609375,804.9900512695312,716.627197265625,568.107666015625,2529.657958984375,422.61468505859375,2419.1767578125,862.301513671875,1084.7255859375,1292.1246337890625,270.2132873535156,674.5638427734375,381.96527099609375,1888.853759765625,4223.611328125,1273.224853515625,8630.078125,914.9160766601562,151.38136291503906,105.3548355102539,142.6245574951172,1179.997314453125,1301.6416015625,499.6285095214844,856.6754760742188,791.30029296875,98.70555114746094,2767.158935546875,953.232421875,2606.7509765625,449.65399169921875,6387.341796875,718.8296508789062,188.6976318359375
2022-09-07,3467.441162109375,857.5410766601562,4334.4794921875,3293.56298828125,753.4041748046875,3559.823974609375,1702.75732421875,705.6986083984375,739.3212280273438,137.6408233642578,3513.690185546875,1013.828125,178.8697967529297,3524.40966796875,833.0181274414062,3267.6650390625,1720.7977294921875,799.7540283203125,713.2349853515625,571.5252075195312,2519.24462890625,424.4779357910156,2411.18505859375,855.0315551757812,1066.2847900390625,1294.3890380859375,269.3460388183594,674.613037109375,380.4798278808594,1884.8109130859375,4270.14501953125,1256.948974609375,8529.251953125,921.517822265625,150.34791564941406,105.67383575439453,142.212646484375,1173.1361083984375,1321.6922607421875,495.0298156738281,862.4655151367188,797.924560546875,97.79666137695312,2787.113037109375,946.1976928710938,2612.793212890625,437.9644470214844,6658.05712890625,721.7513427734375,190.09732055664062
2022-09-08,3456.5107421875,867.48974609375,4372.4111328125,3341.798828125,777.6898193359375,3560.70361328125,1735.4285888671875,714.67431640625,755.7156982421875,143.11529541015625,3518.24072265625,1018.215087890625,177.07252502441406,3502.277587890625,837.3995971679688,3308.322265625,1740.167236328125,799.1961059570312,720.596923828125,578.8555297851562,2521.49462890625,412.4158020019531,2422.98388671875,877.0855712890625,1084.2364501953125,1310.594970703125,272.48468017578125,675.3521118164062,384.82647705078125,1900.5008544921875,4282.64208984375,1288.3314208984375,8534.8349609375,918.8488159179688,149.89852905273438,105.15544128417969,142.212646484375,1174.79443359375,1307.944580078125,505.9923095703125,862.9962158203125,792.1222534179688,96.20610046386719,2804.855712890625,976.442626953125,2601.847900390625,434.3789978027344,6804.4287109375,718.245361328125,192.59335327148438
2022-09-09,3444.931884765625,888.8571166992188,4417.5244140625,3333.760009765625,782.7762451171875,3562.5546875,1717.737548828125,707.1166381835938,751.7398681640625,142.54678344726562,3496.06396484375,1020.3844604492188,177.93370056152344,3536.236572265625,834.1551513671875,3354.09716796875,1718.9295654296875,814.1746826171875,721.0779418945312,570.5346069335938,2504.860107421875,417.76043701171875,2433.84326171875,879.476318359375,1112.4599609375,1342.3408203125,272.9803161621094,676.9287719726562,384.0887145996094,1876.7735595703125,4424.79931640625,1268.20556640625,8685.6630859375,915.3653564453125,149.7188262939453,106.87015533447266,141.26199340820312,1167.4788818359375,1287.8443603515625,514.0748291015625,858.8467407226562,789.4144897460938,96.06976318359375,2847.331298828125,1009.64501953125,2578.817626953125,438.0135498046875,6670.69384765625,722.6278686523438,194.62289428710938
2022-09-12,3457.50927734375,919.8792114257812,4438.5703125,3324.412841796875,798.8836669921875,3582.641845703125,1710.9886474609375,717.5546264648438,755.07763671875,144.2733612060547,3496.06396484375,1026.603271484375,173.36557006835938,3609.8466796875,835.3411254882812,3417.641845703125,1738.790771484375,820.226318359375,718.6481323242188,573.110107421875,2522.0244140625,422.810791015625,2426.039794921875,885.2825927734375,1112.16650390625,1364.1412353515625,273.3106689453125,676.9287719726562,383.62017822265625,1888.4688720703125,4555.92578125,1264.1123046875,8667.84765625,911.3749389648438,149.53907775878906,106.87015533447266,141.9274139404297,1180.542724609375,1296.331298828125,515.5147705078125,856.6272583007812,798.3114624023438,97.93299102783203,2869.719970703125,1030.65966796875,2635.971923828125,443.0233459472656,6755.212890625,736.6031494140625,196.8856658935547
2022-09-13,3549.342041015625,929.9747924804688,4446.98876953125,3314.726806640625,803.4215698242188,3579.124267578125,1781.817138671875,729.031494140625,769.9013671875,143.62062072753906,3599.71484375,1020.9629516601562,173.2157745361328,3599.6396484375,833.7239379882812,3401.272705078125,1759.6351318359375,820.09765625,728.0548706054688,581.5302124023438,2532.7021484375,428.20440673828125,2431.868896484375,888.0149536132812,1138.5313720703125,1371.9110107421875,276.2015380859375,680.968994140625,383.50054931640625,1916.8165283203125,4523.546875,1266.8411865234375,8666.73046875,915.9611206054688,150.43777465820312,106.79039001464844,143.733642578125,1190.403076171875,1314.59521484375,518.3948364257812,858.991455078125,821.0374755859375,97.93299102783203,2857.684326171875,1028.28466796875,2679.9521484375,448.7207336425781,6781.46728515625,735.9701538085938,197.18893432617188
2022-09-14,3565.612548828125,929.043701171875,4385.0888671875,3330.95068359375,800.92822265625,3564.08203125,1802.38330078125,736.9092407226562,769.017822265625,141.55715942382812,3589.46484375,1021.975341796875,173.7025604248047,3600.572265625,826.12744140625,3420.39404296875,1752.9000244140625,800.011474609375,735.537109375,570.9307861328125,2516.37646484375,433.4509582519531,2417.578369140625,895.919189453125,1189.3533935546875,1310.15087890625,276.9861755371094,682.7427368164062,389.7413635253906,1880.7681884765625,4372.490234375,1265.0870361328125,8706.2470703125,918.1280517578125,154.8861846923828,106.23210906982422,147.37767028808594,1176.1348876953125,1293.6513671875,531.1688232421875,852.8154907226562,812.5757446289062,99.20543670654297,2761.274169921875,998.9358520507812,2675.048583984375,442.2375183105469,6761.259765625,728.7633666992188,194.22630310058594
2022-09-15,3741.891845703125,949.3329467773438,4300.16162109375,3288.768310546875,787.9126586914062,3487.945556640625,1769.2877197265625,727.3427124023438,770.73583984375,139.556884765625,3565.0849609375,996.2801513671875,175.4249725341797,3538.641357421875,817.2764282226562,3498.08642578125,1777.972412109375,789.6251220703125,731.7117919921875,561.4210815429688,2462.368896484375,416.19134521484375,2407.236328125,895.4313354492188,1169.885498046875,1272.322509765625,275.9537353515625,679.5894775390625,385.6439208984375,1884.2335205078125,4351.75634765625,1264.1123046875,8941.7373046875,913.3353881835938,157.35752868652344,105.75360107421875,150.57806396484375,1164.4798583984375,1285.41259765625,531.54052734375,843.6962280273438,809.8195190429688,97.25132751464844,2747.0712890625,970.5281982421875,2631.019287109375,439.3396911621094,6676.98681640625,723.2120971679688,193.6431121826172
2022-09-16,3695.47607421875,919.585205078125,4238.65869140625,3218.20654296875,787.2144775390625,3415.325927734375,1732.049072265625,716.294189453125,765.3856201171875,135.3036346435547,3486.5322265625,1006.11474609375,173.028564453125,3507.4794921875,799.3096313476562,3427.347412109375,1715.3406982421875,769.8822021484375,718.2631225585938,541.6091918945312,2369.62109375,404.5215148925781,2376.915283203125,887.1365966796875,1200.7015380859375,1222.8165283203125,273.6410217285156,675.8447875976562,384.8763122558594,1848.1370849609375,4146.35546875,1218.3546142578125,8922.2236328125,884.2761840820312,155.2906036376953,104.67691802978516,149.34228515625,1135.62548828125,1262.8311767578125,521.925048828125,837.6650390625,769.0094604492188,96.06976318359375,2662.429931640625,925.89990234375,2587.0888671875,424.8505554199219,6373.4765625,685.03564453125,187.3912811279297
2022-09-19,3771.787353515625,940.560546875,4266.83544921875,3212.104248046875,795.9912109375,3432.63623046875,1763.0479736328125,738.1549682617188,768.4288330078125,135.13519287109375,3441.31689453125,999.1726684570312,172.1673126220703,3552.47998046875,803.583251953125,3467.183349609375,1720.010986328125,770.6546630859375,723.002685546875,542.9464111328125,2386.564453125,404.17828369140625,2424.958740234375,877.475830078125,1199.1363525390625,1234.58251953125,277.1926574707031,670.0308837890625,384.716796875,1839.1851806640625,4122.40185546875,1255.92578125,9010.767578125,901.6238403320312,153.6729736328125,104.11865234375,147.75790405273438,1137.1025390625,1293.6513671875,531.6333618164062,844.2269897460938,766.8818969726562,93.70664978027344,2680.21630859375,931.545654296875,2595.01318359375,417.92523193359375,6352.28564453125,693.654541015625,187.53126525878906
2022-09-20,3827.5859375,950.9992065429688,4515.57373046875,3286.637451171875,810.6026000976562,3488.500732421875,1796.642822265625,751.8721313476562,777.6568603515625,135.9774169921875,3497.117919921875,1053.16650390625,172.12989807128906,3564.257568359375,826.4901123046875,3584.32568359375,1712.440185546875,784.5606079101562,731.7117919921875,554.4869384765625,2445.822509765625,413.2984313964844,2429.00146484375,894.6018676757812,1236.653564453125,1233.0284423828125,277.5230712890625,678.9489135742188,386.7605285644531,1860.361572265625,4171.2080078125,1269.8624267578125,9030.1865234375,894.48388671875,154.48178100585938,106.23210906982422,147.47271728515625,1137.2841796875,1299.6068115234375,533.3056030273438,880.0283813476562,777.7129516601562,96.16065216064453,2690.392578125,946.466552734375,2658.60595703125,426.569580078125,6376.67236328125,701.1049194335938,188.9075927734375
2022-09-21,3633.489013671875,914.390380859375,4560.58740234375,3250.654541015625,804.4188842773438,3453.324951171875,1799.0386962890625,757.3126220703125,765.9254760742188,134.77725219726562,3607.33056640625,1032.0509033203125,173.40298461914062,3507.4794921875,814.0907592773438,3555.836669921875,1691.005859375,773.358642578125,730.5810546875,546.2154541015625,2450.323486328125,403.393798828125,2466.656005859375,893.1381225585938,1197.6688232421875,1222.994140625,281.611572265625,674.859375,382.5235595703125,1824.698486328125,4176.08349609375,1273.468505859375,8978.7783203125,896.0814819335938,151.5161895751953,104.39776611328125,143.8920440673828,1140.419677734375,1296.62890625,529.2643432617188,873.6111450195312,777.7129516601562,94.93364715576172,2655.792724609375,950.0512084960938,2641.419677734375,420.0863342285156,6208.61767578125,698.7675170898438,186.9713897705078
2022-09-22,3709.550537109375,927.8674926757812,4564.64794921875,3328.09326171875,787.1148681640625,3451.751220703125,1769.4375,760.158447265625,769.754150390625,133.0085906982422,3665.095458984375,1023.8554077148438,170.0330352783203,3513.760986328125,819.9033203125,3620.250244140625,1703.6402587890625,770.526123046875,715.015380859375,540.6680908203125,2450.587890625,404.1292724609375,2531.6689453125,881.5744018554688,1190.1361083984375,1214.7357177734375,284.9980163574219,669.4396362304688,377.38934326171875,1817.5272216796875,4195.87060546875,1277.123291015625,9128.2470703125,895.5241088867188,151.56109619140625,102.60331726074219,139.48753356933594,1129.673095703125,1275.9830322265625,527.03466796875,876.2166137695312,776.7459716796875,94.16109466552734,2661.27880859375,939.5214233398438,2711.69873046875,424.5558776855469,6135.50537109375,702.5169067382812,185.6650390625
2022-09-23,3667.626953125,895.6693115234375,4376.02685546875,3288.623291015625,766.5692138671875,3423.981201171875,1719.0704345703125,739.2430419921875,757.2373657226562,131.36624145507812,3637.0751953125,1029.8333740234375,166.88775634765625,3575.10302734375,811.4345703125,3562.01708984375,1668.9322509765625,768.9808959960938,695.8407592773438,534.3777465820312,2437.43896484375,388.68389892578125,2521.609130859375,860.9353637695312,1157.6568603515625,1212.515625,286.113037109375,659.2406616210938,371.3977966308594,1787.3507080078125,4182.71044921875,1239.9908447265625,9071.5478515625,888.68212890625,147.3373565673828,102.5634536743164,128.36529541015625,1108.498291015625,1263.5755615234375,511.51995849609375,888.8580932617188,755.8089599609375,94.79732513427734,2638.846923828125,927.6026000976562,2647.164794921875,415.6168212890625,6037.71240234375,684.4999389648438,183.98545837402344
2022-09-26,3579.686767578125,846.2693481445312,4241.58056640625,3330.078857421875,740.6378784179688,3308.826904296875,1674.0445556640625,714.8565673828125,741.235595703125,128.39736938476562,3628.26220703125,1027.4710693359375,161.38345336914062,3601.9951171875,809.2095336914062,3395.044189453125,1637.5181884765625,778.2943115234375,686.4579467773438,517.8347778320312,2401.522216796875,366.17779541015625,2501.3955078125,840.2474975585938,1124.6396484375,1225.658203125,274.71478271484375,636.7240600585938,364.6784362792969,1782.1527099609375,4176.08349609375,1205.0025634765625,8577.8447265625,886.6353149414062,142.5294647216797,98.45613098144531,127.28792572021484,1080.257568359375,1250.4732666015625,504.73809814453125,869.1722412109375,755.1320190429688,90.75274658203125,2649.775390625,925.6311645507812,2630.37548828125,390.4696044921875,6074.24365234375,662.1491088867188,184.19540405273438
2022-09-27,3552.63623046875,827.4502563476562,4202.2119140625,3361.655029296875,735.5514526367188,3278.64990234375,1676.7900390625,713.2169189453125,746.6840209960938,130.81878662109375,3663.37109375,1059.3370361328125,160.18527221679688,3612.006103515625,819.7464599609375,3448.15869140625,1654.2822265625,788.6378784179688,680.2990112304688,515.95263671875,2328.18896484375,366.3739318847656,2518.9765625,831.952880859375,1139.8031005859375,1237.46826171875,276.57318115234375,627.7074584960938,358.7566223144531,1772.286376953125,4272.79541015625,1204.369140625,8518.716796875,897.174560546875,142.88893127441406,99.25365447998047,129.8229217529297,1088.8455810546875,1233.1029052734375,498.4207763671875,865.7464599609375,771.5721435546875,88.7531967163086,2670.172607421875,916.3111572265625,2575.7470703125,391.74658203125,6089.7314453125,660.006591796875,185.87498474121094
2022-09-28,3542.304931640625,810.689453125,4227.962890625,3458.5146484375,714.5570678710938,3282.352783203125,1649.48486328125,709.2435913085938,747.5184936523438,128.86061096191406,3691.199951171875,1057.842529296875,157.86375427246094,3634.727294921875,837.0172729492188,3503.92919921875,1641.1561279296875,790.3975830078125,668.6066284179688,509.61285400390625,2286.800537109375,353.7724609375,2540.460205078125,828.9765625,1116.128662109375,1238.489501953125,268.396240234375,607.5064697265625,357.4207458496094,1766.751708984375,4285.19775390625,1210.8502197265625,8472.7939453125,905.2609252929688,141.94529724121094,97.73833465576172,131.62905883789062,1059.855224609375,1229.6287841796875,487.5976257324219,885.7218017578125,767.510498046875,86.52640533447266,2686.27734375,922.763427734375,2552.568603515625,392.04132080078125,6070.1630859375,646.3720703125,185.71170043945312
2022-09-29,3464.396484375,800.2018432617188,4349.533203125,3278.501220703125,717.1002807617188,3218.296142578125,1633.2117919921875,699.6179809570312,750.6600341796875,127.70254516601562,3702.02490234375,1075.8726806640625,160.18527221679688,3625.20654296875,854.8566284179688,3499.873046875,1628.0301513671875,792.3289184570312,665.1422729492188,523.035400390625,2238.220458984375,364.0203552246094,2539.002685546875,823.5119018554688,1117.4493408203125,1241.9970703125,275.0865173339844,609.2310180664062,351.97747802734375,1747.54833984375,4203.87158203125,1226.3951416015625,8373.859375,911.9011840820312,143.3831787109375,101.00823974609375,131.81918334960938,1056.6063232421875,1230.621337890625,484.71771240234375,898.1220703125,766.4949951171875,88.02607727050781,2652.341552734375,902.5104370117188,2507.548583984375,395.1355895996094,6073.06298828125,639.6522216796875,183.2622833251953
2022-09-30,3449.4736328125,804.3674926757812,4341.31298828125,3237.481201171875,731.2627563476562,3265.551513671875,1675.5919189453125,722.364990234375,785.2650756835938,128.3552703857422,3681.4765625,1075.0048828125,158.9496307373047,3636.542724609375,849.9556884765625,3545.744873046875,1646.760498046875,800.3119506835938,683.90771484375,525.46240234375,2249.6044921875,382.99609375,2535.14794921875,841.1746215820312,1159.4666748046875,1255.139404296875,274.3844299316406,622.435546875,362.72442626953125,1778.5430908203125,4220.5341796875,1235.994873046875,8571.2431640625,919.8601684570312,143.47305297851562,101.12788391113281,134.48092651367188,1080.4393310546875,1241.1923828125,492.93951416015625,915.4439086914062,776.4074096679688,90.25286865234375,2658.757568359375,903.8546142578125,2582.284912109375,397.4440002441406,6150.94482421875,654.504150390625,183.93881225585938
2022-10-03,3151.56591796875,768.8367309570312,4323.28857421875,3199.173095703125,720.8403930664062,3254.073486328125,1643.89404296875,706.2205810546875,788.6519165039062,130.0397491455078,3610.49169921875,1090.23876953125,160.97158813476562,3657.7919921875,866.4129638671875,3344.633544921875,1609.0045166015625,798.5093383789062,679.9862670898438,513.8228759765625,2228.734130859375,373.581787109375,2465.62158203125,827.8543701171875,1131.145263671875,1237.6458740234375,267.94189453125,614.4536743164062,355.68609619140625,1751.2061767578125,4213.765625,1219.5728759765625,8298.2744140625,912.5474243164062,144.1021270751953,105.59407806396484,133.5936737060547,1076.6905517578125,1228.0902099609375,482.8596496582031,911.4390258789062,752.3275756835938,89.38941192626953,2641.412841796875,901.07666015625,2549.844482421875,390.616943359375,6138.603515625,647.7355346679688,184.05543518066406
2022-10-04,3231.81982421875,806.7197875976562,4362.11181640625,3232.92919921875,740.83740234375,3313.548095703125,1698.3546142578125,737.42626953125,793.904052734375,131.1556854248047,3657.62353515625,1103.640869140625,167.18727111816406,3710.05517578125,865.2955322265625,3433.1416015625,1655.6588134765625,812.02880859375,699.1367797851562,526.9483032226562,2313.672119140625,386.4283752441406,2508.352783203125,846.6880493164062,1192.7774658203125,1269.30322265625,274.9212951660156,633.8170776367188,363.33258056640625,1801.50048828125,4343.85107421875,1228.34423828125,8437.5986328125,925.0037231445312,146.07919311523438,106.79039001464844,132.10438537597656,1096.5474853515625,1251.3170166015625,494.8905029296875,911.4873046875,759.2904663085938,91.93431091308594,2735.390380859375,921.5088500976562,2560.6416015625,400.6856384277344,6202.52099609375,671.936767578125,189.18751525878906
2022-10-06,3279.0341796875,807.7489624023438,4348.34521484375,3224.4052734375,753.1048583984375,3327.479248046875,1707.739013671875,729.1004638671875,774.1717529296875,131.45046997070312,3609.151123046875,1093.8062744140625,174.86329650878906,3663.82763671875,862.08056640625,3410.30224609375,1654.8719482421875,827.9518432617188,691.4380493164062,524.669921875,2335.116455078125,404.66864013671875,2457.629638671875,864.0580444335938,1174.8258056640625,1292.1690673828125,278.0599670410156,664.6111450195312,362.6646423339844,1841.350830078125,4417.8876953125,1224.98193359375,8449.7353515625,927.3243408203125,146.3937225341797,105.79346466064453,130.7418212890625,1100.5916748046875,1235.9317626953125,499.16400146484375,920.5099487304688,768.1390380859375,94.11564636230469,2744.947509765625,924.197265625,2568.318115234375,406.7760009765625,6182.55908203125,668.0899047851562,191.35699462890625
2022-10-07,3271.647216796875,800.69189453125,4351.91064453125,3238.6923828125,753.703369140625,3335.7177734375,1696.2080078125,723.2907104492188,778.5894165039062,129.4501953125,3626.489990234375,1089.9976806640625,172.017578125,3666.52685546875,857.9833984375,3378.626708984375,1669.424072265625,822.0719604492188,688.454833984375,521.896240234375,2316.451904296875,403.1485900878906,2444.185302734375,861.2280883789062,1187.054443359375,1288.6614990234375,275.9537353515625,656.3336791992188,363.9606628417969,1852.5167236328125,4397.9580078125,1207.3902587890625,8523.619140625,928.326171875,147.65188598632812,106.9100341796875,132.70643615722656,1105.2493896484375,1233.9959716796875,492.56793212890625,921.7162475585938,755.1804809570312,93.88843536376953,2712.161865234375,917.5208740234375,2704.665771484375,404.8604431152344,6100.20361328125,672.4237060546875,190.4005584716797
2022-10-10,3240.3544921875,792.06640625,4298.923828125,3175.0068359375,774.7974243164062,3348.1220703125,1681.6319580078125,718.1947631835938,777.8531494140625,128.29209899902344,3638.177001953125,1078.76513671875,172.12989807128906,3618.287353515625,858.64013671875,3410.543701171875,1645.8756103515625,826.8358764648438,680.8523559570312,528.1865844726562,2268.40087890625,399.6182556152344,2449.732421875,860.447509765625,1184.021728515625,1298.8289794921875,270.7914733886719,656.284423828125,360.5411682128906,1838.17431640625,4447.42626953125,1211.4349365234375,8604.49609375,918.6229858398438,147.3373565673828,106.2719955444336,132.42124938964844,1093.185302734375,1230.1251220703125,493.0789489746094,912.9346923828125,732.2127075195312,93.79753112792969,2759.63671875,922.4497680664062,2654.74267578125,388.9469909667969,6047.49609375,665.168212890625,191.8935546875
2022-10-11,3268.00390625,781.52978515625,4234.49853515625,3195.10498046875,783.4744873046875,3266.477294921875,1669.9013671875,709.2731323242188,766.023681640625,126.2286605834961,3571.167724609375,1070.3287353515625,168.83482360839844,3437.304443359375,839.5755615234375,3291.180419921875,1616.9195556640625,805.6768798828125,673.9476318359375,517.6366577148438,2248.677490234375,388.3896789550781,2398.0693359375,849.5667724609375,1139.31396484375,1264.330322265625,269.51123046875,633.3735961914062,356.483642578125,1808.62353515625,4359.56640625,1198.3265380859375,8431.4345703125,886.474365234375,144.73118591308594,104.55728149414062,132.0409698486328,1071.4193115234375,1197.4189453125,489.9667053222656,911.6803588867188,718.141845703125,91.20719909667969,2716.276123046875,900.4940795898438,2599.6689453125,386.39300537109375,5975.564453125,646.810302734375,188.67431640625
2022-10-12,3217.795166015625,787.9498291015625,4245.88818359375,3146.19091796875,806.563232421875,3355.11083984375,1691.865234375,711.577392578125,761.360595703125,127.38671875,3604.792236328125,1068.73779296875,173.8148651123047,3462.429931640625,831.42041015625,3339.65966796875,1643.6142578125,817.1791381835938,678.350341796875,521.6486206054688,2250.3544921875,392.4594421386719,2436.3349609375,847.3711547851562,1163.233154296875,1268.681640625,272.64984130859375,641.6017456054688,360.9299621582031,1839.7144775390625,4395.16455078125,1216.21044921875,8433.8115234375,899.7090454101562,148.28094482421875,104.75667572021484,136.60400390625,1079.3033447265625,1203.2257080078125,495.9123840332031,922.1022338867188,732.4060668945312,91.38896942138672,2743.8857421875,910.3965454101562,2596.548583984375,389.5363464355469,6074.83349609375,656.0136108398438,190.33058166503906
2022-10-13,3227.77734375,769.1797485351562,4225.08984375,3108.222412109375,799.8809814453125,3336.875244140625,1678.986328125,704.236328125,754.832275390625,126.46026611328125,3625.484130859375,1064.1097412109375,175.64962768554688,3458.553466796875,834.0669555664062,3352.214111328125,1651.578369140625,843.016357421875,670.5553588867188,515.7545776367188,2247.177490234375,393.7832946777344,2412.877197265625,832.9774780273438,1158.537353515625,1260.8671875,271.4522399902344,638.891845703125,359.1952819824219,1805.9283447265625,4352.0869140625,1216.5028076171875,8397.83984375,901.546875,148.05630493164062,103.56038665771484,135.58998107910156,1082.734130859375,1179.1055908203125,484.43902587890625,934.50244140625,732.4544067382812,90.97997283935547,2746.14208984375,907.7529296875,2574.063232421875,391.9430847167969,6078.81591796875,646.56689453125,176.87051391601562
2022-10-14,3203.6708984375,764.6219482421875,4255.89111328125,3085.460205078125,798.3849487304688,3305.12451171875,1685.525634765625,716.1366577148438,751.9362182617188,125.42854309082031,3636.644287109375,1069.1717529296875,176.99761962890625,3506.596435546875,845.0744018554688,3358.008544921875,1667.1134033203125,860.5702514648438,692.400390625,518.0824584960938,2237.86767578125,389.4684143066406,2421.715087890625,849.2252807617188,1155.9449462890625,1309.1298828125,274.3018493652344,630.9100341796875,365.67535400390625,1840.0513916015625,4420.0166015625,1199.0574951171875,8366.529296875,909.4435424804688,148.37083435058594,101.76591491699219,134.76614379882812,1077.2357177734375,1171.065673828125,489.7809143066406,942.1259155273438,736.1776123046875,90.97997283935547,2742.4697265625,913.9363403320312,2593.0322265625,389.24169921875,6088.8955078125,660.5908813476562,176.0307159423828
2022-10-17,3206.765380859375,770.6010131835938,4249.65234375,3097.180419921875,811.9988403320312,3359.2763671875,1716.4246826171875,724.2802124023438,751.9852905273438,124.88107299804688,3618.874267578125,1068.448486328125,178.23326110839844,3512.239501953125,849.8577270507812,3394.222900390625,1662.787109375,853.7461547851562,696.0332641601562,518.8253784179688,2253.575439453125,380.7895812988281,2435.58251953125,863.8141479492188,1173.60302734375,1323.0711669921875,274.4256896972656,622.238525390625,370.4905700683594,1812.71435546875,4394.73828125,1198.7650146484375,8469.9287109375,909.0662841796875,151.38136291503906,101.9254150390625,134.2591094970703,1094.525634765625,1180.9915771484375,505.0633850097656,945.6964111328125,738.0150146484375,90.48008728027344,2760.745849609375,916.9832763671875,2600.163818359375,389.0943603515625,6167.0712890625,660.347412109375,175.00430297851562
2022-10-18,3278.335205078125,793.8797607421875,4324.080078125,3124.543212890625,814.193115234375,3342.891845703125,1723.413330078125,727.7464599609375,768.821533203125,124.5442123413086,3608.48046875,1085.514404296875,181.0041046142578,3506.056640625,854.0430908203125,3488.670654296875,1659.935791015625,866.278564453125,694.7340698242188,526.2548828125,2260.900146484375,385.84002685546875,2446.58251953125,875.2314453125,1196.6905517578125,1335.2811279296875,281.07470703125,627.4611206054688,370.79962158203125,1846.3082275390625,4471.00048828125,1221.960693359375,8551.0478515625,931.5381469726562,150.03335571289062,102.64319610595703,134.57598876953125,1113.8375244140625,1210.0250244140625,522.5289306640625,944.1040649414062,748.84619140625,91.4798812866211,2789.97900390625,913.5330810546875,2616.111572265625,397.1001892089844,6241.068359375,664.2429809570312,176.96380615234375
2022-10-19,3271.2978515625,789.076904296875,4346.61181640625,3111.854248046875,827.6573486328125,3384.130615234375,1696.0084228515625,726.76171875,769.0669555664062,123.02819061279297,3610.060791015625,1081.80224609375,178.38302612304688,3541.19287109375,846.2702026367188,3488.4775390625,1656.101318359375,863.2008056640625,701.8554077148438,526.5520629882812,2242.544677734375,382.75091552734375,2428.484130859375,870.54736328125,1191.94580078125,1319.0753173828125,286.07177734375,616.7694091796875,372.72369384765625,1833.6021728515625,4444.68115234375,1216.69775390625,8465.6083984375,948.4148559570312,147.42721557617188,101.9254150390625,135.55828857421875,1133.21728515625,1218.015380859375,514.121337890625,942.7048950195312,739.368896484375,90.93453216552734,2769.706787109375,913.3538818359375,2619.529052734375,391.9921875,6291.8583984375,659.1300659179688,176.38063049316406
2022-10-20,3351.003173828125,803.779296875,4280.998046875,3042.260986328125,823.66796875,3417.454833984375,1722.8641357421875,731.8822631835938,778.3931884765625,125.11271667480469,3630.80078125,1096.0721435546875,180.47988891601562,3584.23046875,852.57275390625,3525.995849609375,1660.6241455078125,882.057373046875,697.1159057617188,532.1489868164062,2264.032958984375,387.55615234375,2445.313720703125,867.1807250976562,1134.764892578125,1332.794921875,288.8387756347656,619.2329711914062,371.5672302246094,1832.8802490234375,4505.27392578125,1218.257080078125,8454.0068359375,963.8861083984375,150.03335571289062,103.36100006103516,137.8397674560547,1136.2618408203125,1213.89599609375,515.9793701171875,946.0341186523438,745.31640625,91.70709228515625,2801.157958984375,933.4723510742188,2606.6025390625,391.0589904785156,6197.3583984375,694.8718872070312,177.990234375
2022-10-21,3305.884765625,785.7444458007812,4346.90869140625,2995.283935546875,898.0210571289062,3395.93310546875,1681.681884765625,708.2835693359375,782.85986328125,125.63909912109375,3633.24365234375,1094.095458984375,178.75746154785156,3505.22216796875,848.9951171875,3505.088134765625,1648.923583984375,890.5536499023438,692.2078857421875,536.854248046875,2267.827392578125,386.1341857910156,2495.142822265625,885.2338256835938,1117.4493408203125,1332.439697265625,285.45233154296875,612.9755859375,379.36328125,1806.5059814453125,4511.56982421875,1224.8358154296875,8450.0263671875,975.1220703125,148.3258819580078,104.91618347167969,137.7130126953125,1123.084228515625,1237.122802734375,521.04248046875,943.4769897460938,736.5645141601562,91.07085418701172,2783.502685546875,933.0243530273438,2640.42919921875,391.0098571777344,6256.94970703125,681.9191284179688,178.48011779785156
2022-10-24,3303.7890625,789.5181274414062,4367.806640625,3023.615478515625,907.0470581054688,3424.814208984375,1699.00341796875,709.6375122070312,787.4247436523438,126.6497573852539,3633.24365234375,1105.810302734375,180.10546875,3545.511474609375,858.1500244140625,3516.386962890625,1670.5545654296875,894.3684692382812,703.0101318359375,536.4580688476562,2278.461669921875,387.8993835449219,2419.1767578125,903.921142578125,1120.9710693359375,1347.846435546875,287.1867980957031,612.9755859375,377.9974670410156,1838.2706298828125,4486.05419921875,1238.675048828125,8510.3671875,1002.994384765625,150.03335571289062,105.91309356689453,138.69532775878906,1126.8331298828125,1248.28955078125,530.0076293945312,952.4512939453125,745.55810546875,91.97975158691406,2805.062255859375,939.2973022460938,2658.506591796875,394.4970703125,6288.12158203125,689.6129150390625,179.48321533203125
2022-10-25,3294.505615234375,784.4702758789062,4361.7646484375,2988.019287109375,900.4645385742188,3382.510986328125,1655.8245849609375,699.4358520507812,787.62109375,127.42882537841797,3556.990478515625,1114.48779296875,179.69357299804688,3530.494873046875,870.8629760742188,3583.4560546875,1685.942138671875,889.9468994140625,698.1262817382812,528.4342041015625,2281.726318359375,390.6942443847656,2355.526123046875,902.7012939453125,1112.75341796875,1355.3499755859375,286.03045654296875,634.9501953125,368.1876525878906,1876.1478271484375,4553.6533203125,1248.8597412109375,8742.9462890625,974.5191040039062,152.19017028808594,104.27816009521484,138.47352600097656,1109.4298095703125,1245.5599365234375,537.4862060546875,956.8421020507812,741.6898803710938,91.97975158691406,2805.416748046875,970.080078125,2645.03564453125,397.3948669433594,6308.87060546875,676.3193359375,179.4598846435547
2022-10-27,3318.96142578125,804.95556640625,4389.29833984375,2947.87158203125,912.7320556640625,3353.07421875,1628.269775390625,686.4572143554688,802.1503295898438,128.69216918945312,3597.416259765625,1124.129638671875,180.40499877929688,3553.9521484375,880.4393920898438,3583.4560546875,1695.5286865234375,894.7587280273438,699.8103637695312,527.9884033203125,2303.9208984375,404.4234619140625,2368.312744140625,902.0670776367188,1117.6937255859375,1368.052490234375,285.61749267578125,669.6859741210938,371.8563537597656,1890.538330078125,4427.3076171875,1261.285888671875,8778.8212890625,967.3526611328125,153.35845947265625,105.11556243896484,141.89576721191406,1113.7918701171875,1243.6243896484375,538.5081176757812,976.2385864257812,744.687744140625,94.7064208984375,2801.246337890625,964.1207275390625,2678.218505859375,400.48919677734375,6329.61865234375,688.0060424804688,178.52676391601562
2022-10-28,3317.26416015625,804.0244140625,4523.150390625,2957.5087890625,900.6640014648438,3397.876953125,1650.6829833984375,689.9776000976562,801.9049072265625,127.72360229492188,3618.874267578125,1113.812744140625,183.02609252929688,3481.76513671875,874.313232421875,3617.353271484375,1655.95361328125,892.9812622070312,701.87939453125,525.1156616210938,2338.425537109375,397.1175842285156,2373.24853515625,885.9168701171875,1122.0960693359375,1358.447021484375,285.61749267578125,660.6202392578125,375.694580078125,1901.126708984375,4340.1103515625,1278.341552734375,9216.306640625,974.5215454101562,156.41395568847656,106.63089752197266,143.733642578125,1147.8717041015625,1243.5250244140625,530.2398071289062,955.346435546875,736.2742919921875,92.34331512451172,2806.4365234375,940.0142211914062,2710.509765625,402.6502685546875,6338.5185546875,695.2615356445312,178.80670166015625
2022-10-31,3341.370361328125,807.2099609375,4474.125,3014.447265625,903.6062622070312,3398.941650390625,1684.7269287109375,703.4927978515625,816.7777099609375,127.87098693847656,3608.193115234375,1125.57568359375,184.18685913085938,3542.027099609375,869.1672973632812,3718.464111328125,1692.82470703125,902.6478881835938,720.163818359375,535.3683471679688,2362.25244140625,397.80401611328125,2398.1162109375,886.7463989257812,1117.840576171875,1380.3509521484375,288.0127868652344,664.118408203125,379.2237243652344,1947.378173828125,4487.5224609375,1314.353271484375,9250.337890625,984.2340698242188,155.56021118164062,106.9100341796875,144.5891876220703,1158.5272216796875,1256.57763671875,533.0733642578125,981.3048095703125,744.7844848632812,92.29786682128906,2832.9638671875,952.9636840820312,2735.372314453125,405.4498596191406,6603.1376953125,711.135986328125,180.34632873535156
2022-11-01,3569.205810546875,825.0977783203125,4468.03466796875,3064.595947265625,869.4467163085938,3455.26904296875,1706.2415771484375,709.9329223632812,820.2628173828125,128.16580200195312,3628.7412109375,1131.36083984375,183.96217346191406,3765.360595703125,889.0845947265625,3668.198486328125,1731.7606201171875,919.03369140625,728.1270751953125,539.4298095703125,2358.9873046875,406.384765625,2415.248046875,886.6487426757812,1126.156005859375,1412.084716796875,288.6734924316406,676.3375244140625,380.6692199707031,1948.6776123046875,4587.68994140625,1319.6649169921875,9179.462890625,995.1840209960938,163.37863159179688,107.78732299804688,149.02540588378906,1149.5528564453125,1259.3570556640625,535.953369140625,1000.3152465820312,749.32958984375,91.97975158691406,2892.00732421875,959.6847534179688,2728.884521484375,413.89776611328125,6707.3232421875,698.280517578125,183.07566833496094
2022-11-02,3574.196533203125,816.8645629882812,4341.01611328125,3037.921142578125,861.268310546875,3459.064208984375,1707.58935546875,704.684326171875,795.032958984375,128.5237274169922,3567.384033203125,1117.7177734375,184.0745391845703,3711.3798828125,893.0739135742188,3601.370361328125,1730.5316162109375,906.1592407226562,728.5841674804688,537.1514282226562,2333.218505859375,413.15130615234375,2383.540771484375,882.8429565429688,1113.4871826171875,1394.400146484375,292.9272155761719,674.2189331054688,380.81878662109375,1937.945068359375,4601.13330078125,1318.0079345703125,8960.81640625,985.3915405273438,162.61477661132812,108.82410430908203,147.8529815673828,1156.7322998046875,1263.228271484375,533.1197509765625,1015.1277465820312,742.7536010742188,92.02519989013672,2876.03759765625,969.6318969726562,2702.63525390625,414.68359375,6667.005859375,698.816162109375,183.798828125
2022-11-03,3583.87939453125,817.3055419921875,4352.80126953125,3047.0390625,861.7670288085938,3493.03662109375,1720.6678466796875,701.2771606445312,803.6720581054688,128.4816131591797,3596.218505859375,1121.4298095703125,184.37411499023438,3711.3798828125,899.7882080078125,3549.26953125,1716.3731689453125,906.1160888671875,725.3844604492188,540.2719116210938,2335.337158203125,402.41314697265625,2410.08935546875,886.6975708007812,1123.074462890625,1374.15673828125,292.1426086425781,670.2772216796875,378.86480712890625,1933.51708984375,4581.39404296875,1301.488525390625,8970.234375,987.1364135742188,160.0984649658203,108.78421783447266,144.52581787109375,1161.0491943359375,1266.60302734375,543.385498046875,1007.6490478515625,737.628173828125,92.70687103271484,2845.030029296875,943.5092163085938,2737.501953125,408.887939453125,6616.2158203125,707.2403564453125,181.25613403320312
2022-11-04,3826.2880859375,845.7792358398438,4320.712890625,3085.8876953125,865.8063354492188,3490.815185546875,1797.740966796875,710.1790771484375,801.4631958007812,126.90245056152344,3644.260009765625,1105.038818359375,184.2617645263672,3676.88134765625,887.0850219726562,3541.205810546875,1735.4969482421875,906.2892456054688,720.38037109375,534.2291870117188,2284.638671875,422.222412109375,2385.48095703125,883.428466796875,1127.67236328125,1359.120361328125,292.0600280761719,691.5128784179688,378.8249206542969,1939.677490234375,4551.00244140625,1304.3148193359375,8960.9130859375,987.2259521484375,159.02008056640625,109.940673828125,143.32171630859375,1178.1343994140625,1256.230224609375,551.7931518554688,1003.4996337890625,739.1271362304688,95.2063217163086,2854.47900390625,944.2262573242188,2743.494873046875,417.8269958496094,6778.271484375,719.5601196289062,182.21255493164062
2022-11-07,3953.406982421875,836.0756225585938,4321.9013671875,3010.421875,870.6434936523438,3489.657958984375,1775.128173828125,708.0176391601562,807.6478881835938,130.43980407714844,3965.223388671875,1090.383544921875,186.8828125,3351.278564453125,879.312255859375,3626.430908203125,1745.4276123046875,907.849853515625,725.9859619140625,530.9602661132812,2313.010009765625,429.0379943847656,2397.264404296875,895.3338012695312,1119.30810546875,1353.2403564453125,291.9773864746094,699.642578125,375.3655700683594,1942.1322021484375,4601.70263671875,1316.9847412109375,9061.6923828125,989.8817749023438,158.0315399169922,110.49894714355469,144.49412536621094,1184.427734375,1269.183837890625,570.5594482421875,992.3539428710938,746.7185668945312,96.97865295410156,2868.93994140625,944.0917358398438,2715.611328125,427.30633544921875,6857.38232421875,728.9094848632812,182.65577697753906
2022-11-09,3989.9404296875,873.1256103515625,4319.32666015625,2993.8837890625,871.3916015625,3461.609619140625,1749.81982421875,703.4830322265625,804.064697265625,129.21853637695312,3999.805908203125,1088.9371337890625,191.56332397460938,3237.62451171875,889.0062255859375,3604.991943359375,1716.2257080078125,913.3117065429688,725.7693481445312,526.7501831054688,2339.881591796875,409.0325622558594,2374.548828125,888.5028686523438,1124.052734375,1356.606689453125,297.92431640625,696.2428588867188,377.5189208984375,1928.51171875,4579.54736328125,1303.5838623046875,8984.2138671875,982.1315307617188,155.8297882080078,110.5787124633789,138.6319580078125,1183.246337890625,1254.44384765625,571.860107421875,978.072021484375,744.7844848632812,96.43331909179688,2853.281005859375,937.8920288085938,2692.38330078125,425.4890441894531,6788.54833984375,733.9249877929688,182.39918518066406
2022-11-10,3984.999267578125,875.7230834960938,4244.30419921875,2953.7744140625,841.4708251953125,3447.77099609375,1697.5557861328125,686.8511352539062,810.64208984375,128.6500701904297,3960.816650390625,1082.091552734375,189.91578674316406,3225.8466796875,891.8585205078125,3573.9921875,1675.96240234375,912.444580078125,733.6605834960938,523.2831420898438,2393.71240234375,407.07122802734375,2379.092041015625,888.6980590820312,1102.8726806640625,1348.302978515625,294.0423278808594,690.8231201171875,381.2574157714844,1903.6292724609375,4603.642578125,1265.2330322265625,8832.51171875,975.1426391601562,154.6615447998047,111.53575134277344,136.19204711914062,1168.9329833984375,1229.1820068359375,562.755615234375,975.2736206054688,743.3822631835938,95.16087341308594,2844.054443359375,930.962890625,2616.012451171875,404.9095764160156,6688.04931640625,736.3597412109375,181.44271850585938
2022-11-11,4001.5693359375,876.7522583007812,4378.9482421875,2963.716796875,848.4523315429688,3450.59423828125,1716.4246826171875,694.3694458007812,811.7710571289062,130.08184814453125,3926.33056640625,1081.2237548828125,189.65367126464844,3210.781005859375,889.898193359375,3399.00341796875,1679.7969970703125,945.5631103515625,775.2334594726562,537.5477294921875,2354.883544921875,421.53594970703125,2369.106689453125,884.6482543945312,1115.2481689453125,1409.4814453125,294.3313903808594,708.51123046875,378.65545654296875,1935.8272705078125,4788.7353515625,1254.4149169921875,8823.0947265625,982.2572021484375,154.07737731933594,112.0142822265625,135.6533660888672,1195.878662109375,1240.9940185546875,558.6214599609375,978.072021484375,747.7340087890625,97.75121307373047,2941.912841796875,965.2437744140625,2626.71044921875,416.0097351074219,6699.75146484375,747.8516845703125,186.48150634765625
2022-11-14,4015.244140625,877.291259765625,4512.94921875,2961.582763671875,848.7515258789062,3449.06689453125,1715.5262451171875,691.8436889648438,806.862548828125,129.5554656982422,3931.40771484375,1089.03369140625,185.12295532226562,3215.00146484375,855.4348754882812,3396.05810546875,1719.17529296875,952.8023681640625,777.1099243164062,533.7833862304688,2372.44482421875,446.7388610839844,2326.278076171875,873.3285522460938,1127.9168701171875,1423.12646484375,286.77386474609375,708.9054565429688,383.38092041015625,1924.9501953125,4881.234375,1245.6923828125,8886.0078125,969.821044921875,154.07737731933594,111.0572280883789,137.1458282470703,1190.0850830078125,1239.356201171875,550.4925537109375,981.3048095703125,742.4635009765625,98.79644012451172,2959.257080078125,971.3067626953125,2604.918701171875,426.02935791015625,6740.265625,753.841064453125,185.01187133789062
2022-11-15,4050.43017578125,888.90625,4567.66845703125,2986.89990234375,856.38134765625,3484.38134765625,1705.6923828125,691.8386840820312,819.96826171875,130.08184814453125,3965.3193359375,1078.668701171875,185.08309936523438,3264.958251953125,869.1672973632812,3387.704345703125,1704.427001953125,957.0504760742188,779.0105590820312,527.889404296875,2409.8173828125,448.062744140625,2325.993896484375,889.6738891601562,1127.819091796875,1430.9364013671875,285.1632385253906,711.8123779296875,381.30731201171875,1921.822021484375,4862.0625,1258.8980712890625,8895.572265625,969.3546142578125,154.6615447998047,113.52960968017578,140.16323852539062,1184.7459716796875,1249.97705078125,558.2034301757812,980.4844970703125,747.298828125,98.66011047363281,2956.68408203125,972.7655029296875,2631.514404296875,429.4183044433594,6848.5810546875,750.1403198242188,185.2917938232422
2022-11-16,3949.414306640625,869.7440795898438,4436.24267578125,2990.537109375,853.139892578125,3468.92236328125,1682.880126953125,678.9684448242188,825.8094482421875,129.0501251220703,3957.79931640625,1081.0308837890625,187.2755584716797,3228.840087890625,878.4398193359375,3382.97265625,1698.5274658203125,958.1776123046875,785.6987915039062,523.1344604492188,2417.494873046875,438.74652099609375,2345.25537109375,891.5279541015625,1119.259033203125,1438.83642578125,284.2133483886719,697.9180908203125,391.9744873046875,1928.60791015625,4779.314453125,1254.025146484375,8869.115234375,971.4014892578125,152.72938537597656,113.96824645996094,140.87701416015625,1177.9527587890625,1245.6094970703125,557.181396484375,982.9935302734375,744.2042236328125,96.84232330322266,2976.867919921875,972.6744384765625,2619.281494140625,423.9173278808594,6796.90673828125,747.4620971679688,185.8050079345703
2022-11-17,4010.852294921875,873.174560546875,4358.05078125,2979.4306640625,855.9324951171875,3419.583984375,1661.8643798828125,678.9684448242188,830.6689453125,128.5237274169922,3951.764404296875,1079.3919677734375,185.2823944091797,3229.036376953125,866.7364501953125,3323.870361328125,1681.9600830078125,947.21044921875,778.6016235351562,526.2053833007812,2421.51025390625,431.9309387207031,2328.360107421875,897.5781860351562,1121.6070556640625,1425.01171875,283.8829650878906,698.262939453125,388.9139099121094,1953.586669921875,4667.54931640625,1227.36962890625,8724.9365234375,966.2346801757812,151.24655151367188,114.20750427246094,141.65570068359375,1180.997314453125,1245.0635986328125,556.5310668945312,977.87890625,760.1123657226562,96.20610046386719,2971.234619140625,965.1071166992188,2557.57080078125,415.6659240722656,6757.42529296875,751.3089599609375,185.10519409179688
2022-11-18,4012.499267578125,871.2633666992188,4356.9111328125,3002.613525390625,856.9298706054688,3362.932861328125,1651.6812744140625,668.7716674804688,821.980712890625,128.06051635742188,3933.419189453125,1062.9044189453125,183.01022338867188,3226.435791015625,864.3349609375,3274.038818359375,1680.1904296875,956.4003295898438,776.5567016601562,526.5520629882812,2403.110595703125,430.11669921875,2350.7919921875,898.1148681640625,1104.1446533203125,1430.3978271484375,281.69415283203125,697.8688354492188,390.7083740234375,1948.6776123046875,4635.26416015625,1195.9874267578125,8590.5634765625,963.0494995117188,149.04483032226562,113.05108642578125,141.68814086914062,1180.36083984375,1233.5494384765625,559.9220581054688,974.26025390625,750.151611328125,95.88799285888672,2966.310791015625,967.2040405273438,2541.524169921875,416.3044128417969,6700.98046875,745.9525756835938,183.75216674804688
2022-11-21,3994.58203125,854.3065795898438,4376.42333984375,3002.41943359375,867.751220703125,3350.482421875,1633.1617431640625,657.7034301757812,835.62646484375,130.67138671875,3946.83056640625,1064.8809814453125,182.93048095703125,3205.43212890625,852.7295532226562,3262.788330078125,1654.1839599609375,949.767822265625,768.5933227539062,527.344482421875,2362.781982421875,422.222412109375,2367.544677734375,899.1394653320312,1114.2698974609375,1407.7757568359375,278.51422119140625,686.3887329101562,387.6278381347656,1936.1640625,4513.08447265625,1187.3134765625,8607.21484375,955.15185546875,147.74172973632812,113.42790222167969,142.1424102783203,1159.1180419921875,1217.51904296875,555.6484985351562,968.0361328125,745.55810546875,94.75187683105469,2913.122802734375,950.5650024414062,2549.002685546875,413.6521911621094,6642.373046875,739.7683715820312,181.3260955810547
2022-11-22,4026.673583984375,864.9412841796875,4426.88330078125,3010.713134765625,867.751220703125,3350.112548828125,1640.6494140625,658.2893676757812,832.09228515625,129.21853637695312,3982.802001953125,1064.5435791015625,182.65145874023438,3244.34765625,855.2094116210938,3259.360107421875,1671.1937255859375,956.6171264648438,767.4625244140625,534.8731079101562,2369.84130859375,422.3204650878906,2381.07958984375,901.3839721679688,1144.009765625,1422.902099609375,281.03338623046875,697.9180908203125,386.7605285644531,1953.827392578125,4502.95458984375,1197.2542724609375,8615.515625,947.9887084960938,150.1232147216797,113.21855163574219,141.3312530517578,1165.547607421875,1219.950927734375,556.5775756835938,974.7427368164062,745.8965454101562,95.61531066894531,2941.025390625,957.9044799804688,2581.5419921875,417.1885070800781,6729.10400390625,748.679443359375,181.39608764648438
2022-11-23,3896.211181640625,856.2669067382812,4560.98388671875,3007.75439453125,872.388916015625,3339.698486328125,1633.51123046875,667.6441650390625,827.8219604492188,130.60821533203125,3980.454833984375,1068.303955078125,183.84735107421875,3238.802001953125,863.66845703125,3265.009521484375,1673.995849609375,956.6171264648438,769.4594116210938,542.5006713867188,2346.36767578125,424.9682922363281,2373.176513671875,905.0433349609375,1148.852294921875,1421.196533203125,280.6617126464844,710.0386352539062,389.4721984863281,1949.2071533203125,4489.60498046875,1204.3203125,8674.498046875,945.6494140625,151.0218963623047,114.30718231201172,139.61167907714844,1161.9124755859375,1217.2213134765625,564.5208129882812,982.0283813476562,744.7844848632812,95.84253692626953,2935.125732421875,951.8870239257812,2577.134033203125,416.54998779296875,6710.42041015625,748.4359130859375,181.3727569580078
2022-11-24,3913.978515625,859.2564086914062,4768.81884765625,3021.819091796875,876.228759765625,3351.083984375,1631.3148193359375,666.7874755859375,832.82861328125,135.1773223876953,4014.989501953125,1056.1070556640625,182.173095703125,3244.151123046875,865.2760009765625,3261.581298828125,1694.5455322265625,979.33154296875,781.9697875976562,567.1665649414062,2358.943359375,429.87158203125,2412.739501953125,916.1679077148438,1150.0262451171875,1463.07421875,281.44635009765625,715.35986328125,387.77740478515625,1975.3890380859375,4682.27099609375,1222.204345703125,8706.1494140625,953.883056640625,152.32498168945312,116.77758026123047,143.2455291748047,1171.9320068359375,1231.465087890625,566.1000366210938,998.86767578125,766.6401977539062,95.88799285888672,2998.87060546875,974.9080810546875,2585.504150390625,415.9114990234375,6745.96875,753.9384765625,185.8050079345703
2022-11-25,3894.01513671875,862.1478271484375,4743.46435546875,3014.883544921875,885.4043579101562,3369.68994140625,1631.015380859375,664.4389038085938,831.3560180664062,136.63015747070312,4007.804931640625,1065.748779296875,184.48513793945312,3280.71044921875,866.109130859375,3297.071533203125,1706.0491943359375,978.1178588867188,778.3610229492188,581.0844116210938,2389.873779296875,432.1270446777344,2401.666015625,907.824462890625,1161.325439453125,1468.3258056640625,281.07470703125,715.6062622070312,384.49749755859375,1985.544189453125,4675.40673828125,1228.782958984375,8757.0244140625,943.9215087890625,152.54965209960938,117.69873809814453,143.14820861816406,1189.4261474609375,1226.10498046875,564.2885131835938,997.661376953125,763.15869140625,96.52420806884766,3007.29931640625,984.80029296875,2570.843994140625,425.5381774902344,6759.5390625,756.8601684570312,187.92782592773438
2022-11-28,3879.092041015625,861.1676635742188,4676.513671875,3056.64208984375,889.343994140625,3403.43115234375,1650.1337890625,667.38818359375,822.0789794921875,143.49429321289062,4035.92041015625,1062.27783203125,183.24940490722656,3313.001220703125,862.9529418945312,3323.435546875,1688.1544189453125,969.9684448242188,769.9886474609375,580.4901123046875,2456.3681640625,422.810791015625,2390.071044921875,914.7529907226562,1171.842041015625,1457.328857421875,280.8681945800781,705.2101440429688,384.4476623535156,1987.180419921875,4678.24755859375,1218.9393310546875,8723.9169921875,957.7498168945312,153.1337890625,116.90319061279297,143.6024169921875,1230.299072265625,1244.219970703125,565.4032592773438,998.530029296875,777.8096923828125,95.34265899658203,3012.267822265625,982.110595703125,2567.723876953125,425.5872802734375,6777.5341796875,759.2948608398438,189.25750732421875
2022-11-29,3871.35595703125,860.775634765625,4673.8896484375,3040.9765625,890.1917114257812,3388.065185546875,1629.3182373046875,663.124267578125,820.5573120117188,142.7783966064453,4105.18115234375,1080.982666015625,181.1366729736328,3310.2041015625,873.0194091796875,3299.0029296875,1690.3175048828125,978.7679443359375,768.8339233398438,579.3508911132812,2495.85888671875,427.5179748535156,2493.238525390625,923.8770751953125,1154.9666748046875,1462.40087890625,282.7265930175781,721.8635864257812,383.92919921875,1973.80078125,4650.64990234375,1225.1767578125,8650.9052734375,972.5277099609375,152.9091033935547,117.44750213623047,142.33706665039062,1232.4119873046875,1249.083740234375,565.3568725585938,1013.1013793945312,778.5349731445312,96.43331909179688,3014.130859375,979.6947021484375,2589.020263671875,425.4890441894531,6813.52490234375,754.6201171875,189.02423095703125
2022-11-30,3910.784423828125,863.5200805664062,4681.02001953125,3079.87353515625,898.8687744140625,3471.930908203125,1623.8271484375,661.8244018554688,833.2212524414062,143.66275024414062,4178.8955078125,1098.8199462890625,181.17652893066406,3341.611083984375,879.6454467773438,3365.058349609375,1730.2364501953125,971.702392578125,773.9342651367188,585.0468139648438,2516.7294921875,441.982666015625,2540.705078125,929.8785400390625,1142.4444580078125,1467.6973876953125,280.82696533203125,732.5553588867188,388.2160339355469,1997.1912841796875,4580.96728515625,1272.445068359375,8712.994140625,975.5557861328125,154.75140380859375,118.1593017578125,145.3544464111328,1241.11376953125,1273.40234375,559.6898803710938,1009.4344482421875,791.1068115234375,97.84210205078125,3008.319580078125,981.9285278320312,2627.89892578125,431.6285400390625,6959.15869140625,769.0824584960938,189.84071350097656
2022-12-01,3907.989501953125,872.880615234375,4729.84716796875,3083.947509765625,901.4618530273438,3432.034423828125,1636.1070556640625,664.463623046875,833.0740356445312,142.58889770507812,4216.2080078125,1084.598388671875,180.2596893310547,3345.880615234375,877.1361694335938,3319.62109375,1769.7625732421875,985.2272338867188,779.251220703125,590.8418579101562,2534.290771484375,454.4370422363281,2520.35546875,917.4853515625,1148.412109375,1487.5814208984375,280.4552001953125,735.4129638671875,385.673828125,2025.4906005859375,4580.96728515625,1260.603759765625,8697.4599609375,969.062255859375,154.75140380859375,117.28003692626953,143.9917755126953,1237.455810546875,1281.194091796875,564.9387817382812,1009.8203735351562,786.4166259765625,100.65966796875,3083.5986328125,1004.265625,2613.734375,430.4988708496094,7152.87890625,758.5157470703125,193.0132598876953
2022-12-02,3915.37646484375,870.5772094726562,4824.67724609375,3049.124755859375,902.7584838867188,3387.370849609375,1639.95068359375,657.3735961914062,833.1231689453125,143.6416778564453,4246.52734375,1074.42626953125,180.65834045410156,3318.595703125,884.2033081054688,3217.640869140625,1789.132080078125,984.490234375,773.28466796875,584.3038940429688,2488.9755859375,452.1815185546875,2475.160888671875,908.1172485351562,1153.1077880859375,1470.345703125,278.4729309082031,732.2103881835938,384.9760437011719,2007.4425048828125,4580.96728515625,1232.4864501953125,8559.2998046875,954.644287109375,154.70648193359375,117.99180603027344,142.62905883789062,1236.93310546875,1285.5615234375,564.4278564453125,1003.5961303710938,769.347900390625,101.7957763671875,3051.21533203125,1016.345947265625,2593.130859375,427.6992492675781,7116.5439453125,763.2391967773438,192.40675354003906
2022-12-05,3923.26171875,875.4290771484375,4732.47119140625,3062.170654296875,896.8241577148438,3387.87939453125,1631.514404296875,655.8668823242188,828.6563720703125,142.50466918945312,4218.22021484375,1075.3905029296875,184.36558532714844,3306.425537109375,878.1261596679688,3229.760498046875,1785.690673828125,980.4153442382812,776.0994873046875,583.36279296875,2495.3291015625,471.8927917480469,2479.656494140625,911.0447387695312,1169.5430908203125,1472.0062255859375,278.14251708984375,745.562744140625,386.5013427734375,2007.5389404296875,4710.5322265625,1227.8082275390625,8536.193359375,954.692626953125,157.40245056152344,120.37845611572266,143.9917755126953,1218.8935546875,1275.0400390625,573.4857788085938,1003.0172119140625,774.1348876953125,105.29501342773438,3039.46044921875,1002.6702270507812,2590.90234375,421.1668701171875,7078.734375,781.8404541015625,192.38340759277344
2022-12-06,4024.477783203125,878.66357421875,4742.07763671875,3066.82666015625,902.259765625,3420.18603515625,1632.5628662109375,659.6187133789062,818.10302734375,138.35671997070312,4238.3369140625,1069.8466796875,184.68446350097656,3293.71533203125,857.503173828125,3186.5927734375,1795.4248046875,971.832275390625,775.2334594726562,581.2825317382812,2469.869873046875,460.90936279296875,2512.499755859375,900.359375,1158.3905029296875,1447.9029541015625,278.5968017578125,735.8565063476562,385.86328125,2015.1431884765625,4559.19140625,1230.9757080078125,8463.6669921875,962.372802734375,157.4473876953125,119.28983306884766,145.02999877929688,1222.415283203125,1275.5859375,565.7284545898438,997.3719482421875,771.3787841796875,102.65922546386719,3003.484130859375,992.686767578125,2592.239501953125,419.54608154296875,7121.46044921875,767.3295288085938,191.91688537597656
2022-12-07,3992.03662109375,869.1559448242188,4682.009765625,3129.6826171875,912.2333984375,3364.50634765625,1604.0595703125,652.3958129882812,818.7411499023438,140.79916381835938,4208.83154296875,1065.70068359375,183.16964721679688,3276.392333984375,855.0134887695312,3148.10888671875,1777.8740234375,958.7845458984375,774.8966064453125,576.32958984375,2435.233154296875,455.3196105957031,2562.473876953125,899.8713989257812,1139.3629150390625,1441.2601318359375,280.9095458984375,727.3819580078125,381.11785888671875,2044.5015869140625,4438.05322265625,1234.435546875,8407.1611328125,962.3606567382812,154.4368438720703,117.782470703125,143.44021606445312,1204.3758544921875,1252.70654296875,563.96337890625,982.125,773.0227661132812,101.06866455078125,2999.270263671875,982.8856811523438,2572.2802734375,412.6698913574219,7042.9404296875,757.8340454101562,189.56077575683594
2022-12-08,4017.68994140625,875.1840209960938,4659.32958984375,3124.7841796875,936.8681030273438,3365.894775390625,1615.940185546875,648.1369018554688,817.3667602539062,141.38873291015625,4210.12548828125,1067.82177734375,183.6879119873047,3226.53369140625,853.9744873046875,3208.418212890625,1782.052734375,954.8395385742188,779.251220703125,572.0700073242188,2434.041748046875,462.5274658203125,2560.67578125,909.3858642578125,1164.9940185546875,1454.411376953125,279.5054016113281,733.8363647460938,378.2367248535156,2086.566162109375,4316.1103515625,1241.98876953125,8430.025390625,957.2615356445312,153.0888671875,119.45730590820312,141.3312530517578,1203.8077392578125,1257.4710693359375,568.2368774414062,946.4683837890625,777.7129516601562,101.6594467163086,2972.609619140625,979.3299560546875,2559.056640625,409.8211975097656,7059.50927734375,757.5418090820312,188.34771728515625
2022-12-09,3989.541259765625,873.0765991210938,4640.11669921875,3130.119140625,931.2330322265625,3348.1220703125,1595.9730224609375,641.785400390625,819.624755859375,142.52572631835938,4224.8779296875,1068.20751953125,182.4521484375,3213.382080078125,863.9526977539062,3243.087646484375,1769.7132568359375,890.8139038085938,784.8087158203125,574.1502075195312,2428.129150390625,453.8976745605469,2576.5771484375,907.4342041015625,1176.39111328125,1408.7633056640625,281.9832458496094,729.59912109375,376.45220947265625,2073.427001953125,4167.4208984375,1233.26611328125,8362.6943359375,978.3543090820312,152.32498168945312,117.82433319091797,140.94190979003906,1185.563720703125,1260.250244140625,572.7426147460938,958.0965576171875,776.8426513671875,100.38699340820312,2921.3291015625,943.9093627929688,2590.7041015625,405.9901123046875,6959.5517578125,743.7612915039062,183.84548950195312
2022-12-12,4009.405029296875,863.8140869140625,4696.76708984375,3071.337890625,936.1699829101562,3329.42333984375,1589.4837646484375,640.707275390625,813.24365234375,146.96847534179688,4246.19189453125,1057.505126953125,185.2823944091797,3276.932373046875,872.8037719726562,3206.631591796875,1784.8551025390625,891.5940551757812,790.9194946289062,571.0794677734375,2445.734619140625,453.0151062011719,2571.844482421875,907.824462890625,1180.548828125,1388.923828125,283.4700012207031,730.04248046875,372.0058898925781,2082.715576171875,4100.3896484375,1231.901611328125,8407.744140625,990.2250366210938,151.78579711914062,119.20609283447266,139.87123107910156,1187.38134765625,1253.8480224609375,569.5374145507812,952.83740234375,783.3703002929688,101.52310943603516,2915.739990234375,940.9918823242188,2560.19580078125,406.8251037597656,7027.845703125,752.8671875,184.91856384277344
2022-12-13,4052.826171875,877.0462646484375,4633.92626953125,3083.122802734375,942.1041259765625,3366.450439453125,1608.8018798828125,651.8936157226562,822.717041015625,145.76829528808594,4240.4443359375,1070.1358642578125,184.604736328125,3293.371826171875,873.9603881835938,3199.43701171875,1780.4305419921875,905.7257080078125,793.1088256835938,576.8743896484375,2435.144775390625,449.23956298828125,2565.26611328125,910.4104614257812,1208.136474609375,1411.32177734375,285.45233154296875,733.3929443359375,372.5542297363281,2091.5712890625,4087.93994140625,1250.7601318359375,8369.830078125,985.4375,152.0553436279297,120.88088989257812,140.35791015625,1192.7886962890625,1268.3399658203125,572.9749145507812,959.8336181640625,781.0010375976562,101.06866455078125,2956.240966796875,953.4368896484375,2551.528564453125,411.0981750488281,7104.9892578125,747.36474609375,185.5717315673828
2022-12-14,4048.433837890625,882.68212890625,4621.34765625,3051.550048828125,939.9100341796875,3380.613525390625,1620.3828125,655.3499755859375,814.0289916992188,146.86318969726562,4224.30322265625,1072.83544921875,185.08309936523438,3330.962158203125,883.0564575195312,3253.9033203125,1791.295166015625,915.6959838867188,799.821044921875,574.8931884765625,2424.466796875,460.222900390625,2540.988525390625,899.4810180664062,1225.94140625,1417.830078125,285.287109375,746.89306640625,373.4913635253906,2113.27734375,4206.61669921875,1253.7816162109375,8390.12109375,969.7389526367188,154.2122039794922,123.60250854492188,142.23973083496094,1188.4718017578125,1260.349609375,581.103759765625,965.237548828125,788.5924682617188,102.75011444091797,2985.740234375,971.0787353515625,2566.584716796875,410.5087890625,7077.701171875,760.51220703125,186.64479064941406
2022-12-15,4036.406005859375,866.4114379882812,4598.3212890625,3036.660400390625,935.6713256835938,3350.29736328125,1602.2628173828125,652.41552734375,811.2310180664062,147.03164672851562,4277.70947265625,1062.326171875,181.93392944335938,3303.088134765625,876.0775756835938,3190.262451171875,1756.9312744140625,903.6883544921875,785.1696166992188,574.74462890625,2445.205322265625,452.08343505859375,2520.73388671875,886.8439331054688,1212.685546875,1382.909423828125,279.8770446777344,732.5060424804688,371.49749755859375,2096.047607421875,4100.72119140625,1254.268798828125,8334.34375,953.9990844726562,154.6615447998047,123.47689056396484,140.39036560058594,1171.591064453125,1264.0718994140625,572.2316284179688,967.1192626953125,778.3899536132812,100.84143829345703,2932.28662109375,932.46728515625,2498.831787109375,409.3299865722656,6995.4443359375,750.6272583007812,184.3820343017578
2022-12-16,3973.570068359375,843.3778076171875,4521.3173828125,2964.20166015625,932.6292724609375,3285.77783203125,1584.491943359375,649.6090087890625,807.6969604492188,143.9154052734375,4257.83154296875,1050.3702392578125,179.10366821289062,3265.252685546875,844.7410888671875,3178.62548828125,1726.8936767578125,892.677734375,788.9467163085938,569.7916259765625,2404.61083984375,447.9156494140625,2528.353271484375,880.208251953125,1202.853759765625,1366.4814453125,276.7797546386719,732.6046142578125,366.9813537597656,2093.592529296875,4105.50244140625,1219.81640625,8238.8544921875,954.0401000976562,152.59458923339844,123.26753234863281,138.34632873535156,1165.7974853515625,1244.8651123046875,560.5259399414062,958.86865234375,775.1503295898438,100.93233489990234,2874.751220703125,930.6893920898438,2459.35888671875,414.1433410644531,6897.306640625,750.3350219726562,181.8393096923828
2022-12-19,4067.898681640625,875.1349487304688,4566.18310546875,2988.5,943.7000122070312,3359.970458984375,1616.3895263671875,658.4813842773438,825.0241088867188,143.72589111328125,4336.19189453125,1057.3604736328125,181.2163848876953,3283.8515625,861.7864990234375,3272.7353515625,1736.1851806640625,895.7989501953125,791.4006958007812,578.9547119140625,2453.80908203125,451.2498779296875,2572.648681640625,884.5507202148438,1196.9840087890625,1353.150634765625,281.2398681640625,738.51708984375,370.4905700683594,2102.255859375,4139.82275390625,1257.874755859375,8353.4697265625,970.6160888671875,154.39190673828125,122.09514617919922,142.04505920410156,1181.110595703125,1258.1163330078125,561.5479125976562,953.3681030273438,782.2098388671875,101.61399841308594,2840.85986328125,936.0685424804688,2497.9404296875,410.6070251464844,6958.17529296875,750.0429077148438,181.51272583007812
2022-12-20,4157.7353515625,866.70556640625,4552.5146484375,2989.6640625,947.2406005859375,3345.02099609375,1612.9949951171875,654.1337890625,813.7835083007812,143.2837371826172,4319.47607421875,1052.0574951171875,180.2596893310547,3289.446044921875,856.6307373046875,3199.871337890625,1729.4500732421875,892.7210083007812,785.9393920898438,574.3483276367188,2446.705078125,448.2098388671875,2531.42919921875,887.72216796875,1201.973388671875,1353.105712890625,280.9508056640625,734.9202880859375,368.287353515625,2082.282470703125,4129.9765625,1242.8658447265625,8276.2822265625,973.2212524414062,152.54965209960938,122.13702392578125,141.00680541992188,1191.3345947265625,1222.134521484375,561.5479125976562,953.7540893554688,781.677978515625,100.84143829345703,2878.0341796875,928.0909423828125,2484.41943359375,403.2396545410156,6979.80908203125,735.1422729492188,181.46607971191406
2022-12-21,3894.863037109375,840.6333618164062,4720.43798828125,2977.539306640625,929.8367309570312,3342.660400390625,1579.20068359375,642.6963500976562,799.1071166992188,140.6938934326172,4233.068359375,1087.5872802734375,178.4658660888672,3453.5478515625,864.0409545898438,3161.049560546875,1703.8367919921875,901.9545288085938,778.3368530273438,569.98974609375,2433.379638671875,448.30792236328125,2523.526123046875,870.6937866210938,1175.706298828125,1355.1256103515625,276.8210144042969,732.2596435546875,361.8072814941406,2065.967041015625,4188.72265625,1233.558349609375,8107.396484375,981.8560791015625,150.9320526123047,120.1690902709961,140.1956787109375,1174.3857421875,1225.2115478515625,551.2821655273438,970.4003295898438,776.1656494140625,99.43266296386719,2899.859375,935.4759521484375,2466.045166015625,395.4794006347656,6834.96240234375,735.1911010742188,181.72267150878906
2022-12-22,3861.52392578125,839.8983154296875,4735.7890625,2995.871826171875,917.120361328125,3333.21875,1541.7623291015625,639.1464233398438,801.6594848632812,138.08297729492188,4206.8203125,1082.2362060546875,177.5490264892578,3431.12109375,852.6119384765625,3096.153076171875,1715.5865478515625,900.8706665039062,775.66650390625,572.4166870117188,2407.1259765625,446.6898498535156,2503.7919921875,869.1324462890625,1154.5264892578125,1366.3468017578125,274.5909423828125,726.7905883789062,364.0902404785156,2030.9774169921875,4145.408203125,1202.6146240234375,8091.81201171875,981.4888305664062,149.08975219726562,119.12232208251953,139.5143280029297,1171.3411865234375,1235.5347900390625,551.2821655273438,975.2736206054688,772.3457641601562,97.84210205078125,2892.00732421875,926.17626953125,2459.50732421875,387.4735107421875,6895.63427734375,710.30810546875,181.3727569580078
2022-12-23,3635.585205078125,778.34423828125,4655.021484375,2966.1416015625,904.20458984375,3278.557373046875,1494.5899658203125,627.71875,793.85498046875,136.9038848876953,4149.7744140625,1079.0543212890625,171.4499969482422,3433.6240234375,845.0057983398438,3006.920166015625,1680.4361572265625,893.5014038085938,768.7377319335938,560.13330078125,2326.953369140625,421.2417297363281,2480.839599609375,857.6663208007812,1122.9276123046875,1343.9490966796875,269.8416442871094,717.2321166992188,363.2727966308594,1985.544189453125,4039.417724609375,1193.501953125,7904.671875,973.0859375,146.48361206054688,117.0706558227539,137.08091735839844,1136.9888916015625,1215.5338134765625,533.2591552734375,966.4920043945312,753.343017578125,92.93409729003906,2864.193603515625,907.8506469726562,2459.55712890625,371.6582946777344,6794.34912109375,692.6319580078125,176.19400024414062
2022-12-26,3709.999755859375,790.05712890625,4639.076171875,2964.34765625,926.2462768554688,3288.184326171875,1532.4775390625,633.5384521484375,796.1619873046875,136.9038848876953,4191.39697265625,1057.2158203125,175.99436950683594,3365.264404296875,832.8809204101562,3052.888671875,1700.051513671875,894.455078125,784.0387573242188,563.9471435546875,2370.591552734375,434.382568359375,2477.385009765625,871.620849609375,1169.7386474609375,1348.70703125,276.36676025390625,721.5186767578125,361.597900390625,2012.7850341796875,4117.431640625,1205.635986328125,8016.51953125,961.7155151367188,148.86509704589844,118.32677459716797,137.4702911376953,1146.91748046875,1234.095458984375,554.7195434570312,965.0444946289062,749.7648315429688,95.43354797363281,2885.97412109375,912.63720703125,2457.62548828125,377.9941711425781,6956.20849609375,699.4979248046875,177.523681640625
2022-12-27,3762.80322265625,800.9368896484375,4599.21337890625,3019.20068359375,929.7369995117188,3324.054443359375,1535.173095703125,640.5299682617188,799.8924560546875,137.28286743164062,4185.5537109375,1056.589111328125,176.3929901123047,3412.66943359375,833.322021484375,3092.048828125,1710.22802734375,898.486572265625,784.832763671875,564.4423828125,2384.75537109375,461.8900451660156,2454.479736328125,878.890869140625,1176.2442626953125,1359.8831787109375,275.16912841796875,753.7909545898438,363.06341552734375,2044.59814453125,4156.72265625,1202.9071044921875,8063.75390625,955.8429565429688,148.46067810058594,121.25777435302734,137.9894256591797,1156.3006591796875,1231.8621826171875,559.1788940429688,965.1410522460938,752.2308349609375,101.0232162475586,2891.830078125,920.4324951171875,2479.863037109375,387.1788024902344,6988.8564453125,697.6474609375,180.3696746826172
2022-12-28,3790.802734375,794.2717895507812,4544.59228515625,3029.96728515625,922.2567749023438,3320.25927734375,1520.19775390625,637.7135620117188,789.0936889648438,136.48275756835938,4201.5517578125,1046.8992919921875,177.94764709472656,3382.4892578125,833.6944580078125,3101.46435546875,1723.1573486328125,897.7061767578125,784.2071533203125,562.8574829101562,2379.68115234375,456.9377136230469,2445.34619140625,877.23193359375,1187.7882080078125,1355.664306640625,276.2015380859375,750.58837890625,362.9039001464844,2041.7103271484375,4101.3837890625,1220.5474853515625,8175.98876953125,959.1102905273438,149.04483032226562,120.50406646728516,140.0010223388672,1156.1871337890625,1232.8546142578125,558.38916015625,960.1713256835938,754.4552001953125,99.9780044555664,2889.70068359375,926.541015625,2555.738037109375,384.37921142578125,6936.34521484375,704.6595458984375,180.9295196533203
2022-12-29,3803.67919921875,803.2892456054688,4481.0087890625,3021.673828125,932.0807495117188,3303.55078125,1509.2156982421875,641.1404418945312,805.7335815429688,137.78822326660156,4165.484375,1048.5865478515625,176.7119140625,3348.97216796875,835.2333374023438,3168.72705078125,1723.3541259765625,905.5089721679688,789.7406005859375,565.631103515625,2402.2724609375,460.8113098144531,2430.62841796875,886.1119995117188,1204.4190673828125,1362.307373046875,276.9861755371094,758.176025390625,362.63470458984375,2031.8919677734375,4184.888671875,1230.2935791015625,8190.310546875,957.3895874023438,149.85360717773438,121.13212585449219,140.0010223388672,1155.6644287109375,1249.2821044921875,568.376220703125,965.5270385742188,750.5384521484375,101.56855773925781,2900.036865234375,923.7601928710938,2529.0927734375,379.0747375488281,6865.9375,703.6856079101562,182.3058624267578
2022-12-30,3851.3427734375,801.8679809570312,4434.60888671875,2995.241455078125,931.2828369140625,3347.2890625,1545.306396484375,647.4722290039062,791.3516235351562,139.17788696289062,4126.35205078125,1037.4019775390625,179.42257690429688,3349.95361328125,830.7147827148438,3117.10888671875,1694.5946044921875,901.0442504882812,783.4132690429688,560.92578125,2416.9658203125,464.1946105957031,2424.0029296875,869.3275756835938,1193.60888671875,1353.91357421875,273.8475646972656,756.845703125,364.32952880859375,2007.7315673828125,4133.005859375,1217.4774169921875,8150.3095703125,947.6263427734375,149.58404541015625,122.89068603515625,138.6707763671875,1157.4366455078125,1222.184326171875,570.141357421875,966.3473510742188,741.6898803710938,102.38655853271484,2889.345703125,926.6777954101562,2572.924072265625,381.0885009765625,6843.17236328125,697.4527587890625,183.2389678955078
2023-01-02,3834.2236328125,805.9847412109375,4411.58203125,2955.811279296875,939.112060546875,3308.31787109375,1549.9488525390625,645.3599853515625,798.6162109375,140.58860778808594,4111.6953125,1032.581298828125,179.18338012695312,3310.15478515625,830.2246704101562,3118.171630859375,1702.2637939453125,901.174072265625,783.6779174804688,564.937744140625,2396.712646484375,477.62957763671875,2421.49462890625,880.6473388671875,1199.7232666015625,1368.0972900390625,274.9212951660156,763.9899291992188,363.8908386230469,2011.2445068359375,4092.010498046875,1230.78076171875,8158.755859375,945.4778442382812,150.97698974609375,125.9891357421875,139.5467987060547,1170.4779052734375,1230.86962890625,568.7478637695312,962.101318359375,737.1930541992188,108.38523864746094,2893.559814453125,920.3869018554688,2541.474609375,387.81732177734375,6901.09228515625,703.1499633789062,183.37893676757812
2023-01-03,3823.9921875,804.1715087890625,4447.78125,2937.38134765625,959.7574462890625,3334.00537109375,1560.4315185546875,650.52978515625,802.6411743164062,141.85195922851562,4063.509765625,1037.35400390625,178.66514587402344,3330.1279296875,830.8715209960938,3103.29931640625,1688.2528076171875,902.8214111328125,788.8023071289062,589.9998168945312,2400.683837890625,470.61785888671875,2406.019775390625,879.5739135742188,1214.0062255859375,1366.7955322265625,273.4758605957031,756.6978759765625,365.4460754394531,2010.7635498046875,4117.62060546875,1217.574951171875,8138.8037109375,953.4891967773438,150.61752319335938,125.23548889160156,139.90367126464844,1161.9124755859375,1259.0096435546875,568.9336547851562,973.7777709960938,741.88330078125,107.65812683105469,2937.83154296875,933.424560546875,2588.871826171875,386.9332275390625,6877.1474609375,700.5691528320312,185.24514770507812
2023-01-04,3820.099365234375,793.9287719726562,4390.7333984375,2926.32373046875,954.9202880859375,3288.7861328125,1545.306396484375,647.05859375,796.9473266601562,141.62033081054688,4056.9482421875,1028.676513671875,173.12425231933594,3371.8896484375,833.841552734375,3105.03759765625,1661.9512939453125,898.7033081054688,774.7041625976562,592.9716186523438,2390.888671875,452.57379150390625,2400.388427734375,877.3782348632812,1196.5438232421875,1341.88427734375,270.0893859863281,725.558837890625,363.03350830078125,1993.05224609375,4050.2109375,1204.8076171875,8177.6884765625,943.4647216796875,149.7188262939453,122.47200012207031,136.95115661621094,1144.4183349609375,1249.7288818359375,562.24462890625,968.9527587890625,737.1446533203125,105.20411682128906,2940.7587890625,930.2334594726562,2572.9736328125,378.7800598144531,6888.7021484375,696.9658203125,181.81597900390625
2023-01-05,3822.844482421875,803.3383178710938,4386.5244140625,2914.19873046875,947.0411376953125,3352.009765625,1466.4361572265625,600.6832885742188,792.3333129882812,144.16807556152344,4131.8603515625,1049.35791015625,173.9215087890625,3397.7021484375,842.467041015625,3146.032470703125,1669.8172607421875,905.2055053710938,769.7240600585938,603.7196044921875,2441.939697265625,456.69256591796875,2445.44091796875,857.9103393554688,1189.451171875,1324.2894287109375,275.41680908203125,739.7488403320312,362.9437561035156,2009.2235107421875,4033.406494140625,1220.83984375,8214.873046875,955.8429565429688,152.6844482421875,122.68134307861328,135.4911346435547,1142.37353515625,1258.26513671875,562.1516723632812,980.6292724609375,738.6920166015625,105.93123626708984,2937.609619140625,922.3471069335938,2537.859130859375,380.05706787109375,6890.32421875,701.4943237304688,180.50962829589844
2023-01-06,3817.304443359375,790.1061401367188,4345.32421875,2889.02734375,937.4166870117188,3371.54150390625,1427.99951171875,588.9011840820312,781.4364013671875,145.15769958496094,4175.78173828125,1037.7877197265625,170.81219482421875,3371.25146484375,837.4191284179688,3139.176025390625,1652.4141845703125,895.4088134765625,767.173828125,605.8988647460938,2420.23095703125,453.7015380859375,2438.578857421875,849.078857421875,1156.2384033203125,1300.3209228515625,276.7383728027344,717.724853515625,356.2642822265625,2008.453369140625,3974.138427734375,1232.77880859375,8139.09521484375,961.1234741210938,151.8756561279297,123.39318084716797,135.03688049316406,1152.75634765625,1259.6549072265625,558.0176391601562,973.391845703125,736.2742919921875,105.11323547363281,2849.2890625,899.0980834960938,2514.08642578125,375.24371337890625,6865.9375,699.4005126953125,178.2235107421875
2023-01-09,3848.29833984375,800.4468383789062,4365.3798828125,2894.60498046875,956.216796875,3351.639404296875,1411.67626953125,590.1763305664062,804.4082641601562,146.0209503173828,4180.8115234375,1048.4901123046875,171.37026977539062,3395.3955078125,849.6224365234375,3150.71630859375,1645.5316162109375,925.4492797851562,768.66552734375,602.72900390625,2428.879150390625,461.64483642578125,2483.6318359375,852.2503051757812,1192.1904296875,1332.5933837890625,279.2162780761719,731.5206298828125,361.2689208984375,2042.2877197265625,4066.59033203125,1277.074462890625,8133.2216796875,970.811767578125,153.1337890625,124.0630874633789,135.68580627441406,1179.974609375,1296.6787109375,564.5671997070312,981.2564697265625,741.6898803710938,106.84012603759766,2945.4609375,925.6292724609375,2461.141845703125,382.5619812011719,6917.7109375,715.031494140625,182.79574584960938
2023-01-10,3640.276611328125,780.5986328125,4423.763671875,2871.51904296875,949.63427734375,3308.549072265625,1410.9776611328125,581.3927001953125,778.343994140625,146.2736358642578,4144.9365234375,1040.053466796875,172.8053436279297,3436.960693359375,840.7420043945312,3058.972900390625,1623.3106689453125,922.3283081054688,754.6154174804688,594.5565795898438,2393.3154296875,468.3133544921875,2502.372314453125,840.540283203125,1200.897216796875,1319.3970947265625,275.3755798339844,734.3290405273438,358.0089111328125,2027.80078125,4006.3291015625,1281.509033203125,8051.8115234375,967.8272094726562,150.9320526123047,125.06800079345703,137.43785095214844,1162.52587890625,1292.9564208984375,552.9080200195312,976.4314575195312,743.9141235351562,108.02168273925781,2915.6953125,914.1416625976562,2444.847412109375,405.5971984863281,6805.06787109375,705.7308349609375,183.37893676757812
2023-01-11,3629.19677734375,780.6475830078125,4318.73193359375,2852.167724609375,947.2406005859375,3275.086181640625,1397.3997802734375,580.5655517578125,751.54345703125,148.44239807128906,4132.91357421875,1010.0677490234375,170.13450622558594,3348.23583984375,835.4882202148438,3029.711181640625,1607.6280517578125,914.4819946289062,765.4898071289062,594.2098999023438,2377.166259765625,481.4541931152344,2454.479736328125,845.3707275390625,1186.90771484375,1320.7437744140625,274.05401611328125,743.19775390625,359.26507568359375,2045.80126953125,4000.553466796875,1279.2674560546875,8043.3642578125,954.9874267578125,149.2245635986328,122.93257904052734,137.5352020263672,1147.8717041015625,1281.740234375,554.3479614257812,992.0162353515625,734.2918090820312,108.02168273925781,2953.22412109375,917.5149536132812,2414.339111328125,410.8034973144531,6905.02587890625,699.0596313476562,183.75216674804688
2023-01-12,3640.576171875,777.2171020507812,4317.89013671875,2828.451171875,933.078125,3304.939208984375,1385.5194091796875,580.8264770507812,743.0518188476562,145.30506896972656,4118.49658203125,1023.1324462890625,170.5331573486328,3244.052978515625,845.0352172851562,2996.876708984375,1614.8548583984375,929.0907592773438,769.5797119140625,592.7735595703125,2377.607421875,476.25665283203125,2451.450927734375,839.8572387695312,1182.896728515625,1329.1370849609375,272.4433898925781,752.3128662109375,354.80877685546875,2078.91357421875,4048.5068359375,1286.382080078125,8125.64892578125,960.5432739257812,149.13470458984375,122.38826751708984,138.54098510742188,1123.084228515625,1305.9593505859375,552.6757202148438,996.6963500976562,729.4081420898438,107.34001159667969,2958.23681640625,913.1386108398438,2423.451904296875,404.95867919921875,7034.2373046875,699.0596313476562,184.05543518066406
2023-01-13,3714.391845703125,778.8833618164062,4293.9228515625,2821.85498046875,931.6818237304688,3337.337890625,1388.8638916015625,588.6452026367188,750.3163452148438,147.43170166015625,4153.79736328125,1029.495849609375,171.48983764648438,3289.59326171875,846.9563598632812,3053.6611328125,1627.341796875,934.4224853515625,770.18115234375,598.8161010742188,2407.787841796875,479.0515441894531,2483.58447265625,852.3480224609375,1207.5985107421875,1349.8291015625,271.5348205566406,757.2891845703125,354.96826171875,2072.80126953125,4059.205810546875,1294.422607421875,8207.3994140625,956.2465209960938,150.79722595214844,123.05818176269531,138.86541748046875,1121.266845703125,1303.229736328125,557.5066528320312,995.4901733398438,728.1026611328125,109.47589874267578,2993.902099609375,914.5973510742188,2394.330078125,404.22198486328125,7128.19677734375,700.0335083007812,183.77549743652344
2023-01-16,3613.225830078125,771.4341430664062,4253.4150390625,2828.548095703125,910.7373657226562,3316.833984375,1381.6258544921875,591.904541015625,745.2606201171875,146.9474334716797,4128.41162109375,1021.6378784179688,170.41357421875,3271.435791015625,848.06396484375,3031.44970703125,1620.8524169921875,948.2072143554688,762.7952880859375,598.51904296875,2434.39453125,473.70697021484375,2458.1240234375,844.3461303710938,1212.3431396484375,1369.44384765625,272.73248291015625,748.1248168945312,355.8655090332031,2057.20751953125,4049.312255859375,1282.1912841796875,8136.23046875,953.890380859375,149.13470458984375,123.60250854492188,139.93609619140625,1110.5885009765625,1291.26904296875,560.2008056640625,999.2055053710938,722.6387329101562,109.0214614868164,3025.20654296875,943.1343383789062,2383.08740234375,405.6954345703125,7163.54833984375,695.4075317382812,185.9683074951172
2023-01-17,3632.74072265625,769.1797485351562,4281.3447265625,2852.65234375,915.2752685546875,3338.865234375,1370.6439208984375,589.3491821289062,751.6907348632812,146.71578979492188,4178.65625,1030.7974853515625,169.89535522460938,3285.372802734375,853.10205078125,3070.947509765625,1632.8477783203125,963.2493896484375,774.1508178710938,603.7196044921875,2441.6748046875,478.4631652832031,2524.8037109375,844.2484741210938,1203.6363525390625,1382.01171875,274.4256896972656,746.4496459960938,358.42767333984375,2130.266845703125,4046.708251953125,1287.307861328125,8232.5927734375,964.0474853515625,150.70736694335938,123.81185913085938,141.7206268310547,1126.3560791015625,1288.837158203125,550.8640747070312,996.5516967773438,725.3464965820312,108.47612762451172,3065.447998046875,953.7105102539062,2385.16748046875,407.9547119140625,7254.802734375,700.423095703125,184.91856384277344
2023-01-18,3590.167724609375,770.89501953125,4298.13232421875,2856.871826171875,921.55859375,3341.595947265625,1365.0531005859375,590.6982421875,762.3422241210938,145.72618103027344,4208.9755859375,1025.3017578125,172.8850555419922,3325.711181640625,855.5722045898438,3068.67822265625,1648.3829345703125,966.803955078125,787.8160400390625,595.3985595703125,2444.41064453125,493.2220764160156,2542.455810546875,848.493408203125,1196.4459228515625,1387.30810546875,276.40802001953125,755.9588623046875,358.7167663574219,2181.66796875,4046.2353515625,1288.5750732421875,8246.8642578125,958.1314697265625,152.280029296875,124.9842529296875,142.33706665039062,1124.4930419921875,1300.9468994140625,549.4705810546875,1003.6926879882812,725.7816772460938,111.29368591308594,3075.97412109375,955.8074340820312,2401.1650390625,401.17681884765625,7162.17138671875,713.2297973632812,188.11447143554688
2023-01-19,3457.259765625,760.65234375,4276.689453125,2780.145263671875,926.2462768554688,3310.16943359375,1352.923095703125,592.05712890625,757.87548828125,147.24220275878906,4188.5712890625,1026.6998291015625,178.5455780029297,3319.33154296875,849.2695922851562,3058.151611328125,1648.776123046875,972.2715454101562,791.0878295898438,599.55908203125,2444.057861328125,489.2503967285156,2507.95654296875,845.2244262695312,1174.4835205078125,1381.4730224609375,274.3431091308594,748.96240234375,352.37628173828125,2188.021240234375,4013.0986328125,1286.041015625,8254.2451171875,951.2561645507812,151.6060333251953,127.07778930664062,143.2455291748047,1123.288818359375,1313.3045654296875,547.9840698242188,1004.1268920898438,714.1768798828125,112.29347229003906,3060.63916015625,960.3204345703125,2362.484375,393.662109375,7092.2548828125,728.0328979492188,188.20777893066406
2023-01-20,3449.873046875,759.0841674804688,4244.10595703125,2704.14697265625,928.0913696289062,3307.20703125,1331.0091552734375,577.08447265625,750.4636840820312,145.85252380371094,4137.36865234375,1015.7080688476562,180.97723388671875,3281.201416015625,852.8766479492188,3042.507080078125,1627.587646484375,969.1221923828125,799.195556640625,584.997314453125,2423.67236328125,480.4735107421875,2412.361083984375,849.3228759765625,1176.3421630859375,1369.48876953125,276.36676025390625,730.6337890625,351.4989318847656,2165.737548828125,4040.838134765625,1281.36279296875,8194.193359375,928.0052490234375,151.6060333251953,126.95219421386719,144.86778259277344,1109.9296875,1286.50439453125,550.1673583984375,994.283935546875,714.1286010742188,111.74813842773438,3051.5654296875,954.120849609375,2348.8642578125,396.0196228027344,7057.64111328125,718.5374755859375,188.09112548828125
2023-01-23,3430.109130859375,753.791259765625,4293.8232421875,2700.897216796875,930.2357177734375,3354.231689453125,1330.5599365234375,577.3405151367188,758.562744140625,147.2211456298828,4155.47412109375,1024.482177734375,183.44869995117188,3322.962890625,850.3772583007812,3093.545654296875,1603.9410400390625,980.8446655273438,805.0418090820312,583.6600341796875,2448.5146484375,484.6413269042969,2457.461181640625,850.6401977539062,1178.543212890625,1389.6422119140625,278.9684753417969,723.2431640625,355.65618896484375,2149.903076171875,4136.2724609375,1294.7149658203125,8172.15380859375,936.0792846679688,149.9434814453125,127.58023834228516,146.06826782226562,1104.3177490234375,1285.8096923828125,557.831787109375,1012.5706787109375,717.996826171875,110.88468933105469,3098.5673828125,971.2611083984375,2342.32666015625,401.17681884765625,6735.69287109375,729.8833618164062,189.8873748779297
2023-01-24,3435.748779296875,746.0970458984375,4263.666015625,2726.26220703125,907.7951049804688,3412.502685546875,1330.510009765625,576.5576782226562,761.458740234375,146.9474334716797,4211.2265625,1024.096435546875,181.45558166503906,3293.862548828125,833.6944580078125,3115.9501953125,1576.3121337890625,995.4104614257812,815.8198852539062,584.0066528320312,2446.1318359375,475.2760009765625,2461.342041015625,849.7131958007812,1185.9783935546875,1393.143310546875,279.95965576171875,711.5167236328125,350.9705505371094,2124.87646484375,4269.38818359375,1290.280517578125,8445.65625,932.3866577148438,149.2245635986328,127.4127426147461,143.37530517578125,1097.7972412109375,1263.82373046875,552.1647338867188,1004.2716064453125,716.4979248046875,109.43046569824219,3117.984619140625,976.09326171875,2348.3193359375,414.68359375,6696.31005859375,726.4747314453125,190.16799926757812
2023-01-25,3382.794921875,699.0004272460938,4183.78955078125,2691.730712890625,889.9921875,3441.106201171875,1312.190185546875,570.7330932617188,762.2931518554688,146.0209503173828,4203.65869140625,998.1602783203125,180.29954528808594,3273.8896484375,823.539794921875,3103.685791015625,1567.0206298828125,982.2008056640625,793.2771606445312,579.549072265625,2457.69189453125,479.63995361328125,2482.022705078125,834.6364135742188,1131.0474853515625,1385.1536865234375,280.2074890136719,714.0789184570312,348.8869934082031,2093.3037109375,4194.78271484375,1278.1954345703125,8528.474609375,929.71875,149.08975219726562,127.66397094726562,142.3695068359375,1082.620361328125,1248.1405029296875,528.3353271484375,1003.6443481445312,715.67578125,109.97579956054688,3112.041748046875,958.3602294921875,2334.30322265625,411.638427734375,6593.45166015625,718.68359375,187.8060760498047
2023-01-27,2756.4345703125,585.10595703125,4203.39990234375,2640.951416015625,871.44140625,3644.1533203125,1312.040283203125,567.266845703125,760.3297119140625,141.72561645507812,4196.23486328125,1009.7304077148438,177.3098602294922,3324.6806640625,845.70166015625,3061.09716796875,1551.977294921875,975.9456787109375,777.4708862304688,582.174072265625,2414.5830078125,469.7353210449219,2472.367919921875,797.45703125,1092.16064453125,1363.743408203125,285.7826843261719,710.8269653320312,341.56951904296875,2079.009765625,4164.86474609375,1286.6744384765625,8483.23046875,928.7930908203125,149.44920349121094,123.64436340332031,142.27218627929688,1062.081787109375,1240.9940185546875,501.6259460449219,1006.8770751953125,711.033935546875,109.6576919555664,3095.073974609375,939.1683959960938,2309.193359375,437.7188720703125,6603.7763671875,725.25732421875,186.16912841796875
2023-01-30,2887.59619140625,585.1549072265625,4197.01220703125,2683.19482421875,869.5463256835938,3555.658203125,1341.6416015625,592.9779052734375,756.1084594726562,141.11500549316406,4221.47705078125,997.3408203125,180.0603790283203,3304.020751953125,848.60302734375,3082.053466796875,1571.789306640625,992.6985473632812,776.677001953125,582.4218139648438,2384.711181640625,463.2139587402344,2430.722900390625,803.6046752929688,1065.4044189453125,1381.3834228515625,284.7915344238281,691.463623046875,344.19146728515625,2033.81689453125,4212.06005859375,1297.784912109375,8560.416015625,926.3546752929688,151.74085998535156,121.34147644042969,137.4702911376953,1072.26025390625,1224.3182373046875,500.0001220703125,1014.8865966796875,711.4207763671875,107.9307861328125,3115.580322265625,944.6387329101562,2313.45263671875,435.8033142089844,6773.0107421875,725.6956176757812,188.13348388671875
2023-01-31,2968.49853515625,600.494384765625,4215.03759765625,2644.0556640625,869.297119140625,3534.46044921875,1340.2440185546875,579.644775390625,756.2066650390625,144.54710388183594,4136.0751953125,981.4800415039062,179.2631378173828,3253.86767578125,847.6915283203125,3151.489013671875,1563.5301513671875,981.7195434570312,771.552490234375,573.4073486328125,2438.498046875,459.3403015136719,2438.86279296875,811.8018188476562,1059.436767578125,1376.849853515625,291.02752685546875,705.9984741210938,345.1385498046875,2044.886474609375,4154.6650390625,1343.737548828125,8636.4384765625,919.1940307617188,153.80776977539062,121.34147644042969,140.58502197265625,1069.579345703125,1210.5213623046875,514.2141723632812,998.2886962890625,705.4733276367188,108.79423522949219,3047.5732421875,925.4013671875,2354.658935546875,444.1039123535156,6967.56640625,737.4310302734375,186.54330444335938
2023-02-01,2131.471923828125,485.32568359375,4221.7216796875,2661.418701171875,854.9849853515625,3528.027099609375,1266.2156982421875,572.8305053710938,755.028564453125,140.94656372070312,4187.18212890625,995.0750122070312,175.91464233398438,3294.64794921875,853.0531005859375,3189.87646484375,1561.1705322265625,990.3801879882812,783.1245727539062,510.8511047363281,2406.72900390625,458.80096435546875,2436.496826171875,827.4640502929688,1019.2291870117188,1392.425048828125,298.50250244140625,719.05517578125,347.8701477050781,2065.244873046875,4173.25830078125,1317.7156982421875,8513.6669921875,922.678955078125,152.77430725097656,120.79714965820312,140.5201416015625,1063.2406005859375,1101.1868896484375,489.920166015625,979.3748168945312,716.401123046875,110.93013000488281,3092.6240234375,933.3790283203125,2323.704345703125,438.750244140625,7022.48681640625,722.77392578125,188.20361328125
2023-02-02,1562.4072265625,453.2745056152344,4190.87109375,2624.461669921875,866.1553955078125,3508.9580078125,1269.8099365234375,563.0277099609375,763.520263671875,139.8937530517578,4380.78515625,988.5667724609375,173.52285766601562,3206.46240234375,856.6994018554688,3107.017333984375,1571.9368896484375,1005.689697265625,771.4802856445312,488.0673828125,2348.220703125,456.3983459472656,2493.853759765625,837.1736450195312,1052.5399169921875,1421.73486328125,312.70904541015625,716.7887573242188,351.2696533203125,2064.619140625,4363.1337890625,1318.0567626953125,8612.0205078125,916.141845703125,149.98841857910156,120.12720489501953,138.02183532714844,1057.35595703125,1099.30078125,490.6169128417969,972.3302001953125,712.871337890625,109.0214614868164,3139.852294921875,926.90576171875,2286.262451171875,436.9329833984375,7048.29931640625,678.2183227539062,191.50094604492188
2023-02-03,1583.9183349609375,488.9523010253906,4210.779296875,2677.568603515625,880.2680053710938,3566.211181640625,1335.2520751953125,592.234375,778.3931884765625,137.57766723632812,4434.23974609375,985.6741943359375,174.5194549560547,2830.9033203125,854.3958740234375,3203.01025390625,1589.2415771484375,1002.6714477539062,798.1611328125,484.3031005859375,2342.308349609375,450.7595520019531,2507.010009765625,842.9310913085938,1079.589599609375,1435.783935546875,314.40228271484375,721.1737670898438,354.96826171875,2085.459228515625,4281.7724609375,1352.752685546875,8682.0703125,918.5441284179688,152.6626739501953,120.83904266357422,139.41700744628906,1058.28759765625,1129.624755859375,505.57427978515625,992.1610107421875,702.6687622070312,109.385009765625,3159.723388671875,922.0279541015625,2439.7958984375,437.571533203125,7069.49072265625,697.0145263671875,190.7760009765625
2023-02-06,1569.8436279296875,534.6277465820312,4279.21484375,2671.554931640625,880.3179321289062,3563.017578125,1340.8428955078125,601.0919189453125,774.8098754882812,140.54649353027344,4431.173828125,992.905517578125,175.0775146484375,2726.523681640625,852.6707763671875,3148.9296875,1590.9622802734375,1002.2778930664062,794.7688598632812,477.5174560546875,2378.268798828125,438.6974792480469,2496.45654296875,833.0750732421875,1104.6336669921875,1409.2569580078125,316.67364501953125,700.6771850585938,348.3287048339844,2075.400146484375,4371.02734375,1341.057373046875,8648.76953125,919.3753051757812,153.12376403808594,120.1690902709961,140.84458923339844,1050.312744140625,1129.9720458984375,506.6890869140625,987.5289306640625,705.715087890625,106.74922943115234,3139.444091796875,916.6032104492188,2434.743896484375,434.1825256347656,7008.57177734375,695.8944702148438,189.25596618652344
2023-02-07,1799.6754150390625,542.1749267578125,4274.16455078125,2675.289306640625,876.7772216796875,3591.11181640625,1348.1810302734375,606.640869140625,771.5211791992188,139.8727264404297,4413.1640625,994.3518676757812,175.15724182128906,2699.876953125,870.4513549804688,3162.449951171875,1589.1925048828125,987.0121459960938,795.9476318359375,478.4090270996094,2340.85205078125,421.2417297363281,2462.004150390625,832.1480712890625,1118.085205078125,1402.569091796875,308.2901611328125,703.6826782226562,353.9913024902344,2084.255859375,4369.31494140625,1331.9935302734375,8507.455078125,917.2728881835938,152.3860321044922,121.13212585449219,140.7147979736328,1047.7908935546875,1123.37109375,508.2684326171875,971.1723022460938,704.2161865234375,101.29588317871094,3150.877197265625,913.959228515625,2423.748779296875,427.7483825683594,6954.04541015625,690.7328491210938,187.31500244140625
2023-02-08,2160.3193359375,587.3602294921875,4349.087890625,2682.613037109375,869.4467163085938,3591.898681640625,1366.6505126953125,625.4588012695312,760.9187622070312,140.7360076904297,4401.62060546875,1001.8723754882812,176.0148468017578,2747.183837890625,879.7728271484375,3117.3505859375,1609.1029052734375,1001.66552734375,795.8514404296875,503.7683410644531,2307.3623046875,428.05731201171875,2444.589111328125,838.3446044921875,1120.48193359375,1427.79443359375,310.18988037109375,721.2723388671875,352.01739501953125,2051.095458984375,4483.8681640625,1338.182373046875,8577.6015625,918.0896606445312,152.61656188964844,120.50406646728516,140.81443786621094,1068.7159423828125,1155.8787841796875,510.7303161621094,984.8809204101562,700.5413208007812,101.29588317871094,3194.02197265625,921.7999877929688,2443.4111328125,432.3161315917969,7129.6220703125,703.7830810546875,190.23812866210938
2023-02-09,1922.2025146484375,570.7465209960938,4347.15576171875,2730.142578125,865.4074096679688,3559.916748046875,1397.948974609375,635.6358642578125,752.6234130859375,140.5254364013672,4442.38232421875,984.9029541015625,175.23892211914062,2770.837158203125,879.7140502929688,3126.186767578125,1615.8870849609375,1002.846435546875,794.1914672851562,513.7734375,2258.42919921875,435.9516296386719,2448.280029296875,840.0036010742188,1138.5313720703125,1451.5838623046875,309.1161193847656,713.1920166015625,353.09405517578125,2067.025634765625,4465.7509765625,1337.3538818359375,8545.0771484375,918.3507080078125,153.07765197753906,122.43013000488281,141.37899780273438,1070.578857421875,1171.710693359375,511.705810546875,978.85302734375,698.1720581054688,101.1141128540039,3212.849853515625,926.3131103515625,2439.251220703125,429.025390625,7060.1982421875,698.3779296875,190.9630889892578
2023-02-10,1843.5955810546875,572.3638305664062,4373.84765625,2720.4423828125,864.9585571289062,3546.864501953125,1399.4464111328125,633.7156982421875,757.8264770507812,140.6517791748047,4428.34814453125,996.1837158203125,172.74774169921875,2759.15771484375,882.0861206054688,3102.237060546875,1607.873779296875,975.989501953125,797.3430786132812,517.6366577148438,2279.69677734375,424.7721252441406,2439.57275390625,833.2214965820312,1135.98779296875,1443.998046875,306.7208557128906,708.4619750976562,353.3233947753906,2082.85986328125,4461.8994140625,1330.7752685546875,8554.9306640625,919.4888916015625,152.15550231933594,122.84882354736328,142.2093048095703,1061.763671875,1175.730712890625,513.7960815429688,978.6585083007812,702.6687622070312,98.8873291015625,3209.85546875,927.5438842773438,2445.144775390625,437.9644470214844,7086.06005859375,707.922119140625,189.7938232421875
2023-02-13,1714.5303955078125,542.7140502929688,4316.80029296875,2707.008056640625,856.830078125,3594.86083984375,1386.268310546875,624.8532104492188,754.5376586914062,141.03077697753906,4395.10693359375,985.3367919921875,174.01376342773438,2721.812744140625,887.006591796875,3141.155517578125,1595.0919189453125,973.6713256835938,797.9445190429688,509.662353515625,2260.5029296875,419.42755126953125,2442.88525390625,830.0988159179688,1132.2213134765625,1407.1024169921875,309.07476806640625,707.5750732421875,353.67230224609375,2120.83349609375,4394.75634765625,1318.6414794921875,8553.0869140625,919.6314697265625,154.78363037109375,124.0630874633789,143.4713134765625,1055.7203369140625,1170.3707275390625,499.3498229980469,987.0684814453125,694.1586303710938,98.84188079833984,3159.814208984375,914.0048217773438,2495.216552734375,433.24932861328125,7059.70654296875,714.6419067382812,187.3617706298828
2023-02-14,1746.522216796875,553.8877563476562,4227.86279296875,2693.670654296875,868.4493408203125,3588.0107421875,1396.3017578125,636.0001831054688,761.0170288085938,139.4516143798828,4406.45849609375,991.5074462890625,172.95196533203125,2739.9208984375,889.6922607421875,3066.84326171875,1577.787109375,984.562744140625,805.3305053710938,507.23541259765625,2243.691650390625,426.39019775390625,2441.560546875,844.3948364257812,1131.7322998046875,1430.26318359375,319.1928405761719,713.2904663085938,352.9844055175781,2109.619384765625,4409.64013671875,1328.53369140625,8519.1064453125,922.343017578125,153.12376403808594,124.3143081665039,142.8070831298828,1080.598388671875,1153.0994873046875,502.4620361328125,978.8043823242188,697.2532348632812,99.29633331298828,3175.875,922.7117309570312,2483.18115234375,432.7581481933594,7020.3232421875,741.7161254882812,189.4664306640625
2023-02-15,1775.86865234375,557.7594604492188,4444.80908203125,2702.546142578125,866.0057983398438,3615.1328125,1418.4652099609375,639.0775146484375,771.0303955078125,139.4516143798828,4395.53759765625,993.8697509765625,173.8912353515625,2770.24853515625,886.0557861328125,3197.650390625,1598.8773193359375,991.0803833007812,803.694580078125,514.2191162109375,2269.724853515625,425.5566711425781,2412.0771484375,849.761962890625,1124.6396484375,1433.6746826171875,320.8559265136719,716.5424194335938,356.0050964355469,2093.64111328125,4510.64013671875,1344.3223876953125,8587.9423828125,930.9487915039062,152.89324951171875,123.51876068115234,142.47500610351562,1105.0675048828125,1171.611328125,503.7626953125,967.76953125,704.1194458007812,100.25066375732422,3194.5205078125,976.82275390625,2500.416748046875,436.29449462890625,7032.7626953125,749.2637329101562,190.54214477539062
2023-02-16,1793.3369140625,565.7477416992188,4598.56884765625,2721.751953125,862.4652099609375,3616.244140625,1425.85302734375,633.8929443359375,770.0977172851562,137.1565399169922,4379.779296875,998.4013061523438,175.97402954101562,2823.296875,885.947998046875,3176.3564453125,1602.3184814453125,986.9246215820312,800.7835083007812,509.76141357421875,2256.222900390625,426.2921447753906,2391.86962890625,848.4446411132812,1123.416748046875,1437.9384765625,321.1497497558594,717.3306884765625,356.49359130859375,2096.76904296875,4705.74609375,1333.4068603515625,8548.86328125,948.730712890625,154.36865234375,130.55303955078125,142.5413818359375,1104.2042236328125,1165.4075927734375,501.76519775390625,967.5264282226562,708.4712524414062,101.7957763671875,3228.456787109375,1030.477783203125,2498.534423828125,433.78961181640625,7052.33154296875,750.2376708984375,191.71139526367188
2023-02-17,1719.5712890625,567.1689453125,4570.39306640625,2748.572509765625,852.6412353515625,3604.85791015625,1411.726318359375,631.8644409179688,762.587646484375,139.68321228027344,4342.658203125,989.0005493164062,177.6483917236328,2777.364013671875,884.1934814453125,3172.396728515625,1615.3955078125,970.6530151367188,796.7657470703125,499.5087890625,2295.9287109375,421.1927185058594,2380.890380859375,841.8088989257812,1090.4974365234375,1421.7799072265625,321.8633117675781,717.774169921875,350.7712097167969,2143.020751953125,4620.43701171875,1307.43359375,8551.4365234375,919.3656005859375,154.96804809570312,131.13925170898438,142.01002502441406,1108.8162841796875,1141.1883544921875,493.3111267089844,957.1720581054688,702.330322265625,102.02299499511719,3176.826904296875,1029.5205078125,2476.64404296875,432.11968994140625,7176.33154296875,750.0429077148438,190.02767944335938
2023-02-20,1618.505126953125,568.1981201171875,4566.33251953125,2740.76416015625,844.5127563476562,3613.652099609375,1402.2918701171875,627.009765625,764.8947143554688,137.34605407714844,4266.548828125,929.4630126953125,178.30181884765625,2846.85205078125,877.2244262695312,3177.7080078125,1604.6292724609375,976.033203125,789.2835083007812,503.1739807128906,2288.594482421875,425.8508605957031,2377.05712890625,831.5137329101562,1085.2147216796875,1429.544921875,322.4089660644531,712.7977294921875,346.3946533203125,2142.20263671875,4647.58984375,1312.06298828125,8440.6572265625,909.7835693359375,154.82972717285156,129.6737823486328,143.3384552001953,1097.093017578125,1149.823974609375,487.8763427734375,957.0747680664062,698.0269165039062,102.1138916015625,3164.2607421875,1043.1961669921875,2450.740966796875,435.16485595703125,7303.18359375,738.1614379882812,190.3784637451172
2023-02-21,1568.24658203125,571.6287231445312,4458.82373046875,2732.5673828125,841.8198852539062,3551.909423828125,1392.0087890625,628.1766967773438,764.7965087890625,136.1248016357422,4314.015625,931.3431396484375,174.83053588867188,2864.5185546875,879.4494018554688,3161.918701171875,1605.7598876953125,966.8475952148438,792.2427368164062,496.3388366699219,2282.3466796875,423.1540222167969,2381.50537109375,833.5630493164062,1077.82861328125,1417.919677734375,320.89788818359375,709.5951538085938,344.9790344238281,2146.004638671875,4640.02880859375,1317.520751953125,8417.548828125,911.0233154296875,159.76327514648438,129.0457000732422,144.26837158203125,1106.044677734375,1141.83349609375,486.2970275878906,944.630126953125,702.281982421875,102.84099578857422,3131.3232421875,1034.3067626953125,2440.291259765625,428.7798156738281,7218.3203125,727.6434326171875,188.36732482910156
2023-02-22,1402.298583984375,536.2449340820312,4406.3828125,2712.0517578125,831.1481323242188,3555.24169921875,1358.7135009765625,610.3926391601562,758.0228271484375,134.94569396972656,4295.95849609375,928.0648803710938,173.0336456298828,2866.432373046875,877.5968627929688,3138.306396484375,1547.74951171875,955.8251342773438,776.7009887695312,489.8009033203125,2263.240478515625,421.38885498046875,2360.58837890625,818.9742431640625,1069.0240478515625,1402.0303955078125,322.2411193847656,689.7391357421875,339.06719970703125,2112.603515625,4570.0322265625,1286.23583984375,8406.9658203125,902.5867309570312,157.22735595703125,128.6269989013672,142.5746307373047,1080.9617919921875,1122.7757568359375,479.700927734375,941.6646728515625,697.6884765625,101.0232162475586,3086.45361328125,1026.329345703125,2408.544189453125,421.8545227050781,7085.765625,719.9983520507812,184.81277465820312
2023-02-23,1380.138916015625,540.9006958007812,4405.34228515625,2624.75244140625,842.1190185546875,3547.095947265625,1344.7364501953125,610.7569580078125,748.9911499023438,134.98780822753906,4264.34521484375,925.8955078125,175.5247802734375,2819.959716796875,872.2842407226562,3130.822265625,1553.8453369140625,957.3558959960938,771.4321899414062,482.2723388671875,2259.663818359375,428.00830078125,2357.370361328125,819.462158203125,1052.2464599609375,1392.06591796875,325.3891906738281,691.0694580078125,340.38311767578125,2078.3359375,4615.96826171875,1280.5831298828125,8443.1806640625,901.3228759765625,156.3974151611328,129.50628662109375,141.64471435546875,1075.78173828125,1126.9942626953125,484.0208740234375,945.505126953125,692.5146484375,101.84122467041016,3097.569580078125,1029.15576171875,2371.8447265625,425.5381774902344,7057.44482421875,725.6956176757812,184.25155639648438
2023-02-24,1313.2606201171875,547.8109130859375,4433.70556640625,2656.32568359375,849.1505126953125,3563.804443359375,1356.766845703125,614.0951538085938,743.2481079101562,133.72445678710938,4255.771484375,927.341796875,177.28085327148438,2861.181396484375,880.4197998046875,3095.718505859375,1548.78173828125,957.793212890625,764.5514526367188,478.3099670410156,2250.74462890625,407.21832275390625,2351.26513671875,819.413330078125,1055.7193603515625,1392.0211181640625,323.2904968261719,675.0072631835938,338.4192199707031,2054.17529296875,4615.919921875,1247.6903076171875,8408.470703125,902.9129028320312,157.68841552734375,133.24575805664062,142.84033203125,1083.142822265625,1113.7431640625,484.0673522949219,943.5606079101562,692.5630493164062,99.75077819824219,3085.45556640625,1020.220947265625,2376.4013671875,420.1845703125,7096.53271484375,719.0244140625,183.947509765625
2023-02-27,1191.3323974609375,550.8493041992188,4403.0615234375,2667.3837890625,852.0926513671875,3369.3203125,1355.1693115234375,609.9839477539062,739.125,134.94569396972656,4203.7548828125,916.1573486328125,177.19915771484375,2805.5322265625,866.6776733398438,3023.723876953125,1545.2420654296875,948.2577514648438,766.4520874023438,484.10498046875,2207.190185546875,403.8350524902344,2336.073974609375,835.7099609375,1058.45849609375,1354.901123046875,320.8559265136719,670.5728759765625,344.1316223144531,2034.5870361328125,4541.2158203125,1225.4691162109375,8380.99609375,900.1023559570312,158.97943115234375,133.4606475830078,145.59681701660156,1075.9407958984375,1120.7906494140625,490.24542236328125,938.2619018554688,686.9056396484375,96.43331909179688,3023.21044921875,1015.6165771484375,2378.283203125,410.55792236328125,7066.9833984375,689.8076171875,182.56781005859375
2023-02-28,1361.3729248046875,580.6951904296875,4365.2763671875,2743.916748046875,841.8697509765625,3389.083251953125,1332.7064208984375,601.869873046875,728.6698608398438,133.64024353027344,4274.1650390625,873.9265747070312,175.9331817626953,2773.24169921875,846.21142578125,2999.435791015625,1552.0755615234375,942.7026977539062,769.6759033203125,484.2040100097656,2190.484130859375,391.4787902832031,2328.97509765625,834.1973266601562,1054.30078125,1335.376220703125,316.2386779785156,657.4669189453125,344.78961181640625,2030.207275390625,4490.85791015625,1237.359375,8373.373046875,902.3861083984375,157.22735595703125,130.70977783203125,147.62266540527344,1055.3565673828125,1112.7008056640625,485.69317626953125,930.0464477539062,691.7410278320312,94.47920989990234,3005.970947265625,1003.1258544921875,2350.35009765625,413.25927734375,7140.3896484375,676.0758056640625,181.02438354492188
2023-03-01,1561.4591064453125,590.1536865234375,4377.32568359375,2755.653076171875,862.8641357421875,3454.296875,1341.691650390625,606.0795288085938,736.4744262695312,133.02963256835938,4195.65966796875,867.3701782226562,178.66937255859375,2792.57666015625,851.6220092773438,3031.208251953125,1566.9222412109375,963.2608032226562,768.93017578125,485.14508056640625,2201.35009765625,405.0608825683594,2334.27587890625,835.6123046875,1076.5567626953125,1343.006591796875,317.917724609375,666.8283081054688,347.9100036621094,2036.1270751953125,4511.54345703125,1239.8446044921875,8509.1064453125,907.6472778320312,158.8411102294922,133.0738525390625,145.39755249023438,1065.0579833984375,1109.8719482421875,498.6065979003906,932.6714477539062,691.6927490234375,95.88799285888672,3072.072021484375,1027.423583984375,2359.859130859375,418.46551513671875,7153.02587890625,694.6771240234375,182.84844970703125
2023-03-02,1604.3309326171875,610.541015625,4365.82177734375,2748.86328125,843.2161865234375,3439.11572265625,1341.3421630859375,599.0043334960938,726.5591430664062,135.19837951660156,4209.455078125,854.6913452148438,182.01815795898438,2808.1328125,860.7180786132812,3018.364013671875,1571.6910400390625,967.5037841796875,762.3861694335938,478.2604064941406,2230.55224609375,402.8543701171875,2323.95947265625,833.367919921875,1078.1220703125,1321.551513671875,315.2733154296875,665.2516479492188,343.28424072265625,2042.191650390625,4475.166015625,1219.7679443359375,8299.97265625,893.2874145507812,157.50401306152344,132.42909240722656,146.36065673828125,1056.9471435546875,1092.005126953125,495.86590576171875,938.5049438476562,684.0528564453125,95.11543273925781,3013.77392578125,1011.8329467773438,2336.631103515625,413.0137023925781,7167.82568359375,687.4703369140625,181.4921112060547
2023-03-03,1876.0865478515625,671.06591796875,4371.87158203125,2743.965087890625,850.397216796875,3454.62109375,1353.1226806640625,600.6832885742188,750.41455078125,135.3457489013672,4226.45849609375,847.1707763671875,182.09982299804688,2797.58203125,870.0004272460938,3020.102294921875,1569.4786376953125,978.9201049804688,777.51904296875,485.3432312011719,2228.92236328125,408.8363952636719,2338.771728515625,847.56640625,1101.9434814453125,1327.969970703125,323.16461181640625,672.3466186523438,349.12628173828125,2071.501708984375,4479.7314453125,1236.384765625,8350.9453125,891.7479858398438,159.16387939453125,132.6010284423828,147.52305603027344,1083.91552734375,1120.8896484375,521.3676147460938,940.0606079101562,686.470458984375,97.25132751464844,3032.55615234375,989.3590698242188,2373.429931640625,420.4301452636719,7095.79541015625,691.4632568359375,182.61459350585938
2023-03-06,1979.2987060546875,677.0447998046875,4384.56591796875,2778.593994140625,857.2290649414062,3446.336181640625,1378.5311279296875,604.110107421875,752.5742797851562,136.67225646972656,4138.23046875,849.3401489257812,183.69253540039062,2794.049072265625,870.2455444335938,3057.668701171875,1571.740234375,985.65625,783.0043334960938,485.54132080078125,2245.356689453125,406.48284912109375,2351.88037109375,846.7857055664062,1096.269287109375,1353.2403564453125,325.8509216308594,664.4140625,349.12628173828125,2061.009521484375,4585.15380859375,1238.187744140625,8380.267578125,894.88720703125,163.0369110107422,135.99664306640625,150.87734985351562,1094.5029296875,1120.3438720703125,521.8321533203125,938.456298828125,690.0970458984375,96.02432250976562,3059.50537109375,993.8263549804688,2380.7099609375,432.3161315917969,7080.70068359375,692.48583984375,184.1580047607422
2023-03-08,2035.94580078125,697.9221801757812,4339.88720703125,2773.74365234375,858.6752319335938,3527.934326171875,1378.5311279296875,590.52099609375,752.5252075195312,137.3249969482422,4157.1982421875,845.8209228515625,183.65171813964844,2781.97705078125,867.7068481445312,3094.5595703125,1574.2474365234375,980.36376953125,784.568115234375,490.5438537597656,2243.863037109375,399.8634033203125,2352.117431640625,851.0305786132812,1148.7545166015625,1339.9993896484375,329.4188232421875,665.54736328125,346.9728698730469,2089.550048828125,4547.3505859375,1257.192626953125,8440.900390625,895.051513671875,164.92733764648438,136.0396270751953,151.47515869140625,1098.4334716796875,1120.840087890625,524.712158203125,930.9214477539062,696.769775390625,96.79688262939453,3076.33642578125,983.113525390625,2374.42041015625,431.5302734375,7146.2412109375,697.9883422851562,183.6201629638672
2023-03-09,1949.6026611328125,683.4158325195312,4381.6396484375,2767.923583984375,865.5071411132812,3530.063232421875,1350.3272705078125,581.112060546875,759.2498779296875,136.798583984375,4111.26416015625,850.15966796875,183.61085510253906,2758.127197265625,858.8263549804688,3038.83740234375,1574.3948974609375,976.8643188476562,784.6401977539062,486.6310119628906,2212.849853515625,400.942138671875,2329.685302734375,835.270751953125,1144.401123046875,1328.95751953125,325.3052978515625,670.2772216796875,342.28729248046875,2111.111572265625,4506.02734375,1216.4541015625,8293.37109375,895.8948974609375,165.4806365966797,134.36329650878906,149.9806365966797,1072.032958984375,1088.5806884765625,519.23095703125,926.2547607421875,685.8903198242188,98.34198760986328,3027.7470703125,966.4290161132812,2345.84326171875,424.5558776855469,7122.345703125,693.5084838867188,182.45091247558594
2023-03-10,1892.756103515625,683.9549560546875,4281.57421875,2745.274169921875,849.6491088867188,3537.8388671875,1326.666259765625,578.4385375976562,759.593505859375,137.30393981933594,4129.75244140625,849.6294555664062,183.2433319091797,2735.84765625,861.6884765625,3009.286376953125,1569.134521484375,976.5582885742188,764.4071044921875,485.640380859375,2209.680419921875,397.80401611328125,2333.5185546875,822.2921142578125,1119.9439697265625,1321.0128173828125,325.72503662109375,669.4889526367188,338.8179931640625,2077.0849609375,4412.9208984375,1195.5487060546875,8351.236328125,893.480712890625,166.67941284179688,133.9334716796875,150.4788360595703,1055.4249267578125,1087.78662109375,508.5006408691406,929.0255737304688,681.2000122070312,98.25110626220703,3022.439208984375,967.5686645507812,2353.0244140625,428.14129638671875,7106.0712890625,693.0701904296875,181.98318481445312
2023-03-13,1870.995849609375,667.684326171875,4309.0947265625,2700.654541015625,830.1507568359375,3497.618408203125,1293.5706787109375,574.4404907226562,751.298095703125,135.85107421875,4126.49560546875,843.4586791992188,180.34376525878906,2715.727783203125,856.7581787109375,2929.4208984375,1535.852294921875,961.0740966796875,754.7357177734375,474.4466247558594,2161.462890625,394.4697570800781,2323.722412109375,808.3863525390625,1037.0828857421875,1288.29150390625,322.0732116699219,665.7443237304688,333.7535705566406,2053.983154296875,4390.00048828125,1163.14306640625,8270.5068359375,885.3461303710938,165.71116638183594,133.9334716796875,150.17990112304688,1038.0670166015625,1064.56005859375,492.3821105957031,927.6158447265625,671.2876586914062,97.06954193115234,2977.932861328125,1033.7144775390625,2309.936279296875,414.9291687011719,6957.7822265625,686.3016357421875,180.2760772705078
2023-03-14,1735.0430908203125,641.5140991210938,4264.06884765625,2663.213134765625,830.6494140625,3473.9677734375,1278.44580078125,564.396484375,757.6791381835938,137.36709594726562,4112.46142578125,840.8071899414062,180.5479736328125,2705.9619140625,852.6707763671875,2913.486572265625,1535.0166015625,948.3453369140625,752.7147827148438,466.1256408691406,2149.14794921875,394.9111022949219,2311.74951171875,810.2892456054688,1040.8983154296875,1274.7362060546875,318.7572021484375,662.2461547851562,328.6392822265625,2063.945556640625,4343.3525390625,1131.3223876953125,8264.439453125,882.7941284179688,164.05128479003906,131.7843475341797,149.58212280273438,1034.1817626953125,1069.125732421875,488.1086730957031,930.6298828125,670.4655151367188,96.70598602294922,2917.13916015625,1016.847412109375,2333.313232421875,409.2808532714844,6946.32666015625,679.435791015625,177.46986389160156
2023-03-15,1835.6600341796875,665.8709716796875,4293.02783203125,2742.558349609375,821.8726806640625,3452.76953125,1280.4923095703125,563.1359252929688,742.806396484375,139.09364318847656,4064.70751953125,846.495849609375,179.60865783691406,2724.364501953125,861.4827270507812,2903.829345703125,1524.5943603515625,944.4961547851562,741.91259765625,462.31182861328125,2154.5810546875,398.2943420410156,2277.3447265625,805.94677734375,1021.6748046875,1274.4222412109375,318.50531005859375,669.7352905273438,332.1684265136719,2095.180908203125,4367.4609375,1130.8836669921875,8228.3212890625,869.6812744140625,164.3279266357422,131.13961791992188,151.64120483398438,1016.505859375,1059.150390625,480.8157653808594,924.9908447265625,664.9049072265625,98.75099182128906,2902.575927734375,1016.0269165039062,2376.4013671875,404.07464599609375,6982.51318359375,684.1104125976562,175.73936462402344
2023-03-16,1840.451416015625,666.1160888671875,4283.35888671875,2806.432373046875,828.3555297851562,3517.751953125,1291.47412109375,562.7765502929688,732.3021850585938,147.76856994628906,4129.9443359375,851.7987670898438,180.3845977783203,2749.6865234375,859.375244140625,2931.40087890625,1534.2791748046875,938.15380859375,746.7241821289062,457.0616455078125,2146.88427734375,377.5044250488281,2327.7451171875,803.9951171875,995.7012939453125,1260.4630126953125,320.226318359375,652.7369384765625,331.68988037109375,2092.245361328125,4330.1318359375,1137.4136962890625,8191.91259765625,891.7841796875,165.6189422607422,130.83876037597656,154.19845581054688,1011.4393310546875,1057.2598876953125,487.2724914550781,940.5467529296875,671.1425170898438,95.47898864746094,2889.96337890625,1019.0812377929688,2427.16650390625,408.3476867675781,6986.29931640625,678.2183227539062,174.3830108642578
2023-03-17,1873.1419677734375,666.8511352539062,4310.58203125,2776.750732421875,835.1875,3530.896484375,1299.61083984375,564.4752197265625,743.3953857421875,147.9791259765625,4179.13525390625,842.735595703125,181.0380401611328,2739.7734375,869.6475830078125,2872.636474609375,1558.6632080078125,969.6907958984375,756.70849609375,466.81903076171875,2132.577392578125,389.02716064453125,2316.4345703125,816.0466918945312,998.3427124023438,1275.36474609375,315.2733154296875,666.53271484375,337.5817565917969,2113.56591796875,4445.11328125,1141.75048828125,8074.8212890625,911.4800415039062,163.17523193359375,131.6553955078125,152.57110595703125,1010.1670532226562,1066.16455078125,492.1963195800781,931.115966796875,682.9407348632812,97.25132751464844,2884.791015625,1027.6514892578125,2432.416015625,411.5893249511719,7168.56298828125,696.9658203125,176.0901336669922
2023-03-20,1801.671875,653.52099609375,4277.35888671875,2769.475830078125,835.3370361328125,3522.195068359375,1243.353515625,546.59765625,740.9901733398438,151.45333862304688,4149.72607421875,835.64892578125,177.28085327148438,2748.3125,870.2944946289062,2850.811279296875,1566.086669921875,954.294189453125,751.4637451171875,460.8754577636719,2118.27099609375,378.2889099121094,2376.8203125,816.2418823242188,980.537841796875,1260.05908203125,318.00164794921875,658.403076171875,338.88775634765625,2096.047607421875,4449.20263671875,1137.9984130859375,7980.4013671875,915.332275390625,162.29917907714844,130.92471313476562,151.10983276367188,1000.238525390625,1068.6517333984375,482.34869384765625,934.518798828125,679.4592895507812,94.97909545898438,2852.126708984375,1011.1036987304688,2436.67529296875,403.4852294921875,7122.59130859375,689.6129150390625,171.7171173095703
2023-03-21,1820.9368896484375,651.6097412109375,4238.68115234375,2753.9072265625,853.33935546875,3615.41064453125,1266.0159912109375,562.2841796875,743.1008911132812,150.9901123046875,4085.399658203125,831.4546508789062,177.28085327148438,2716.610595703125,866.3541259765625,2834.200927734375,1579.261962890625,948.214111328125,759.9803466796875,478.2109069824219,2127.05419921875,381.0347595214844,2330.821044921875,831.8065795898438,1000.6416625976562,1248.43359375,316.4485168457031,656.0380859375,340.3233337402344,2125.79052734375,4445.25634765625,1130.8349609375,7988.9462890625,914.8271484375,163.31358337402344,130.27996826171875,148.22047424316406,1031.341796875,1092.1319580078125,484.81060791015625,929.6575927734375,677.8153076171875,95.2063217163086,2818.3720703125,998.9319458007812,2490.263916015625,405.2533874511719,7230.3173828125,689.66162109375,171.3663330078125
2023-03-22,1812.10302734375,644.1114501953125,4249.689453125,2754.634521484375,847.4050903320312,3632.30419921875,1292.4227294921875,574.5045166015625,742.85546875,148.14756774902344,4066.0009765625,832.4671630859375,174.7488555908203,2738.939208984375,877.2537841796875,2845.548095703125,1585.8494873046875,946.0706176757812,758.2241821289062,492.772705078125,2130.81201171875,385.1535339355469,2343.83544921875,839.4180908203125,1008.7615356445312,1247.132080078125,317.1202087402344,652.589111328125,339.984375,2131.084716796875,4422.09765625,1134.5384521484375,8012.248046875,909.6217041015625,160.7776336669922,130.27996826171875,148.85145568847656,1034.4771728515625,1107.453857421875,484.5318908691406,945.0675659179688,687.4860229492188,95.25177001953125,2840.783935546875,1002.5333862304688,2484.41943359375,408.7406005859375,7273.486328125,697.4527587890625,171.3663330078125
2023-03-23,1790.7418212890625,641.9551391601562,4237.7392578125,2713.846435546875,846.5573120117188,3575.838134765625,1287.880126953125,574.3912963867188,749.580078125,146.6947479248047,4064.324462890625,837.962890625,174.25880432128906,2751.158935546875,871.7647705078125,2827.34423828125,1579.01611328125,932.4674072265625,752.1373901367188,493.8623352050781,2139.23291015625,391.0865173339844,2352.117431640625,834.7828369140625,996.1415405273438,1233.935791015625,319.5547180175781,658.0582275390625,334.90997314453125,2124.05810546875,4376.5908203125,1135.3668212890625,8110.1142578125,920.484619140625,161.00816345214844,131.3545684814453,147.5562744140625,1021.390625,1112.9759521484375,476.3564758300781,950.5121459960938,683.8594360351562,95.34265899658203,2835.2041015625,1002.396484375,2495.216552734375,411.7366638183594,7284.5986328125,691.171142578125,169.0745849609375
2023-03-24,1737.48876953125,625.3414306640625,4247.95361328125,2714.525146484375,837.680908203125,3543.393310546875,1238.611328125,556.2921752929688,748.500244140625,145.4524688720703,4023.37158203125,845.8209228515625,170.256591796875,2754.986572265625,875.1365966796875,2809.86474609375,1567.5614013671875,920.0887451171875,750.9344482421875,487.62158203125,2094.72802734375,380.88763427734375,2348.04736328125,831.8065795898438,987.6304321289062,1239.4117431640625,317.917724609375,648.2040405273438,337.392333984375,2085.07373046875,4376.1630859375,1121.5762939453125,8003.0244140625,916.0692749023438,159.25608825683594,128.4317169189453,147.7223358154297,1001.1700439453125,1106.5584716796875,469.4817199707031,945.8453979492188,679.2174682617188,92.79776000976562,2831.438232421875,1004.6759033203125,2469.759765625,409.1335144042969,7282.33642578125,678.705322265625,169.1915283203125
2023-03-27,1719.9207763671875,616.6180419921875,4282.41650390625,2719.617919921875,831.1481323242188,3524.555908203125,1237.063720703125,550.7579956054688,747.8130493164062,145.22084045410156,4037.59716796875,857.4391479492188,170.2157745361328,2776.77490234375,879.3514404296875,2786.638916015625,1603.5968017578125,919.8699340820312,754.2063598632812,488.31500244140625,2090.427001953125,382.40771484375,2365.273193359375,828.1959228515625,990.8587646484375,1246.8626708984375,319.17694091796875,649.2386474609375,339.9943542480469,2073.378662109375,4334.55419921875,1109.0037841796875,8037.4423828125,913.0678100585938,157.91896057128906,129.16241455078125,146.19464111328125,1016.73291015625,1093.7239990234375,473.9410095214844,956.1511840820312,676.3163452148438,92.97953796386719,2833.071533203125,1005.6333618164062,2470.799560546875,404.7622375488281,7326.14501953125,682.357421875,168.95765686035156
2023-03-28,1597.942626953125,581.6263427734375,4297.78857421875,2700.897216796875,830.2505493164062,3509.79150390625,1221.1400146484375,544.9876098632812,734.7564086914062,143.11529541015625,4023.41943359375,857.6320190429688,170.62413024902344,2754.44677734375,887.4183349609375,2754.625244140625,1584.07958984375,910.7717895507812,760.34130859375,485.0955810546875,2036.911865234375,385.3006286621094,2349.9404296875,834.0997924804688,1013.6528930664062,1236.673828125,318.7991638183594,650.3719482421875,338.73822021484375,2053.74267578125,4331.89208984375,1099.647705078125,7969.916015625,915.7261962890625,158.61056518554688,126.54047393798828,147.52305603027344,1021.4815063476562,1085.7645263671875,472.03656005859375,956.8803100585938,673.125,93.16131591796875,2827.264404296875,975.81982421875,2476.64404296875,394.4970703125,7279.8291015625,695.9918823242188,166.59576416015625
2023-03-29,1737.2391357421875,624.0182495117188,4326.9453125,2687.36572265625,840.3737182617188,3590.972900390625,1244.0023193359375,553.9239501953125,729.9950561523438,143.11529541015625,4096.416015625,855.8965454101562,173.9320831298828,2767.990966796875,895.4557495117188,2833.138671875,1604.3341064453125,933.8670654296875,763.9981689453125,491.28680419921875,2086.397216796875,391.3316650390625,2395.419189453125,830.4403076171875,1034.1480712890625,1242.0150146484375,321.317626953125,668.9962768554688,343.1546325683594,2067.07373046875,4394.328125,1115.2413330078125,8053.8994140625,920.8954467773438,160.4548797607422,128.3887481689453,147.75552368164062,1015.4381103515625,1093.1270751953125,479.8403015136719,964.3665771484375,674.5755615234375,94.16109466552734,2848.13427734375,985.6663208007812,2491.254150390625,401.962646484375,7444.68701171875,688.9312133789062,167.9287109375
2023-03-31,1747.270751953125,619.3624877929688,4275.2763671875,2678.78125,856.231689453125,3596.01806640625,1264.4188232421875,553.091796875,735.2963256835938,144.98924255371094,4140.43408203125,868.2379760742188,174.50379943847656,2771.033447265625,906.2279663085938,2847.769287109375,1605.3173828125,949.3949584960938,774.4635620117188,494.5062255859375,2125.514892578125,397.50982666015625,2423.34033203125,856.05615234375,1044.762451171875,1281.873046875,321.9472351074219,678.0619506835938,345.5074157714844,2083.197021484375,4526.61669921875,1129.275634765625,8050.84130859375,952.3870239257812,161.46923828125,129.85011291503906,149.91424560546875,1059.2191162109375,1095.5147705078125,486.57574462890625,955.8108520507812,685.5034790039062,94.97909545898438,2908.927734375,1004.5846557617188,2491.10546875,413.35748291015625,7495.2314453125,698.91357421875,170.82847595214844
2023-04-03,1714.330810546875,615.3438110351562,4199.35888671875,2693.670654296875,862.3155517578125,3696.91650390625,1280.8416748046875,562.7716064453125,746.635009765625,138.94627380371094,4142.25390625,859.5121459960938,179.81285095214844,2821.431884765625,912.84423828125,2901.318603515625,1600.6470947265625,960.6803588867188,774.9447631835938,498.96392822265625,2201.35009765625,394.7639465332031,2400.388427734375,862.4478759765625,1055.327880859375,1266.522216796875,318.0855712890625,672.2481079101562,348.0695495605469,2088.92431640625,4507.78662109375,1140.1912841796875,8255.603515625,952.4330444335938,163.95907592773438,132.08523559570312,149.18357849121094,1059.4007568359375,1098.201171875,489.36279296875,951.873291015625,693.433349609375,94.61553955078125,2903.574462890625,1005.8155517578125,2513.392822265625,416.7464599609375,7513.27587890625,710.6002807617188,172.0912628173828
2023-04-05,1694.9161376953125,624.1162109375,4166.2353515625,2724.225830078125,858.2264404296875,3724.13134765625,1277.1978759765625,567.325927734375,749.4819946289062,138.14614868164062,4145.60693359375,863.6581420898438,181.73226928710938,2836.252197265625,918.0,2833.18701171875,1631.422119140625,972.0964965820312,795.7311401367188,502.9758605957031,2202.345947265625,395.49945068359375,2444.541748046875,863.228515625,1044.0286865234375,1277.92333984375,324.3818359375,676.53466796875,349.3056945800781,2173.24560546875,4596.8037109375,1126.1080322265625,8201.232421875,958.0687255859375,162.20697021484375,131.44049072265625,149.8810272216797,1056.856201171875,1099.9422607421875,485.87896728515625,969.4708862304688,703.4424438476562,95.29720306396484,2939.6875,1006.0889892578125,2548.358642578125,419.0057678222656,7563.86962890625,713.1810302734375,172.93313598632812
2023-04-06,1750.864501953125,628.8699951171875,4167.2265625,2725.53515625,849.6990356445312,3733.804931640625,1301.80712890625,584.15478515625,751.9362182617188,139.8095703125,4119.02294921875,861.3441162109375,181.07884216308594,2867.315673828125,921.2542114257812,2860.178955078125,1641.057861328125,955.1688842773438,801.7938842773438,509.81097412109375,2197.13916015625,397.4117736816406,2427.978271484375,853.8605346679688,1058.5074462890625,1276.44189453125,325.17938232421875,672.7407836914062,350.342529296875,2189.128173828125,4539.55126953125,1141.5068359375,8268.80859375,952.5684204101562,161.56146240234375,129.46331787109375,149.61532592773438,1063.94482421875,1110.5880126953125,490.19891357421875,984.0059204101562,706.4404296875,94.84276580810547,2922.3564453125,996.2880249023438,2524.338134765625,429.9094543457031,7573.6044921875,707.191650390625,171.48326110839844
2023-04-10,1793.98583984375,639.0636596679688,4201.98681640625,2693.040283203125,845.1111450195312,3759.723876953125,1302.905517578125,573.9727783203125,755.6666870117188,141.40977478027344,4087.02783203125,869.53955078125,181.36473083496094,2855.734375,933.0653686523438,2868.628662109375,1681.5667724609375,965.0104370117188,797.99267578125,508.869873046875,2228.107177734375,403.4918518066406,2396.6494140625,847.46875,1046.083251953125,1281.5589599609375,326.18670654296875,678.4561767578125,350.78118896484375,2223.2509765625,4562.51904296875,1158.416259765625,8286.76953125,943.962646484375,163.774658203125,135.09400939941406,152.13937377929688,1056.40185546875,1100.638671875,488.94476318359375,980.60302734375,696.914794921875,95.38809204101562,2961.101318359375,1009.5079956054688,2559.25439453125,453.14117431640625,7568.09765625,718.48876953125,174.59347534179688
2023-04-11,1799.875244140625,640.9749145507812,4236.00341796875,2671.1669921875,851.04541015625,3866.916748046875,1321.0255126953125,574.8540649414062,759.9862060546875,142.79945373535156,4097.517578125,874.6497192382812,182.67156982421875,2873.1064453125,933.7907104492188,2949.508056640625,1682.402587890625,950.926025390625,800.3263549804688,508.7212829589844,2236.43798828125,409.4738464355469,2411.414794921875,860.5938720703125,1050.876708984375,1262.3033447265625,332.44097900390625,703.1900024414062,368.1676940917969,2215.35791015625,4538.74267578125,1171.18359375,8407.5498046875,950.94189453125,164.2357177734375,136.7273406982422,153.6670684814453,1061.6273193359375,1107.00634765625,494.3330383300781,981.2349853515625,693.6751708984375,97.75121307373047,2916.095947265625,1001.3025512695312,2555.639404296875,450.587158203125,7612.544921875,723.1634521484375,173.16697692871094
2023-04-12,1843.89501953125,644.6996459960938,4284.5,2703.128173828125,848.8013916015625,3967.445068359375,1319.3782958984375,576.7448120117188,756.991943359375,142.0414276123047,4091.7216796875,885.0628051757812,185.9794921875,3152.579833984375,956.8544921875,3021.116455078125,1688.64599609375,957.4871826171875,810.7196044921875,512.1884155273438,2243.183837890625,409.5719299316406,2393.62060546875,868.64453125,1051.414794921875,1282.1873779296875,330.38421630859375,707.772216796875,367.67919921875,2202.844482421875,4591.33642578125,1176.690185546875,8370.1689453125,939.617431640625,162.11477661132812,135.52381896972656,150.9769744873047,1066.3074951171875,1121.1341552734375,490.7098693847656,988.4782104492188,694.7389526367188,97.79666137695312,2941.36572265625,1011.9241333007812,2563.4150390625,457.2668762207031,7554.9208984375,720.5827026367188,174.0556182861328
2023-04-13,1867.3524169921875,648.522216796875,4361.95361328125,2725.43798828125,862.0662231445312,3969.62060546875,1339.095947265625,581.4222412109375,753.01611328125,139.91482543945312,4154.958984375,882.9415893554688,184.18260192871094,3124.951416015625,951.3458251953125,3102.9130859375,1672.5703125,937.6724243164062,814.3523559570312,526.8491821289062,2215.792724609375,413.8868103027344,2400.482666015625,877.2807006835938,1085.2147216796875,1247.0870361328125,332.10516357421875,710.13720703125,372.7535705566406,2174.208251953125,4418.912109375,1173.9613037109375,8418.4716796875,940.8281860351562,159.57887268066406,136.4694366455078,153.56744384765625,1070.3289794921875,1124.5169677734375,495.122802734375,975.6446533203125,695.8993530273438,97.70576477050781,2893.457275390625,990.908935546875,2561.186279296875,461.1961669921875,7527.7802734375,717.7583618164062,172.25497436523438
2023-04-17,1875.3380126953125,651.51171875,4350.4501953125,2757.78759765625,862.2656860351562,3938.14794921875,1338.946044921875,587.03515625,745.75146484375,141.36767578125,4227.453125,873.9747314453125,187.53140258789062,3104.046142578125,951.2282104492188,3118.31640625,1694.7420654296875,911.7341918945312,801.938232421875,528.3847045898438,2232.90625,420.408203125,2415.29541015625,879.525146484375,1099.9378662109375,1129.578125,335.9249572753906,710.6791381835938,377.86785888671875,2131.1328125,4120.47607421875,1182.14794921875,8422.2099609375,978.4822998046875,156.3974151611328,137.6729736328125,157.18743896484375,1075.759033203125,1139.5404052734375,505.38848876953125,970.977783203125,689.710205078125,97.38764953613281,2848.67822265625,939.0316162109375,2580.94775390625,463.79925537109375,7613.5283203125,717.9044799804688,169.0044403076172
2023-04-18,1847.58837890625,645.483642578125,4302.796875,2768.9423828125,861.06884765625,3896.399658203125,1333.005859375,582.5250854492188,745.8496704101562,140.98867797851562,4191.64453125,891.1370239257812,189.65499877929688,3209.995849609375,963.010009765625,3151.681884765625,1676.355712890625,930.674072265625,798.5460205078125,527.2949829101562,2209.137451171875,423.20306396484375,2405.0732421875,875.1825561523438,1121.998291015625,1130.5205078125,334.5397033691406,708.8561401367188,376.5020751953125,2133.6357421875,4107.1611328125,1174.1072998046875,8478.5224609375,998.6302490234375,156.85850524902344,137.62997436523438,152.9696502685547,1063.4449462890625,1139.739501953125,507.10711669921875,976.9085083007812,683.7627563476562,97.79666137695312,2840.7392578125,934.7008666992188,2553.3115234375,464.6342468261719,7468.828125,719.3652954101562,172.06790161132812
2023-04-19,1850.4830322265625,645.336669921875,4284.59765625,2725.389404296875,871.0924072265625,3948.746337890625,1329.1622314453125,585.68603515625,750.6600341796875,144.0206756591797,4183.849609375,879.2295532226562,188.184814453125,3280.661865234375,962.4120483398438,3176.839111328125,1661.754638671875,908.6723022460938,801.4810791015625,519.8655395507812,2214.79638671875,424.674072265625,2396.12890625,870.3522338867188,1096.07373046875,1106.1478271484375,334.7496337890625,711.8123779296875,375.82415771484375,2136.5234375,3989.18408203125,1184.6331787109375,8427.35546875,996.5736694335938,154.09201049804688,137.62997436523438,152.73716735839844,1068.7386474609375,1117.7017822265625,501.9510498046875,967.8666381835938,677.7669067382812,98.25110626220703,2803.401123046875,924.3984985351562,2544.9912109375,461.0979309082031,7390.7509765625,716.73583984375,168.74717712402344
2023-04-20,1839.552978515625,652.8838500976562,4312.46630859375,2758.514892578125,866.4546508789062,3993.6884765625,1329.910888671875,582.2345581054688,758.1700439453125,144.73654174804688,4147.35888671875,871.612548828125,187.49053955078125,3143.746826171875,952.3848266601562,3135.651123046875,1659.1492919921875,907.62255859375,804.46435546875,525.2642211914062,2217.15087890625,421.53594970703125,2359.216064453125,872.7918701171875,1101.7476806640625,1098.248291015625,336.0509033203125,705.35791015625,375.6446838378906,2149.18115234375,3949.526123046875,1187.6544189453125,8461.0458984375,989.5363159179688,156.48960876464844,136.8133087158203,153.36817932128906,1066.034912109375,1123.1240234375,506.1316223144531,960.3318481445312,680.2329711914062,98.16021728515625,2817.192626953125,931.60107421875,2554.8466796875,468.36700439453125,7351.318359375,712.9376220703125,169.70599365234375
2023-04-21,1799.7254638671875,648.4730834960938,4325.259765625,2795.617431640625,861.9166259765625,3988.08740234375,1315.734375,584.7160034179688,751.199951171875,145.7893524169922,4216.92919921875,882.2666625976562,187.89891052246094,3171.767578125,954.4530029296875,3090.986328125,1634.076904296875,917.6390380859375,805.7635498046875,508.4736633300781,2226.93017578125,414.1810302734375,2364.27978515625,864.2532348632812,1092.111572265625,1101.794189453125,342.724853515625,700.2831420898438,377.5688171386719,2132.2880859375,3966.645263671875,1181.9530029296875,8309.3916015625,995.6445922851562,156.48960876464844,137.20018005371094,153.79991149902344,1067.37548828125,1100.937255859375,504.5987854003906,961.984619140625,677.331787109375,96.47876739501953,2868.051025390625,910.5858154296875,2544.00048828125,462.8660888671875,7235.9716796875,715.5184326171875,172.13803100585938
2023-04-24,1798.67724609375,657.980712890625,4362.697265625,2804.3466796875,879.9688110351562,4010.11865234375,1317.581298828125,584.3074951171875,746.3404541015625,146.21047973632812,4200.56005859375,870.6483764648438,189.12408447265625,3133.686767578125,942.1712646484375,3073.7001953125,1660.96826171875,922.1008911132812,812.2833862304688,542.401611328125,2264.689453125,419.52557373046875,2365.9833984375,882.8917846679688,1078.0732421875,1100.8515625,343.1026306152344,709.841552734375,378.2865905761719,2145.47509765625,3978.628173828125,1177.080078125,8219.77734375,1004.992919921875,157.64230346679688,137.75892639160156,154.06558227539062,1071.465087890625,1100.0914306640625,515.236083984375,951.9705200195312,708.4228515625,96.79688262939453,2880.70849609375,917.2869262695312,2604.671142578125,466.7953186035156,7316.65576171875,710.7950439453125,176.768310546875
2023-04-25,1841.25,658.1277465820312,4380.0029296875,2811.039794921875,876.0292358398438,4019.7919921875,1343.58837890625,598.2412719726562,758.4645385742188,146.33680725097656,4289.7646484375,877.0601196289062,188.0623016357422,3166.6640625,947.5034790039062,3107.64501953125,1658.5592041015625,921.5758666992188,800.7353515625,524.7689819335938,2261.701171875,421.4869384765625,2357.1806640625,891.3816528320312,1097.3944091796875,1099.5948486328125,345.4952087402344,714.4237060546875,376.701416015625,2163.812255859375,3981.433349609375,1179.126708984375,8222.4482421875,1003.8223266601562,157.78062438964844,138.102783203125,154.69662475585938,1079.6668701171875,1100.2408447265625,521.925048828125,945.505126953125,710.26025390625,97.29676818847656,2881.797119140625,908.9903564453125,2608.286376953125,465.17449951171875,7315.328125,695.9918823242188,175.6925811767578
2023-04-26,1844.5439453125,651.51171875,4373.9541015625,2822.679931640625,885.3047485351562,3979.478515625,1332.5067138671875,596.3406982421875,759.2990112304688,146.96847534179688,4292.15185546875,878.4580688476562,187.65386962890625,3160.33349609375,949.8167724609375,3137.003173828125,1670.6529541015625,932.1612548828125,804.416259765625,526.6016235351562,2268.40185546875,416.5836486816406,2376.441650390625,892.8453979492188,1113.095947265625,1101.9737548828125,346.0828552246094,712.8963623046875,374.5680236816406,2190.95654296875,3956.46875,1182.7327880859375,8259.341796875,1021.3605346679688,156.6279296875,138.53260803222656,158.2834014892578,1073.328125,1112.627685546875,526.1520385742188,944.2898559570312,722.1068725585938,97.114990234375,2901.895263671875,908.3519897460938,2616.012451171875,469.7422790527344,7332.73291015625,696.673583984375,175.1781005859375
2023-04-27,1849.6845703125,646.6598510742188,4380.9951171875,2812.931640625,879.0712280273438,4080.56298828125,1357.76513671875,610.530517578125,772.1102294921875,149.76885986328125,4302.72412109375,881.2061157226562,189.2874298095703,3178.441650390625,964.2156372070312,3151.681884765625,1672.865234375,937.147705078125,808.843017578125,512.9808959960938,2271.571044921875,422.4675598144531,2336.831298828125,896.1632080078125,1119.8948974609375,1118.7606201171875,349.2309265136719,721.4201049804688,380.54962158203125,2219.3046875,4108.63525390625,1192.9173583984375,8294.3427734375,1027.2406005859375,157.64230346679688,137.5869903564453,156.7224884033203,1080.1212158203125,1131.282470703125,524.6657104492188,951.532958984375,729.1664428710938,97.84210205078125,2892.640380859375,914.5973510742188,2638.25,473.0821533203125,7376.00048828125,708.2142944335938,175.1079559326172
2023-04-28,1921.4539794921875,667.7822875976562,4476.40087890625,2815.259521484375,857.7277221679688,4102.5478515625,1352.4239501953125,618.4132080078125,784.6759643554688,150.59005737304688,4436.896484375,875.5173950195312,190.3900909423828,3207.345947265625,966.4307861328125,3187.945068359375,1691.4482421875,946.8016357421875,812.0186767578125,524.7689819335938,2316.800537109375,427.6650695800781,2325.8046875,895.4801635742188,1127.770263671875,1124.5958251953125,357.2481384277344,714.7192993164062,386.4215393066406,2275.90380859375,4203.0732421875,1195.7437744140625,8339.5859375,1057.07080078125,158.61056518554688,136.64138793945312,157.58596801757812,1099.8646240234375,1134.317138671875,537.2539672851562,960.234619140625,738.6920166015625,98.1147689819336,2921.041015625,933.3333129882812,2616.8544921875,476.3728942871094,7430.3798828125,720.97216796875,180.0655975341797
2023-05-02,1916.3631591796875,667.9783325195312,4453.689453125,2812.543212890625,868.349609375,4163.6884765625,1346.8330078125,615.365478515625,775.7425537109375,152.06396484375,4395.4853515625,884.8217163085938,192.84039306640625,3193.4091796875,970.4594116210938,3241.107666015625,1710.3753662109375,949.871337890625,811.8502807617188,539.3803100585938,2260.02587890625,437.5206604003906,2320.504150390625,899.8225708007812,1125.9114990234375,1146.76904296875,356.3247375488281,727.1356201171875,383.05194091796875,2295.203369140625,4325.56689453125,1205.879638671875,8521.435546875,1056.3154296875,161.93032836914062,141.19749450683594,159.47897338867188,1109.20263671875,1145.062255859375,534.466796875,946.039794921875,753.9232177734375,100.25066375732422,2921.1767578125,960.4571533203125,2638.646484375,471.75604248046875,7332.4384765625,732.8536987304688,181.63241577148438
2023-05-03,1835.6600341796875,656.363525390625,4478.13623046875,2841.788330078125,857.578125,4117.26611328125,1344.786376953125,608.5807495117188,765.0419311523438,151.9376220703125,4411.1240234375,887.6660766601562,193.49380493164062,3208.18017578125,970.8220825195312,3233.575439453125,1706.78662109375,942.21923828125,814.689208984375,533.6348266601562,2266.137939453125,433.7451477050781,2352.96875,900.554443359375,1121.2646484375,1139.3179931640625,358.5913391113281,721.7650756835938,385.00592041015625,2268.10693359375,4277.77734375,1204.0765380859375,8541.2900390625,1062.623046875,162.6219482421875,138.53260803222656,159.2133026123047,1099.6829833984375,1131.13330078125,530.0076293945312,936.8521728515625,755.6640014648438,99.705322265625,2885.335693359375,947.8297729492188,2628.939208984375,475.1449890136719,7382.19580078125,720.4852905273438,180.1123504638672
2023-05-04,1907.7789306640625,666.2631225585938,4515.57421875,2893.34375,863.6620483398438,4126.3837890625,1372.1912841796875,629.2598876953125,774.6626586914062,155.1170196533203,4469.5380859375,900.0556640625,193.94305419921875,3221.724609375,973.9095458984375,3224.83544921875,1730.3348388671875,949.2039794921875,831.3616333007812,541.3614501953125,2276.867919921875,436.88323974609375,2372.608642578125,899.4323120117188,1109.96533203125,1143.2679443359375,356.45062255859375,727.9238891601562,388.32568359375,2268.684326171875,4280.67822265625,1200.4217529296875,8544.494140625,1053.78466796875,162.6219482421875,138.4036407470703,158.64869689941406,1112.360595703125,1161.5283203125,538.8333129882812,946.9635009765625,749.9583129882812,100.93233489990234,2922.3564453125,953.1632690429688,2645.13427734375,472.2962646484375,7377.328125,712.4019775390625,179.4575958251953
2023-05-05,1916.8126220703125,670.3307495117188,4564.46630859375,2922.54052734375,863.0137329101562,4131.38232421875,1357.016357421875,629.220458984375,772.8955688476562,153.89578247070312,4507.490234375,891.6673583984375,193.90220642089844,3229.82177734375,968.9107055664062,3240.093994140625,1723.1083984375,939.1941528320312,782.2103881835938,534.62548828125,2306.5234375,425.8508605957031,2366.929931640625,904.555419921875,1049.996337890625,1130.296142578125,359.9346008300781,722.6519165039062,384.5572814941406,2288.513427734375,4268.12451171875,1180.4423828125,8688.236328125,1069.6251220703125,160.6854248046875,137.80189514160156,160.11000061035156,1109.5205078125,1167.74658203125,535.5816650390625,943.5120239257812,750.68359375,98.75099182128906,2931.429931640625,944.9122924804688,2707.043212890625,468.6617736816406,7501.7705078125,696.1866455078125,177.44647216796875
2023-05-08,1884.0721435546875,671.5068969726562,4586.8798828125,2928.84521484375,876.1289672851562,4211.12939453125,1402.4915771484375,655.6207275390625,779.2275390625,154.84329223632812,4480.59716796875,899.86279296875,190.18589782714844,3225.405029296875,961.9710083007812,3276.597900390625,1748.524658203125,957.1673583984375,791.2562866210938,544.3828125,2332.873291015625,436.4419250488281,2381.647705078125,915.2409057617188,1101.8944091796875,1136.1312255859375,362.201171875,722.1099243164062,390.56878662109375,2276.8662109375,4296.6083984375,1200.5194091796875,8812.1220703125,1067.84716796875,163.26747131347656,141.84226989746094,162.56761169433594,1123.2208251953125,1176.3526611328125,542.1776733398438,935.1507568359375,762.9169921875,99.56900787353516,2949.487060546875,951.248779296875,2725.219482421875,491.6478576660156,7606.64453125,696.7223510742188,177.8907928466797
2023-05-09,1892.6563720703125,676.7997436523438,4555.09423828125,2943.735107421875,885.903076171875,4192.2451171875,1406.385009765625,645.2122802734375,779.0802612304688,154.56954956054688,4477.4306640625,905.551513671875,193.04461669921875,3320.50927734375,967.0973510742188,3265.97509765625,1735.30029296875,960.0592041015625,791.2803344726562,546.8593139648438,2346.63671875,431.8328552246094,2381.17431640625,911.8255004882812,1115.8349609375,1140.70947265625,355.779052734375,714.029541015625,389.6615905761719,2285.481201171875,4396.32470703125,1213.8226318359375,8846.3955078125,1067.2691650390625,162.29917907714844,142.05715942382812,161.67091369628906,1126.69677734375,1177.148681640625,532.7946166992188,930.8728637695312,763.013671875,99.56900787353516,2979.11279296875,955.3059692382812,2722.396484375,494.74212646484375,7587.7646484375,676.2705688476562,178.8027801513672
2023-05-10,1888.713623046875,677.2898559570312,4563.2763671875,2950.136962890625,887.5487060546875,4217.33154296875,1412.1256103515625,653.0162353515625,781.4854736328125,156.7172393798828,4486.97998046875,910.5651245117188,193.2079620361328,3361.7802734375,954.1688232421875,3299.630615234375,1744.640869140625,959.4363403320312,794.9371948242188,557.3596801757812,2341.65673828125,428.00830078125,2387.705078125,913.435546875,1147.0914306640625,1134.021484375,357.0802307128906,713.783203125,390.5389099121094,2275.95166015625,4369.74365234375,1216.94140625,8901.3486328125,1071.089599609375,163.26747131347656,143.51856994628906,164.49383544921875,1134.4443359375,1182.77001953125,531.5868530273438,927.32421875,765.0928955078125,99.29633331298828,2982.333251953125,953.8015747070312,2719.474365234375,500.4886779785156,7614.265625,661.9544067382812,179.48097229003906
2023-05-11,1981.045654296875,694.7366333007812,4557.3251953125,3045.53564453125,893.582763671875,4209.87939453125,1418.06591796875,656.1622924804688,774.1717529296875,156.88568115234375,4516.40576171875,909.7937622070312,192.88124084472656,3267.51025390625,888.437744140625,3288.5732421875,1744.39501953125,968.1559448242188,795.4664916992188,562.0650024414062,2341.113037109375,412.71002197265625,2453.67529296875,916.5094604492188,1161.6678466796875,1127.6029052734375,352.92474365234375,700.2337646484375,390.3893737792969,2158.229248046875,4430.13427734375,1219.524169921875,8991.400390625,1069.6226806640625,165.57286071777344,143.6045379638672,165.09165954589844,1127.03759765625,1179.38720703125,532.7482299804688,934.3728637695312,763.4487915039062,98.66011047363281,2978.114013671875,951.8870239257812,2731.757080078125,502.5515441894531,7704.97998046875,665.07080078125,179.9019012451172
2023-05-12,1961.1318359375,686.1112670898438,4567.193359375,3037.1455078125,908.2439575195312,4201.548828125,1421.1107177734375,661.179443359375,777.4605102539062,152.4008331298828,4498.23388671875,903.8641357421875,191.98281860351562,3253.62255859375,875.5188598632812,3502.046142578125,1724.435546875,974.7401733398438,802.4916381835938,555.3784790039062,2359.63037109375,396.9214172363281,2483.01611328125,921.095947265625,1182.4075927734375,1117.818115234375,352.96673583984375,692.3998413085938,390.917724609375,2137.96728515625,4457.71435546875,1243.548095703125,9024.8955078125,1058.66162109375,161.3309326171875,142.2720947265625,160.574951171875,1128.8779296875,1181.0289306640625,537.1145629882812,929.463134765625,763.0619506835938,97.02410888671875,2970.991455078125,953.9840087890625,2746.9619140625,506.8246154785156,7574.68603515625,660.4935302734375,179.24713134765625
2023-05-15,1912.5701904296875,680.279296875,4587.623046875,3038.018310546875,913.3803100585938,4225.2919921875,1419.0142822265625,660.9727172851562,782.4671630859375,150.33738708496094,4512.21630859375,889.7389526367188,194.14724731445312,3215.78662109375,885.801025390625,3533.093994140625,1704.279296875,978.5219116210938,806.3409423828125,554.0411376953125,2437.5029296875,402.75634765625,2519.78759765625,922.9012451171875,1193.0709228515625,1129.6229248046875,359.13702392578125,695.2573852539062,393.3901672363281,2162.75341796875,4476.6875,1253.0018310546875,8939.3583984375,1058.2947998046875,162.2530975341797,142.35806274414062,161.5712890625,1131.1044921875,1183.4166259765625,540.5984497070312,926.5465087890625,761.0311889648438,97.8875503540039,2953.525146484375,970.4860229492188,2753.251708984375,521.4609985351562,7631.720703125,658.30224609375,180.41639709472656
2023-05-16,1885.718994140625,673.3692626953125,4517.45849609375,3043.935302734375,915.3750610351562,4201.03955078125,1426.0028076171875,668.09228515625,772.9447021484375,152.56927490234375,4488.87939453125,889.0640258789062,196.80174255371094,3218.681884765625,885.1149291992188,3508.660888671875,1698.1834716796875,970.4693603515625,801.7174072265625,554.2392578125,2432.160888671875,404.4725036621094,2532.70703125,923.4866943359375,1193.8045654296875,1134.96435546875,355.90496826171875,692.4983520507812,388.2160339355469,2143.839111328125,4504.17236328125,1230.3909912109375,8807.365234375,1057.99365234375,163.63633728027344,144.42120361328125,159.8111114501953,1114.99609375,1174.7608642578125,544.6860961914062,914.8309326171875,760.3541259765625,97.61487579345703,2956.337646484375,963.8761596679688,2763.850341796875,511.9326477050781,7570.5068359375,655.283203125,180.9776153564453
2023-05-17,1896.0501708984375,671.0167846679688,4445.11083984375,2999.65478515625,912.3829956054688,4192.70849609375,1413.0740966796875,660.2588500976562,777.7550659179688,153.60101318359375,4513.2392578125,890.8477783203125,197.33265686035156,3207.4443359375,878.537841796875,3504.363525390625,1695.9219970703125,956.0997924804688,797.4102172851562,554.8336181640625,2465.61865234375,399.81439208984375,2519.314453125,916.6558837890625,1209.3104248046875,1119.3441162109375,358.9691162109375,684.9598999023438,380.6593017578125,2136.5234375,4507.83447265625,1231.0244140625,8854.0185546875,1055.6669921875,162.29917907714844,143.7764892578125,158.615478515625,1108.4073486328125,1156.702880859375,544.6860961914062,909.9696655273438,752.6177368164062,96.34243774414062,2911.468017578125,961.095458984375,2736.263916015625,506.3825378417969,7572.2275390625,660.10400390625,178.8027801513672
2023-05-18,1886.5673828125,651.7567138671875,4405.29296875,3015.7568359375,912.283203125,4182.8037109375,1413.1239013671875,668.56494140625,784.72509765625,151.8955078125,4447.41943359375,881.7363891601562,195.69912719726562,3095.06591796875,867.0892944335938,3453.566650390625,1677.093017578125,960.85986328125,800.5980224609375,556.27001953125,2476.665771484375,398.6375732421875,2486.944580078125,923.6331176757812,1212.0008544921875,1118.5362548828125,352.33709716796875,681.9544067382812,384.298095703125,2106.298828125,4482.0615234375,1213.8714599609375,8789.8408203125,1053.0972900390625,161.46923828125,143.00279235839844,156.5232391357422,1106.0218505859375,1146.8531494140625,533.4448852539062,903.8446044921875,750.73193359375,95.61531066894531,2903.43798828125,956.1264038085938,2696.09765625,499.457275390625,7477.53125,655.7701416015625,178.943115234375
2023-05-19,1952.49755859375,674.4473876953125,4410.400390625,2991.894775390625,921.6084594726562,4149.98828125,1412.774658203125,668.0527954101562,791.0079956054688,151.72705078125,4384.572265625,883.4236450195312,195.9441375732422,3040.888671875,860.9827880859375,3448.49658203125,1687.318603515625,974.60693359375,801.5227661132812,552.3571166992188,2456.609130859375,398.88275146484375,2500.100341796875,931.2446899414062,1220.9031982421875,1139.0936279296875,352.4630126953125,683.7280883789062,387.13934326171875,2108.07958984375,4567.8447265625,1228.39306640625,8840.958984375,1053.6097412109375,159.80938720703125,141.7563018798828,155.2279815673828,1109.6114501953125,1148.295654296875,534.3275146484375,900.1499633789062,748.2843627929688,95.11543273925781,2924.3076171875,977.5064086914062,2676.088623046875,515.6654052734375,7553.396484375,650.559814453125,180.62684631347656
2023-05-22,2321.87548828125,715.2219848632812,4567.2431640625,2992.331298828125,915.1256713867188,4187.0615234375,1410.677978515625,668.92431640625,787.1793823242188,152.27452087402344,4383.6953125,891.8119506835938,194.96401977539062,3204.499755859375,873.8623657226562,3423.9189453125,1689.5308837890625,996.406005859375,798.6756591796875,561.6687622070312,2437.729248046875,399.81439208984375,2496.929931640625,927.39013671875,1219.0933837890625,1160.5487060546875,356.5765380859375,694.3212890625,386.8502502441406,2133.6357421875,4743.26416015625,1233.4122314453125,8890.18359375,1044.1204833984375,160.54710388183594,142.35806274414062,155.65972900390625,1115.54150390625,1144.9627685546875,536.185546875,911.4280395507812,748.9197387695312,95.43354797363281,2993.130859375,1006.9551391601562,2686.8857421875,513.2587890625,7587.17431640625,652.897216796875,185.09341430664062
2023-05-23,2628.916748046875,719.4856567382812,4512.79736328125,3026.96044921875,913.7294311523438,4163.78076171875,1434.8880615234375,667.6934204101562,785.3141479492188,154.3800506591797,4405.8134765625,897.0667114257812,195.45408630371094,3323.0615234375,874.4308471679688,3478.144287109375,1669.4730224609375,985.2839965820312,796.8018798828125,557.4091796875,2454.300048828125,402.36407470703125,2487.654052734375,930.366455078125,1232.8382568359375,1167.0572509765625,360.2703552246094,693.82861328125,383.1217041015625,2115.39501953125,4620.009765625,1236.3360595703125,8932.951171875,1039.6953125,160.59320068359375,141.84226989746094,155.49366760253906,1115.3367919921875,1159.6876220703125,540.3196411132812,905.7404174804688,752.7811279296875,95.9788818359375,2991.634033203125,994.236572265625,2658.060791015625,519.1526489257812,7526.79736328125,662.8795776367188,185.98204040527344
2023-05-24,2471.10400390625,703.9991455078125,4498.9619140625,3008.43310546875,915.2752685546875,4181.83154296875,1424.10595703125,668.2251586914062,786.7376708984375,152.99037170410156,4404.0107421875,904.3944091796875,196.84259033203125,3320.46044921875,885.9381713867188,3487.12548828125,1671.8328857421875,989.3770141601562,786.3868408203125,560.6781005859375,2479.880126953125,399.0298156738281,2475.018798828125,917.9244384765625,1244.1375732421875,1165.80029296875,363.92218017578125,685.8467407226562,380.8985595703125,2103.36279296875,4590.05126953125,1243.304443359375,9000.962890625,1038.5732421875,161.3309326171875,142.9168243408203,156.6228485107422,1108.8389892578125,1169.38818359375,541.3416137695312,925.719970703125,753.8565063476562,95.61531066894531,2997.350341796875,1001.7584838867188,2681.6357421875,510.9994812011719,7526.3544921875,664.437744140625,186.9408416748047
2023-05-25,2532.841552734375,710.1251831054688,4530.39990234375,3029.822021484375,918.6163940429688,4298.8369140625,1425.00439453125,673.6608276367188,807.6478881835938,152.99037170410156,4446.396484375,911.5775756835938,196.06666564941406,3371.9873046875,882.9388427734375,3526.333740234375,1672.816162109375,992.9806518554688,783.3693237304688,566.6712646484375,2474.537841796875,396.43109130859375,2458.265625,917.1437377929688,1235.9688720703125,1170.9171142578125,370.34429931640625,686.4873657226562,384.8065185546875,2122.180908203125,4670.12890625,1245.3511962890625,9011.7392578125,1043.15380859375,160.91595458984375,142.70193481445312,158.05091857910156,1108.7027587890625,1171.3780517578125,539.9945068359375,918.7683715820312,762.80126953125,95.29720306396484,2988.41259765625,1001.1657104492188,2682.3291015625,505.7440185546875,7494.83837890625,658.1561279296875,184.3217010498047
2023-05-26,2539.72900390625,712.428466796875,4571.80517578125,3034.526123046875,924.5008544921875,4272.8720703125,1436.7850341796875,679.8990478515625,802.9848022460938,153.41148376464844,4478.4541015625,917.26611328125,197.25100708007812,3448.8857421875,888.2318725585938,3563.852294921875,1659.9849853515625,1013.6231079101562,786.3868408203125,571.7728271484375,2485.720703125,405.55120849609375,2510.41748046875,927.7316284179688,1240.5179443359375,1182.677001953125,372.40106201171875,691.463623046875,387.8172607421875,2135.41650390625,4756.24609375,1249.2982177734375,9126.40234375,1048.3441162109375,160.91595458984375,140.76768493652344,157.61917114257812,1138.94287109375,1189.6846923828125,544.4073486328125,942.9773559570312,771.990478515625,96.70598602294922,3020.533447265625,1016.345947265625,2716.205322265625,509.2803955078125,7593.271484375,670.1350708007812,187.87625122070312
2023-05-29,2529.44775390625,722.8673095703125,4602.10302734375,3043.255859375,927.34326171875,4275.232421875,1447.16796875,682.6118774414062,806.224365234375,152.31661987304688,4458.04052734375,921.9905395507812,201.00816345214844,3413.40576171875,893.1915893554688,3584.228759765625,1684.5655517578125,1002.05615234375,795.9744873046875,573.60546875,2514.470458984375,411.7784118652344,2508.477294921875,925.2432861328125,1257.05078125,1179.9390869140625,377.018310546875,691.9563598632812,389.4422912597656,2141.2880859375,4744.64306640625,1296.3717041015625,9061.88671875,1055.518798828125,162.57586669921875,136.68435668945312,155.7593536376953,1145.3497314453125,1211.92138671875,552.7685546875,941.567626953125,776.4384155273438,98.5692138671875,3012.775634765625,1015.7080688476562,2785.642333984375,512.2273559570312,7709.9951171875,671.9854736328125,186.9875946044922
2023-05-30,2491.915771484375,719.4856567382812,4561.14404296875,3050.046142578125,934.97314453125,4250.609375,1463.441162109375,689.8742065429688,803.4757080078125,151.76918029785156,4456.091796875,925.461669921875,199.53799438476562,3393.92333984375,885.86962890625,3552.263671875,1696.2169189453125,1010.6425170898438,796.5828857421875,579.6480712890625,2516.50732421875,405.1099548339844,2514.392822265625,926.9998168945312,1265.1707763671875,1188.42236328125,386.17340087890625,694.3212890625,393.7290954589844,2128.052978515625,4746.8779296875,1294.7149658203125,9110.2861328125,1047.98974609375,163.0369110107422,136.555419921875,156.15789794921875,1145.054443359375,1209.7325439453125,550.7247314453125,932.9631958007812,773.1636352539062,97.29676818847656,3009.010009765625,1001.439208984375,2775.984619140625,509.6241760253906,7770.373046875,671.0602416992188,188.2504119873047
2023-05-31,2488.821533203125,724.1904296875,4583.755859375,3097.139404296875,912.4328002929688,4227.69873046875,1448.66552734375,688.3035888671875,834.3502807617188,153.07461547851562,4537.74462890625,918.9052124023438,197.0467987060547,3379.79052734375,882.370361328125,3546.082763671875,1689.5308837890625,1018.8726196289062,783.9777221679688,586.7803955078125,2499.076904296875,398.0491943359375,2524.8037109375,926.2191162109375,1258.6651611328125,1183.440185546875,382.39666748046875,686.1423950195312,401.634765625,2123.095458984375,4753.67822265625,1285.5048828125,9095.091796875,1052.781494140625,160.3165740966797,133.15980529785156,155.32762145996094,1122.311767578125,1228.735595703125,549.162109375,948.2760009765625,780.73974609375,96.16065216064453,2984.783447265625,1017.0752563476562,2796.538330078125,516.9915161132812,7739.00341796875,667.21337890625,188.7882537841797
2023-06-01,2487.623779296875,717.5253295898438,4774.46630859375,3143.456298828125,917.27001953125,4298.46728515625,1447.76708984375,693.2911987304688,812.8018188476562,153.5167694091797,4516.50341796875,930.18603515625,188.14395141601562,3460.074462890625,892.3681640625,3588.671142578125,1673.8975830078125,1016.0253295898438,780.6439819335938,576.725830078125,2535.749267578125,398.4905090332031,2553.52978515625,913.484375,1262.1380615234375,1184.5174560546875,377.418212890625,683.7280883789062,384.82647705078125,2125.1650390625,4726.00244140625,1285.407470703125,9056.837890625,1062.5548095703125,160.82376098632812,132.08523559570312,154.76303100585938,1119.2901611328125,1201.6239013671875,551.9086303710938,960.2831420898438,775.8519287109375,96.29698944091797,3016.087646484375,1021.8619384765625,2800.50048828125,525.7341918945312,7712.20751953125,660.2500610351562,190.42523193359375
2023-06-02,2440.609375,721.9850463867188,4926.25146484375,3140.110107421875,923.653076171875,4322.0712890625,1454.8553466796875,691.6565551757812,821.1954345703125,151.62176513671875,4534.91943359375,931.24658203125,188.59317016601562,3446.530517578125,903.8167724609375,3572.591796875,1681.86181640625,1011.7100219726562,781.860595703125,570.9803466796875,2619.28125,412.6119384765625,2571.323486328125,915.48486328125,1274.0556640625,1181.7879638671875,380.5941162109375,696.2921752929688,386.5611267089844,2150.9140625,4749.63623046875,1307.3360595703125,9209.3173828125,1070.9171142578125,160.96209716796875,132.98785400390625,155.8257598876953,1115.6322021484375,1196.4005126953125,556.1231689453125,971.8528442382812,778.1980590820312,98.16021728515625,2999.391845703125,1023.9589233398438,2834.57470703125,526.4218139648438,7719.92626953125,665.509033203125,189.3962860107422
2023-06-05,2429.529296875,724.1414794921875,4909.29345703125,3103.735107421875,948.337646484375,4359.97802734375,1456.5025634765625,693.5570678710938,819.2319946289062,150.25314331054688,4562.640625,939.8759765625,187.61305236816406,3398.143798828125,902.464111328125,3547.338134765625,1705.41015625,1012.8223266601562,780.838623046875,568.7515258789062,2599.315185546875,411.582275390625,2551.542236328125,923.8770751953125,1287.5064697265625,1186.791748046875,378.2336120605469,701.76123046875,383.7996520996094,2183.40087890625,4701.18115234375,1359.96484375,9303.251953125,1060.6046142578125,160.54710388183594,133.58961486816406,156.49000549316406,1125.6517333984375,1209.235107421875,556.1231689453125,980.7488403320312,774.6788330078125,99.43266296386719,2984.239013671875,1011.422607421875,2828.680908203125,536.5886840820312,7750.75439453125,671.9854736328125,189.04550170898438
2023-06-06,2429.22998046875,730.6105346679688,4899.27734375,3116.344970703125,965.641845703125,4374.97412109375,1472.6759033203125,700.5239868164062,814.2744140625,149.97943115234375,4584.8564453125,937.2245483398438,186.06118774414062,3472.3427734375,908.9529418945312,3578.096435546875,1736.7752685546875,1004.1915893554688,778.4051513671875,574.2493896484375,2630.283203125,407.5125427246094,2547.140869140625,919.3394165039062,1291.6602783203125,1163.5927734375,380.0791015625,702.4509887695312,390.60870361328125,2192.689453125,4645.68701171875,1375.363525390625,9452.8671875,1054.3505859375,161.7458953857422,132.08523559570312,156.2907257080078,1126.6058349609375,1216.7965087890625,554.3710327148438,985.6587524414062,774.3366088867188,99.06910705566406,2932.882080078125,990.36181640625,2854.1875,545.9207153320312,7974.515625,675.881103515625,187.05776977539062
2023-06-07,2435.119140625,728.9932250976562,4984.91357421875,3128.03369140625,974.1692504882812,4425.4228515625,1478.4664306640625,697.1758422851562,828.8036499023438,155.01173400878906,4767.79638671875,926.0401611328125,188.4298095703125,3476.465087890625,916.225830078125,3599.632080078125,1739.380615234375,1004.5921020507812,782.4446411132812,588.8607177734375,2678.45556640625,414.4261779785156,2570.850341796875,917.4853515625,1296.8031005859375,1172.6448974609375,381.0661926269531,719.1044311523438,386.6907653808594,2228.833984375,4662.2353515625,1370.685546875,9425.0029296875,1086.5244140625,163.54409790039062,132.25717163085938,158.8811798095703,1135.1485595703125,1239.48095703125,558.0172729492188,986.4365234375,804.6414184570312,101.3413314819336,2971.535888671875,998.9775390625,2879.4462890625,557.9049072265625,8021.76611328125,675.8323364257812,188.3907012939453
2023-06-08,2424.738037109375,721.7891235351562,4885.9375,3115.8603515625,959.5579223632812,4443.84375,1464.9886474609375,690.2976684570312,820.7045288085938,152.06396484375,4750.15966796875,930.812744140625,186.30621337890625,3434.850830078125,911.452392578125,3532.031494140625,1683.23828125,1002.5455322265625,782.9312744140625,588.3157958984375,2684.61279296875,410.1603088378906,2536.492919921875,915.2409057617188,1289.5338134765625,1167.0498046875,380.1649475097656,737.8765258789062,376.1431579589844,2252.705810546875,4569.9375,1345.979248046875,9377.525390625,1075.8936767578125,167.87823486328125,134.19139099121094,160.50852966308594,1135.8302001953125,1232.6158447265625,557.3543701171875,959.6025390625,789.000244140625,101.0232162475586,2936.6474609375,976.7315063476562,2849.77978515625,549.8008422851562,7965.27197265625,672.0340576171875,186.8706817626953
2023-06-09,2446.6982421875,720.3678588867188,4885.98779296875,3105.65625,972.1744995117188,4390.84912109375,1464.090087890625,692.9613037109375,818.2503051757812,151.369140625,4753.76513671875,934.52490234375,185.9386749267578,3365.21533203125,914.8634033203125,3458.5400390625,1686.974609375,987.41943359375,783.8560791015625,576.2305908203125,2625.302734375,407.0221862792969,2495.131591796875,915.3872680664062,1316.435302734375,1151.72021484375,376.34527587890625,737.5809326171875,373.2520751953125,2274.55615234375,4586.9130859375,1335.8433837890625,9347.62109375,1072.2288818359375,168.56983947753906,132.6010284423828,162.667236328125,1127.787353515625,1226.14892578125,548.072998046875,956.6373291015625,783.0370483398438,98.97821807861328,2912.01220703125,969.2098388671875,2849.037109375,552.3548583984375,8017.48828125,662.489990234375,185.81834411621094
2023-06-12,2480.287109375,727.3759155273438,4884.05419921875,3119.521728515625,971.6259765625,4415.14794921875,1463.5909423828125,698.923828125,821.0481567382812,156.50668334960938,4774.71484375,925.5579833984375,187.0413055419922,3374.735595703125,916.598388671875,3467.521484375,1702.362060546875,1014.0235595703125,779.0865478515625,578.9051513671875,2653.463623046875,408.73834228515625,2501.9931640625,913.3380126953125,1317.81982421875,1175.374267578125,375.0577087402344,736.3984375,374.73748779296875,2252.368896484375,4659.47802734375,1346.3203125,9272.5244140625,1082.71630859375,171.24411010742188,133.28875732421875,160.50852966308594,1128.7869873046875,1232.6158447265625,548.025634765625,958.0956420898438,782.7926635742188,99.52355194091797,2946.1298828125,979.8768920898438,2825.6103515625,554.172119140625,8062.08251953125,661.2239379882812,185.02325439453125
2023-06-13,2458.07763671875,723.2102661132812,4910.13623046875,3186.0185546875,983.2451782226562,4402.466796875,1483.757568359375,705.7232055664062,819.084716796875,157.32786560058594,4813.5439453125,946.3359375,187.00047302246094,3423.072998046875,921.763916015625,3469.5009765625,1708.80224609375,1006.5939331054688,780.4005737304688,579.3013305664062,2673.429931640625,413.2493896484375,2532.70703125,920.75439453125,1321.578125,1187.1102294921875,382.31085205078125,745.6119995117188,370.0519104003906,2266.27783203125,4702.8447265625,1338.2799072265625,9240.53125,1092.5892333984375,170.92135620117188,133.80453491210938,160.90707397460938,1145.46337890625,1236.9935302734375,545.8947143554688,960.6720581054688,801.5132446289062,101.0232162475586,2943.225830078125,984.1165161132812,2884.94384765625,552.2566528320312,8138.48876953125,664.437744140625,184.99986267089844
2023-06-14,2452.687255859375,724.6805419921875,4967.607421875,3193.1953125,975.1167602539062,4378.630859375,1477.9671630859375,698.840087890625,812.8018188476562,157.3068084716797,4815.0537109375,943.6362915039062,187.00047302246094,3421.35546875,921.17578125,3449.607421875,1749.5079345703125,1010.6425170898438,779.5488891601562,579.549072265625,2654.55029296875,416.8287658691406,2554.334228515625,917.094970703125,1308.7208251953125,1183.061767578125,381.5382995605469,761.57568359375,371.78656005859375,2266.90380859375,4666.46826171875,1343.64013671875,9255.095703125,1104.060302734375,172.62733459472656,135.69578552246094,163.72999572753906,1159.549560546875,1235.998779296875,546.0367431640625,959.3109741210938,843.157958984375,103.4317855834961,2949.89501953125,982.475341796875,2879.54541015625,560.2132568359375,8219.123046875,664.9246826171875,185.42080688476562
2023-06-15,2481.1357421875,724.8275756835938,5175.62353515625,3216.776611328125,974.5682373046875,4370.62255859375,1472.276611328125,701.76953125,814.5198364257812,159.55975341796875,4847.98828125,962.4376831054688,186.71461486816406,3514.693359375,941.6517944335938,3413.537353515625,1742.7728271484375,1017.5381469726562,769.961181640625,572.7138671875,2574.369140625,414.8674621582031,2545.7685546875,904.2138671875,1282.85791015625,1170.68896484375,384.6283874511719,759.3584594726562,365.5757141113281,2272.920166015625,4727.76220703125,1357.3822021484375,9315.630859375,1115.5946044921875,172.16624450683594,135.52381896972656,163.69676208496094,1159.86767578125,1234.8046875,536.5186157226562,960.9637451171875,845.601806640625,103.3863296508789,2940.068359375,986.0311279296875,2880.486572265625,558.3960571289062,8194.44140625,663.025634765625,181.91305541992188
2023-06-16,2505.0419921875,732.57080078125,5157.078125,3238.74658203125,978.95654296875,4296.93994140625,1506.1209716796875,709.3125610351562,822.4716186523438,158.67543029785156,4915.46435546875,970.0064086914062,186.67373657226562,3513.270263671875,963.529541015625,3417.59326171875,1750.8843994140625,1021.6307983398438,780.0355224609375,605.8095092773438,2564.408447265625,418.69207763671875,2570.330078125,911.6303100585938,1299.5723876953125,1175.101318359375,388.9201965332031,764.7782592773438,370.3410339355469,2278.214111328125,4765.2802734375,1368.2001953125,9324.2236328125,1115.708740234375,173.5494842529297,134.96505737304688,163.69676208496094,1171.159423828125,1274.8504638671875,541.0172119140625,964.4638061523438,843.4022827148438,103.84078216552734,2902.2236328125,982.110595703125,2926.348388671875,559.7221069335938,8194.4912109375,672.8132934570312,178.33509826660156
2023-06-19,2397.03857421875,721.053955078125,5102.4833984375,3231.76513671875,963.0986328125,4255.654296875,1539.4161376953125,727.3328857421875,812.9981689453125,157.8121337890625,4892.419921875,975.0200805664062,185.5302734375,3518.324951171875,956.4623413085938,3376.791748046875,1731.7606201171875,1012.155029296875,780.7169189453125,622.7052612304688,2519.6318359375,417.9075012207031,2560.406005859375,900.8472900390625,1287.11083984375,1177.2392578125,389.3493347167969,760.3932495117188,363.7911682128906,2277.781005859375,4802.70458984375,1366.9332275390625,9254.6103515625,1107.2711181640625,171.38243103027344,135.65280151367188,161.47164916992188,1159.5269775390625,1274.0048828125,538.7442626953125,973.9918212890625,837.78125,103.7044448852539,2934.6748046875,997.06298828125,2940.512939453125,556.0384521484375,8130.9169921875,667.7003173828125,177.7972412109375
2023-06-20,2410.41455078125,723.1613159179688,5119.39208984375,3240.55322265625,972.2742309570312,4315.4990234375,1518.550537109375,713.8027954101562,815.9923706054688,156.8435821533203,4926.9130859375,974.9237670898438,185.61195373535156,3500.1181640625,960.8143920898438,3439.99853515625,1739.4298095703125,1039.826904296875,782.3473510742188,639.75,2536.02099609375,420.65338134765625,2553.583251953125,903.1892700195312,1284.1436767578125,1185.791015625,388.70556640625,761.871337890625,367.6692199707031,2292.84521484375,4776.2646484375,1360.988037109375,9215.87109375,1115.0772705078125,172.90396118164062,135.17999267578125,165.22450256347656,1161.93505859375,1288.779541015625,537.3710327148438,964.4151611328125,839.638671875,103.84078216552734,2950.489501953125,1009.59912109375,2945.862060546875,572.934326171875,8106.18603515625,665.6064453125,178.89633178710938
2023-06-21,2401.580322265625,734.5802001953125,5076.4501953125,3238.0146484375,963.4476928710938,4304.52978515625,1516.75341796875,709.6029663085938,823.6497192382812,156.990966796875,4939.67724609375,972.7542724609375,186.59207153320312,3444.518310546875,962.617919921875,3448.06201171875,1748.082275390625,1041.42822265625,796.023193359375,638.557373046875,2556.711669921875,412.80810546875,2554.060302734375,902.3598022460938,1272.4732666015625,1182.1064453125,383.7270812988281,747.681396484375,367.978271484375,2304.8291015625,4755.67529296875,1339.3519287109375,9166.1123046875,1111.9708251953125,172.90396118164062,137.7159423828125,171.5013427734375,1165.206787109375,1288.3814697265625,536.3765258789062,964.3665771484375,840.8606567382812,103.52267456054688,2978.369384765625,1021.0413818359375,2942.989501953125,571.1170654296875,8104.31787109375,668.1871948242188,180.29945373535156
2023-06-22,2392.896240234375,730.8065185546875,5024.13671875,3171.56689453125,964.0460205078125,4269.30810546875,1505.172607421875,692.2572021484375,827.380126953125,157.24365234375,4859.29052734375,962.5340576171875,185.36692810058594,3478.1826171875,960.4713134765625,3436.6181640625,1720.9451904296875,1035.1553955078125,799.9166870117188,635.078857421875,2558.070068359375,411.92547607421875,2532.829345703125,903.3844604492188,1258.725830078125,1165.91259765625,384.24212646484375,741.3746948242188,366.0940856933594,2325.81298828125,4779.974609375,1343.688720703125,9129.4130859375,1094.546630859375,170.13751220703125,136.64138793945312,168.41273498535156,1152.1202392578125,1270.025146484375,533.1565551757812,962.8109741210938,823.0198974609375,104.27351379394531,2960.361572265625,1020.2664794921875,2942.1474609375,559.2800903320312,8026.82958984375,656.7927856445312,178.8027801513672
2023-06-23,2229.493408203125,700.1276245117188,5003.7568359375,3220.047607421875,955.8677978515625,4279.02783203125,1499.481689453125,688.2838745117188,839.1605224609375,151.43228149414062,4843.45703125,953.9529418945312,184.50929260253906,3398.78173828125,978.9869995117188,3417.88330078125,1687.318603515625,1036.7125244140625,799.8680419921875,623.0531616210938,2514.017333984375,400.5989074707031,2520.662841796875,901.1887817382812,1294.33056640625,1150.85595703125,381.7529296875,735.610107421875,364.5887145996094,2300.112548828125,4713.9716796875,1338.3773193359375,9055.8662109375,1094.73876953125,172.16624450683594,134.87908935546875,166.12118530273438,1142.691650390625,1256.2950439453125,525.2484130859375,963.9291381835938,821.9933471679688,102.86568450927734,2940.114013671875,1017.0297241210938,2911.341552734375,549.7517700195312,7945.654296875,649.4398193359375,177.70372009277344
2023-06-26,2291.430908203125,710.0271606445312,4995.32666015625,3230.25146484375,958.0120849609375,4264.49462890625,1505.0726318359375,689.1751098632812,836.3627319335938,150.8848419189453,4880.8740234375,985.2886352539062,183.20248413085938,3468.858642578125,988.337890625,3429.906494140625,1697.8392333984375,1038.8035888671875,795.9988403320312,626.382568359375,2581.793701171875,406.6789855957031,2530.68212890625,905.0433349609375,1300.6109619140625,1155.72314453125,382.5683288574219,737.8765258789062,363.4721374511719,2288.5615234375,4762.14208984375,1362.15771484375,9194.6083984375,1099.3023681640625,170.50634765625,134.87908935546875,165.05844116210938,1133.967041015625,1259.926513671875,527.5687866210938,967.3319702148438,843.206787109375,103.1003189086914,2915.70703125,1013.7476806640625,2944.47509765625,557.806640625,8031.107421875,661.4674682617188,178.14801025390625
2023-06-27,2280.301025390625,705.95947265625,5100.30126953125,3247.681396484375,970.678466796875,4274.8154296875,1520.4473876953125,691.1986083984375,849.0758056640625,151.7480926513672,4827.3310546875,973.091796875,183.89671325683594,3516.901611328125,985.2012939453125,3414.551513671875,1704.082763671875,1041.0279541015625,807.2169799804688,663.1058349609375,2575.319580078125,409.66998291015625,2529.966552734375,913.484375,1301.5009765625,1163.7293701171875,382.05328369140625,751.376708984375,367.8088073730469,2298.668701171875,4910.26611328125,1366.7869873046875,9185.67578125,1099.61572265625,171.56687927246094,135.69578552246094,165.75587463378906,1134.376220703125,1279.875,536.1397705078125,973.9918212890625,835.0440673828125,103.94502258300781,2922.745849609375,1020.8589477539062,2947.545654296875,562.9638061523438,8071.81787109375,656.7440185546875,178.943115234375
2023-06-28,2397.637451171875,741.490234375,5084.53271484375,3269.4072265625,975.615478515625,4365.76318359375,1516.3541259765625,698.1851806640625,856.2422485351562,153.87472534179688,4864.26025390625,973.718505859375,185.61195373535156,3534.8134765625,1001.3253173828125,3423.339599609375,1713.865966796875,1041.2503662109375,815.75830078125,647.9494018554688,2561.420166015625,412.0726318359375,2539.41357421875,914.8017578125,1319.40234375,1176.64794921875,385.7013244628906,771.9718017578125,366.9813537597656,2330.818359375,4839.7470703125,1359.574951171875,9263.0087890625,1104.805908203125,174.37942504882812,136.29751586914062,166.15440368652344,1149.3939208984375,1293.306396484375,539.6439819335938,993.4365844726562,835.7772216796875,104.69586944580078,2939.291259765625,1010.2828979492188,2999.4501953125,576.274169921875,8123.099609375,662.5873413085938,178.52220153808594
2023-06-30,2383.713134765625,724.5825805664062,5056.07080078125,3282.882568359375,984.8410034179688,4475.7109375,1526.29296875,708.1138305664062,862.6724243164062,153.5799560546875,4895.830078125,978.5875854492188,188.6748504638672,3517.196044921875,1011.47021484375,3457.38134765625,1705.5576171875,1056.999267578125,828.047119140625,647.2039794921875,2635.08251953125,412.80810546875,2555.539306640625,912.0205688476562,1359.5565185546875,1214.99462890625,387.6326599121094,773.351318359375,368.17767333984375,2382.893798828125,4942.74462890625,1416.6868896484375,9504.1796875,1112.10205078125,174.42552185058594,137.80189514160156,169.4754638671875,1158.8226318359375,1300.27099609375,542.5325927734375,1022.409423828125,841.5938110351562,105.11820983886719,3018.63671875,1031.0247802734375,3018.81494140625,585.0167846679688,8156.6318359375,669.599365234375,182.00656127929688
2023-07-03,2381.16748046875,722.769287109375,5026.615234375,3279.611083984375,979.5050659179688,4398.533203125,1538.37939453125,725.1625366210938,863.0650634765625,158.04376220703125,4879.99609375,965.90869140625,189.2057647705078,3521.072998046875,999.4531860351562,3506.3916015625,1763.6173095703125,1051.3494873046875,837.0021362304688,646.7070922851562,2624.804931640625,417.41717529296875,2577.39111328125,919.7785034179688,1365.19384765625,1213.3570556640625,397.6324768066406,782.4171752929688,367.6593017578125,2362.198486328125,4956.20166015625,1430.67236328125,9391.5068359375,1099.38720703125,176.36204528808594,140.0369873046875,166.38687133789062,1188.5628662109375,1291.3663330078125,554.4657592773438,1004.0340576171875,839.5897827148438,106.15062713623047,2991.259033203125,1022.4545288085938,3009.5537109375,580.3507080078125,8322.8671875,662.5386962890625,183.15243530273438
2023-07-04,2383.36328125,726.9840087890625,5067.72314453125,3268.8701171875,968.13525390625,4412.60400390625,1627.6796875,777.3221435546875,849.3212280273438,158.61224365234375,4881.798828125,975.5986328125,189.32827758789062,3484.317138671875,1017.1160888671875,3285.193115234375,1739.8721923828125,1059.3570556640625,841.0902709960938,643.02978515625,2743.469970703125,417.56427001953125,2576.38916015625,921.8765869140625,1352.336669921875,1223.77392578125,400.2933349609375,785.0285034179688,371.1983642578125,2369.70654296875,4993.48291015625,1427.26123046875,9366.6513671875,1098.9744873046875,178.94407653808594,138.5755615234375,165.78907775878906,1176.3167724609375,1282.7105712890625,558.0646362304688,1019.687255859375,836.3637084960938,105.49363708496094,3024.669677734375,1046.6607666015625,3045.5595703125,580.9892578125,8271.634765625,659.2761840820312,185.18695068359375
2023-07-05,2394.79248046875,728.0130615234375,5035.68994140625,3294.94140625,963.9463500976562,4665.0791015625,1611.897216796875,775.17626953125,850.7938232421875,162.78126525878906,4965.54736328125,974.586181640625,189.00155639648438,3678.500732421875,1015.1458740234375,3196.29833984375,1748.082275390625,1063.09423828125,814.3712768554688,669.466552734375,2859.7353515625,413.3474426269531,2629.68212890625,934.8552856445312,1384.18310546875,1225.72998046875,407.803955078125,780.3477783203125,371.8264465332031,2378.321533203125,4985.44677734375,1437.884521484375,9701.5146484375,1112.373779296875,178.3446807861328,139.95101928710938,168.21348571777344,1174.3857421875,1284.9989013671875,559.3431396484375,1015.7010498046875,826.9302368164062,106.00984191894531,3034.81640625,1071.277587890625,3070.521484375,577.8458251953125,8237.708984375,652.3128051757812,184.2281494140625
2023-07-06,2398.535888671875,725.3666381835938,5239.392578125,3319.352294921875,978.3582153320312,4691.45703125,1618.09033203125,768.0067749023438,853.7388916015625,165.62379455566406,5041.01318359375,984.661865234375,191.615234375,3667.606689453125,1025.6241455078125,3111.749267578125,1738.3974609375,1050.504150390625,815.1986083984375,657.0929565429688,2872.32177734375,418.1526794433594,2630.875244140625,936.2214965820312,1374.9356689453125,1222.6365966796875,406.77392578125,783.9445190429688,374.3088073730469,2395.455322265625,4924.67529296875,1509.4693603515625,9572.4833984375,1122.067138671875,181.4338836669922,142.18612670898438,174.49034118652344,1199.03662109375,1286.3917236328125,561.142578125,1013.56201171875,826.0991821289062,105.72827911376953,3037.51318359375,1075.15234375,3077.009033203125,590.1738891601562,8270.16015625,655.185791015625,185.3038787841797
2023-07-07,2376.428955078125,704.4403076171875,5103.72314453125,3264.96435546875,975.1134643554688,4611.607421875,1613.095947265625,753.7764282226562,854.5242309570312,164.928955078125,4925.0126953125,984.0834350585938,191.12518310546875,3600.669921875,1015.95947265625,3075.63134765625,1714.0625,1029.9947509765625,808.093017578125,654.0616455078125,2850.6806640625,414.5242614746094,2574.576416015625,923.5355224609375,1342.19921875,1210.1727294921875,402.0530090332031,776.8988647460938,369.56341552734375,2357.674072265625,4864.14111328125,1524.4295654296875,9563.5986328125,1112.68017578125,177.60696411132812,140.5527801513672,169.6747589111328,1196.696533203125,1287.4364013671875,562.1843872070312,1006.9506225585938,814.5638427734375,104.7427978515625,3043.3173828125,1053.9547119140625,3114.253662109375,607.2661743164062,8197.63671875,645.6903686523438,185.1401824951172
2023-07-10,2407.037841796875,705.8124389648438,5115.72314453125,3264.42724609375,962.4839477539062,4672.61572265625,1596.0150146484375,744.96533203125,869.2008056640625,162.63389587402344,4902.943359375,980.27490234375,190.92098999023438,3572.501708984375,1010.5586547851562,3065.10498046875,1713.767578125,1000.5435180664062,806.1705932617188,664.1493530273438,2828.495849609375,419.57464599609375,2534.9287109375,925.4872436523438,1351.990478515625,1209.217529296875,399.86419677734375,798.7750244140625,372.2351989746094,2347.470947265625,4790.52587890625,1512.00341796875,9452.96484375,1096.846923828125,176.63870239257812,139.90806579589844,166.0547637939453,1242.7947998046875,1286.739990234375,561.2372436523438,1015.9927978515625,807.1343383789062,108.2154541015625,2990.93896484375,1045.8858642578125,3016.735107421875,607.708251953125,8212.2890625,642.8660888671875,182.3807373046875
2023-07-11,2419.671142578125,715.4180908203125,5213.5576171875,3312.6640625,951.6516723632812,4691.4091796875,1590.62109375,736.139404296875,875.5818481445312,164.61312866210938,4953.65966796875,990.9771728515625,191.12518310546875,3573.97412109375,1020.614990234375,3141.5419921875,1738.05322265625,992.0017700195312,802.2528076171875,668.4229736328125,2809.390380859375,416.4365234375,2561.598876953125,922.1205444335938,1365.7872314453125,1226.9124755859375,406.1301574707031,789.0773315429688,372.1753845214844,2381.93115234375,4720.0732421875,1529.594970703125,9612.046875,1110.061767578125,177.42251586914062,141.49839782714844,168.3795166015625,1256.267578125,1288.4312744140625,557.401611328125,1042.4862060546875,821.4557495117188,108.07466125488281,2991.350341796875,1058.923583984375,3058.387451171875,617.3839721679688,8187.26318359375,627.4298706054688,183.36288452148438
2023-07-12,2384.7177734375,709.8311767578125,5208.64892578125,3326.529541015625,948.4568481445312,4654.0126953125,1591.4200439453125,734.94775390625,873.6675415039062,162.63389587402344,4943.916015625,985.5777587890625,191.45187377929688,3566.171142578125,1025.1885986328125,3178.818603515625,1748.032958984375,988.13134765625,794.7334594726562,667.5782470703125,2787.885009765625,416.6326599121094,2551.24560546875,921.5839233398438,1356.3916015625,1212.9931640625,405.40057373046875,797.2907104492188,374.4683532714844,2363.064453125,4616.50341796875,1530.9593505859375,9549.568359375,1120.1534423828125,175.9470672607422,144.1203155517578,167.41641235351562,1257.653564453125,1294.0028076171875,558.0646362304688,1048.805908203125,824.339599609375,107.65231323242188,2979.923583984375,1057.0545654296875,3067.203125,610.458740234375,8083.6181640625,627.040283203125,183.2693634033203
2023-07-13,2358.902099609375,702.9700927734375,5139.17724609375,3318.52294921875,958.5903930664062,4642.564453125,1613.295654296875,739.1654052734375,868.8571166992188,159.83346557617188,4959.94482421875,984.131591796875,187.77639770507812,3553.804931640625,1015.9918212890625,3145.501220703125,1730.2857666015625,986.5742797851562,798.6998901367188,676.423583984375,2782.67822265625,426.7825012207031,2533.1630859375,932.61083984375,1361.1884765625,1241.9237060546875,405.14306640625,793.7777709960938,372.7934875488281,2358.444091796875,4690.40625,1527.1097412109375,9366.7978515625,1108.5291748046875,173.27281188964844,144.24929809570312,161.47164916992188,1246.407470703125,1307.28515625,554.6552124023438,1045.791748046875,818.5718994140625,107.79310607910156,3053.646728515625,1071.50537109375,3065.4638671875,609.6728515625,8096.89306640625,614.52587890625,184.4152374267578
2023-07-14,2372.93359375,711.6934814453125,5129.0615234375,3348.988037109375,955.495361328125,4636.0302734375,1612.396728515625,739.9317626953125,870.2805786132812,159.83346557617188,5001.697265625,993.9661254882812,188.7156982421875,3609.0615234375,1006.0342407226562,3232.368408203125,1723.79638671875,1024.0777587890625,800.3546752929688,665.9382934570312,2839.905517578125,438.30523681640625,2554.3466796875,936.8557739257812,1361.8807373046875,1297.2830810546875,405.91558837890625,796.4495239257812,372.6539001464844,2379.717041015625,4881.92236328125,1523.072021484375,9324.17578125,1123.9422607421875,172.8578643798828,145.4958038330078,159.44578552246094,1245.3621826171875,1313.60302734375,553.4713134765625,1043.166748046875,832.404541015625,109.95177459716797,3212.79443359375,1120.19140625,3036.446533203125,613.8477172851562,8046.2998046875,622.8526000976562,189.4430389404297
2023-07-17,2405.34033203125,716.545166015625,5176.16943359375,3378.91650390625,963.2826538085938,4610.79638671875,1608.4510498046875,742.760009765625,862.0343017578125,160.75991821289062,5011.6845703125,995.6534423828125,188.02142333984375,3595.026611328125,1033.239501953125,3235.072021484375,1762.978271484375,1026.5692138671875,817.0966796875,663.05615234375,2799.4296875,438.45233154296875,2558.9267578125,945.296875,1375.232421875,1294.5535888671875,405.4434814453125,789.8195190429688,378.2467346191406,2376.396240234375,4921.94091796875,1512.9775390625,9407.576171875,1120.6729736328125,171.9818115234375,143.04576110839844,160.07681274414062,1270.8084716796875,1307.8323974609375,569.2874755859375,1047.6876220703125,833.4799194335938,110.51490783691406,3191.81591796875,1132.727783203125,3014.484619140625,607.5609130859375,8113.60986328125,626.9916381835938,194.213623046875
2023-07-18,2413.67919921875,713.7027587890625,5119.93798828125,3430.71728515625,962.084716796875,4636.98388671875,1616.4920654296875,733.7659301757812,859.4328002929688,159.58082580566406,4934.41552734375,993.8697509765625,186.42872619628906,3559.4482421875,1025.583740234375,3234.4443359375,1745.280029296875,1038.536865234375,816.415283203125,652.5211791992188,2821.885986328125,435.902587890625,2559.9765625,951.8837280273438,1374.9852294921875,1342.089111328125,405.57220458984375,782.6451416015625,377.0105285644531,2382.0751953125,4793.78515625,1511.4017333984375,9384.37109375,1116.12646484375,172.76564025878906,143.47560119628906,160.17642211914062,1281.60009765625,1307.8822021484375,561.0005493164062,1037.52783203125,839.443115234375,109.43557739257812,3196.5234375,1137.4232177734375,2977.7158203125,601.2739868164062,8039.85888671875,623.2421875,195.12564086914062
2023-07-19,2420.52001953125,716.8883056640625,5132.83056640625,3431.888916015625,962.7335815429688,4601.73388671875,1642.26318359375,750.0531616210938,854.8187866210938,161.9390411376953,4936.12060546875,998.6905517578125,186.71461486816406,3570.63720703125,1031.5799560546875,3215.998779296875,1754.276611328125,1040.1826171875,820.1141357421875,655.0057983398438,2804.00244140625,430.7051086425781,2549.289306640625,949.9320068359375,1403.9635009765625,1341.8616943359375,411.0228271484375,783.6347045898438,380.1508483886719,2400.79736328125,4783.57666015625,1521.0037841796875,9327.9609375,1114.367919921875,177.56085205078125,143.34666442871094,161.5712890625,1291.3243408203125,1303.802734375,569.6189575195312,1051.8197021484375,841.1539306640625,109.52942657470703,3172.025146484375,1134.82470703125,2976.9208984375,609.6236572265625,8190.50830078125,622.4630737304688,195.47642517089844
2023-07-20,2416.525146484375,717.9174194335938,5152.5166015625,3442.971923828125,976.3115234375,4644.71142578125,1633.9725341796875,751.22998046875,868.6607666015625,163.37083435058594,4923.11279296875,1018.6971435546875,187.65386962890625,3598.60888671875,1054.8834228515625,3203.396484375,1788.9354248046875,1037.2659912109375,821.8905639648438,656.9935913085938,2795.400146484375,433.0096435546875,2579.490234375,971.546875,1409.5020751953125,1318.7080078125,422.4388732910156,790.7100219726562,390.17999267578125,2396.51416015625,4778.35205078125,1521.89013671875,9488.1123046875,1117.622314453125,177.88360595703125,143.73348999023438,162.23550415039062,1289.760498046875,1307.384765625,577.7637329101562,1067.1810302734375,853.5202026367188,109.76406860351562,3174.087646484375,1142.346435546875,2970.610595703125,610.6552124023438,8087.20751953125,622.70654296875,195.3361053466797
2023-07-21,2413.080078125,713.996826171875,5161.88818359375,3434.866943359375,969.7222290039062,4638.9873046875,1631.0257568359375,749.7614135742188,869.7897338867188,164.50784301757812,4917.705078125,1019.5719604492188,187.0413055419922,3619.9560546875,1044.78759765625,3201.8515625,1774.33447265625,1001.05419921875,815.5636596679688,643.3279418945312,2808.891845703125,426.09600830078125,2484.78466796875,972.9130249023438,1391.8974609375,1211.4464111328125,420.9797058105469,778.2415771484375,392.8318786621094,2489.4501953125,4718.6357421875,1500.371826171875,9485.732421875,1116.388671875,179.912353515625,146.6133270263672,162.13587951660156,1249.834716796875,1284.153076171875,582.5465087890625,1066.695068359375,833.2354736328125,109.43557739257812,3087.020751953125,1118.16064453125,2957.69189453125,614.6826171875,7984.0048828125,618.0317993164062,189.2793426513672
2023-07-24,2414.977294921875,720.7109375,5137.98779296875,3460.254638671875,969.921875,4658.11474609375,1655.6483154296875,749.7466430664062,871.9004516601562,164.04461669921875,4841.60546875,1019.5719604492188,188.63401794433594,3617.698486328125,1065.2359619140625,3194.463623046875,1782.642822265625,998.7657470703125,816.8533325195312,649.1420288085938,2837.8681640625,424.57598876953125,2462.121337890625,968.0338134765625,1419.9361572265625,1215.9954833984375,404.5850830078125,767.5543212890625,378.2865905761719,2507.739013671875,4676.74658203125,1523.3673095703125,9412.6728515625,1108.49755859375,180.6500701904297,147.00015258789062,164.36102294921875,1224.5548095703125,1310.468994140625,584.9616088867188,1069.8548583984375,843.744384765625,108.40316009521484,3111.261474609375,1087.05126953125,2960.57373046875,618.1206665039062,8082.97900390625,615.6458129882812,188.975341796875
2023-07-25,2463.36279296875,734.3840942382812,5169.12841796875,3320.3291015625,960.9365234375,4625.8701171875,1647.0079345703125,752.2040405273438,867.4827880859375,162.71810913085938,4760.43994140625,1025.20947265625,187.8172607421875,3650.4794921875,1071.89404296875,3212.1845703125,1798.37451171875,997.55419921875,825.7110595703125,647.80029296875,2843.52734375,440.8058776855469,2450.575439453125,970.6686401367188,1399.908447265625,1214.17578125,396.8170166015625,792.1943969726562,373.9499206542969,2465.049072265625,4666.7783203125,1541.9803466796875,9474.615234375,1106.2049560546875,185.03030395507812,148.71946716308594,166.81863403320312,1223.767333984375,1294.5003662109375,577.3375854492188,1064.653564453125,849.0722045898438,111.92274475097656,3115.2939453125,1082.0457763671875,3010.062255859375,628.140380859375,8253.541015625,609.6563720703125,187.26821899414062
2023-07-26,2467.45751953125,737.7166748046875,5113.14501953125,3293.574462890625,975.2132568359375,4646.38037109375,1624.6329345703125,735.06640625,873.1276245117188,163.0550079345703,4855.9296875,1038.5743408203125,188.2664794921875,3612.25146484375,1081.822021484375,3238.693603515625,1808.2557373046875,1000.650390625,822.8395385742188,654.5585327148438,2848.417236328125,440.3155517578125,2465.031982421875,972.3764038085938,1412.02392578125,1227.1400146484375,405.357666015625,797.0432739257812,377.89776611328125,2547.20458984375,4659.01416015625,1521.397705078125,9472.4306640625,1107.5164794921875,185.90635681152344,148.67648315429688,166.71897888183594,1243.6561279296875,1286.09326171875,582.5939331054688,1081.1326904296875,854.3023071289062,112.5797348022461,3105.350341796875,1069.6019287109375,2989.54150390625,629.7611083984375,8213.2724609375,615.4022827148438,188.36732482910156
2023-07-27,2425.163818359375,733.8939819335938,5172.40087890625,3290.05908203125,958.3407592773438,4627.82568359375,1612.746337890625,720.3267211914062,878.7723388671875,159.7071533203125,4748.55224609375,1138.64111328125,187.08213806152344,3672.562744140625,1088.0157470703125,3213.825927734375,1791.934326171875,1002.75927734375,814.2982788085938,658.3849487304688,2872.45361328125,442.6690979003906,2452.19775390625,966.326171875,1400.056884765625,1231.05224609375,399.177490234375,785.4653930664062,373.6009826660156,2560.632080078125,4660.8359375,1425.4271240234375,9469.7607421875,1084.462646484375,186.2290802001953,147.00015258789062,166.5196990966797,1232.087158203125,1289.9237060546875,583.9197998046875,1103.44580078125,830.987060546875,112.43894958496094,3113.23193359375,1029.089599609375,2983.330810546875,632.315185546875,8187.48974609375,610.38671875,187.05776977539062
2023-07-28,2459.91748046875,745.6857299804688,5302.76513671875,3310.857666015625,948.4069213867188,4667.41650390625,1583.0794677734375,729.9685668945312,878.7232666015625,157.26467895507812,4777.7353515625,1144.8133544921875,185.4894561767578,3669.765625,1103.031005859375,3240.1904296875,1793.2125244140625,990.3745727539062,799.8680419921875,655.2542724609375,2905.00634765625,442.7671813964844,2466.2724609375,972.1324462890625,1386.556640625,1219.5435791015625,402.09588623046875,795.7568969726562,374.2190856933594,2550.381103515625,4643.19873046875,1445.5174560546875,9388.884765625,1092.0208740234375,193.65243530273438,147.6878662109375,171.5013427734375,1244.4686279296875,1283.2080078125,583.4462890625,1110.861083984375,840.0784912109375,113.18978881835938,3075.19775390625,1020.8094482421875,2968.324951171875,626.0087280273438,8205.765625,608.82861328125,186.49652099609375
2023-07-31,2488.878662109375,767.5421752929688,5130.69873046875,3297.822265625,952.3505249023438,4704.5263671875,1596.5145263671875,721.9288940429688,873.618408203125,158.97021484375,4671.13818359375,1142.0916748046875,187.24549865722656,3616.0302734375,1114.38134765625,3250.13720703125,1818.4322509765625,1002.1759643554688,803.615478515625,642.8806762695312,2933.575439453125,453.65252685546875,2443.56201171875,974.181640625,1402.1832275390625,1233.371826171875,399.73541259765625,808.225341796875,370.1715393066406,2580.990966796875,4688.82470703125,1452.8050537109375,9534.9560546875,1095.5377197265625,201.35243225097656,152.2010498046875,176.7154998779297,1255.00390625,1275.646484375,587.3766479492188,1115.5928955078125,840.0296630859375,115.58311462402344,3135.73193359375,1043.685302734375,2985.2685546875,634.8770751953125,8217.0263671875,608.3903198242188,189.4430389404297
2023-08-01,2477.793701171875,755.207763671875,4990.81396484375,3264.23193359375,958.3407592773438,4697.41943359375,1570.5933837890625,718.9027099609375,875.33642578125,158.97021484375,4693.9384765625,1145.3477783203125,196.31170654296875,3572.060546875,1119.6368408203125,3298.8095703125,1806.8792724609375,1021.7402954101562,808.9933471679688,638.8058471679688,2840.5419921875,455.1235046386719,2434.306396484375,970.5222778320312,1379.2874755859375,1242.0147705078125,398.962890625,812.33203125,368.86553955078125,2566.841064453125,4771.0673828125,1470.679443359375,9433.9833984375,1097.500244140625,207.62307739257812,151.90016174316406,167.2503662109375,1237.25634765625,1273.45751953125,579.468505859375,1115.641845703125,837.536865234375,115.63004302978516,3163.776611328125,1069.882568359375,2983.131591796875,634.2366333007812,8181.11865234375,609.3642578125,190.33168029785156
2023-08-02,2470.253662109375,751.3594970703125,4955.45849609375,3283.71240234375,943.7145385742188,4609.79541015625,1525.2940673828125,712.3511962890625,862.0343017578125,155.43284606933594,4686.24072265625,1135.5794677734375,191.57440185546875,3622.21337890625,1118.332763671875,3218.461669921875,1790.45947265625,1014.9196166992188,798.407958984375,638.9052124023438,2741.052734375,445.70916748046875,2451.338623046875,963.1058959960938,1366.083984375,1234.418212890625,394.92864990234375,795.8557739257812,363.6216735839844,2552.724609375,4664.19091796875,1462.7518310546875,9372.865234375,1111.51904296875,202.0440673828125,151.2554168701172,165.09165954589844,1224.0379638671875,1255.847412109375,566.7777099609375,1107.64111328125,824.14404296875,111.64117431640625,3153.328125,1071.8941650390625,2958.536376953125,613.5437622070312,8186.947265625,602.9852294921875,188.3907012939453
2023-08-03,2529.22509765625,763.1017456054688,4955.01171875,3257.78759765625,934.0303344726562,4604.26171875,1491.9813232421875,702.9468383789062,855.75146484375,154.96961975097656,4676.009765625,1133.1978759765625,187.89891052246094,3657.251953125,1118.1451416015625,3263.8505859375,1799.8492431640625,1010.0733032226562,792.6407470703125,628.8175048828125,2703.464111328125,444.53240966796875,2434.496826171875,941.6862182617188,1349.5179443359375,1241.1959228515625,391.45233154296875,796.0537719726562,363.5319519042969,2529.311767578125,4667.97705078125,1446.846923828125,9353.1669921875,1091.7733154296875,202.96620178222656,147.94578552246094,165.1912841796875,1218.8934326171875,1247.3905029296875,559.2484741210938,1113.2513427734375,816.6656494140625,110.93726348876953,3116.02734375,1069.227783203125,2883.955810546875,609.8978881835938,8037.23876953125,593.9758911132812,186.91744995117188
2023-08-04,2538.412841796875,764.9766235351562,4939.14453125,3261.009521484375,950.7031860351562,4495.220703125,1484.6396484375,706.93701171875,873.373046875,151.76918029785156,4675.57080078125,1175.8685302734375,190.92098999023438,3675.997802734375,1116.1793212890625,3244.391357421875,1794.8345947265625,1026.9903564453125,804.1021118164062,638.2592163085938,2696.413330078125,448.16082763671875,2429.439697265625,947.0533447265625,1394.1226806640625,1253.9781494140625,390.5080871582031,797.5380859375,366.8744812011719,2557.34912109375,4736.03271484375,1442.4151611328125,9281.3310546875,1090.7384033203125,200.9835662841797,149.02035522460938,164.29457092285156,1235.45947265625,1261.46875,542.9586791992188,1111.251220703125,816.0791015625,111.68810272216797,3155.986572265625,1099.541748046875,2886.241455078125,606.005615234375,8058.9716796875,596.8445434570312,191.22032165527344
2023-08-07,2547.10107421875,780.91259765625,4972.96240234375,3264.281005859375,945.861083984375,4455.248046875,1506.7149658203125,704.3115234375,875.0909423828125,151.87445068359375,4540.37548828125,1189.379150390625,190.26754760742188,3838.087646484375,1112.4552001953125,3240.818115234375,1824.4791259765625,1032.77880859375,803.6398315429688,644.8187255859375,2704.975341796875,455.8589782714844,2451.577392578125,952.0789184570312,1399.710693359375,1267.3062744140625,390.4651794433594,804.56396484375,365.4875793457031,2566.110595703125,4837.78173828125,1503.7203369140625,9333.6640625,1090.9715576171875,200.9835662841797,148.67648315429688,164.69309997558594,1242.49951171875,1295.943115234375,537.8446044921875,1132.5697021484375,819.0117797851562,111.54732513427734,3193.1044921875,1107.4478759765625,2886.440185546875,600.5860595703125,8076.0615234375,600.2573852539062,192.29603576660156
2023-08-08,2471.252197265625,773.8080444335938,4981.83837890625,3269.21240234375,951.3521118164062,4436.2158203125,1514.056640625,709.3994140625,869.2008056640625,150.69532775878906,4487.369140625,1230.98046875,188.0623016357422,3775.126220703125,1117.8388671875,3256.41455078125,1813.51611328125,1024.2979736328125,802.9828491210938,641.4892578125,2808.31005859375,445.954345703125,2448.380615234375,956.2261962890625,1388.5347900390625,1264.7589111328125,388.2763977050781,792.9365844726562,364.7791748046875,2562.5087890625,4871.80908203125,1476.93310546875,9352.0400390625,1079.796875,200.61473083496094,149.02035522460938,163.5419158935547,1235.0162353515625,1342.505615234375,542.769287109375,1120.7154541015625,828.4454345703125,110.89032745361328,3180.777587890625,1127.797607421875,2902.98583984375,598.418212890625,8057.6875,597.833740234375,194.72808837890625
2023-08-09,2503.759033203125,780.6165771484375,4940.18603515625,3252.5634765625,948.4568481445312,4451.861328125,1514.90576171875,704.6279296875,867.5318603515625,151.7480926513672,4483.033203125,1230.5916748046875,191.7377471923828,3668.440673828125,1159.93115234375,3295.622802734375,1814.6959228515625,1026.8109130859375,803.2748413085938,641.8370971679688,2801.716796875,459.8306579589844,2435.35546875,957.0133056640625,1392.9853515625,1268.5799560546875,393.6839904785156,814.8554077148438,365.4775695800781,2581.395263671875,4892.56201171875,1511.4510498046875,9274.17578125,1079.269775390625,201.67518615722656,152.07208251953125,162.7631072998047,1243.1639404296875,1342.505615234375,543.3849487304688,1124.764404296875,840.9095458984375,112.81436920166016,3173.353759765625,1148.942626953125,2937.41943359375,613.4451904296875,8012.64208984375,608.5668334960938,195.40625
2023-08-10,2548.99853515625,792.1615600585938,4881.822265625,3161.656005859375,938.2234497070312,4423.2890625,1517.70263671875,706.4573974609375,858.794677734375,152.71665954589844,4424.13232421875,1223.6905517578125,191.86029052734375,3676.095947265625,1156.0093994140625,3297.65087890625,1799.6033935546875,1017.9711303710938,796.1448364257812,636.0726928710938,2779.923828125,459.8306579589844,2420.565185546875,948.552001953125,1414.4964599609375,1263.7581787109375,387.7613830566406,822.8214111328125,359.3613586425781,2573.509521484375,4894.814453125,1521.9393310546875,9209.9833984375,1068.1630859375,200.47637939453125,153.5764617919922,163.7450408935547,1248.702392578125,1327.5816650390625,543.2902221679688,1122.3253173828125,831.4758911132812,112.62665557861328,3154.65771484375,1156.240478515625,2969.865234375,609.2080688476562,8003.70166015625,603.07666015625,195.80381774902344
2023-08-11,2536.11572265625,790.4347534179688,4865.6064453125,3110.343017578125,935.6776123046875,4387.46630859375,1502.31982421875,698.2247924804688,858.548095703125,152.24826049804688,4394.75390625,1215.185546875,191.86029052734375,3640.131591796875,1150.44775390625,3273.024658203125,1806.77099609375,1051.3111572265625,787.8468627929688,629.7119750976562,2745.40234375,453.50543212890625,2387.26318359375,937.4833984375,1381.9083251953125,1248.0645751953125,385.1863098144531,812.0846557617188,357.4855651855469,2568.641845703125,4895.5810546875,1522.9732666015625,9170.046875,1061.0052490234375,199.1673126220703,152.3300018310547,165.4380340576172,1253.9700927734375,1304.84765625,543.7638549804688,1104.8116455078125,818.1320190429688,112.90823364257812,3160.79833984375,1141.878662109375,2998.385986328125,602.8523559570312,8034.078125,593.2339477539062,193.18466186523438
2023-08-14,2452.72705078125,776.7189331054688,4781.01220703125,3127.187255859375,938.4231567382812,4404.3046875,1480.3944091796875,694.0169677734375,855.0963745117188,151.82247924804688,4384.32861328125,1200.994384765625,191.04347229003906,3690.986572265625,1150.5169677734375,3259.84375,1791.150634765625,1050.9072265625,784.0020751953125,628.8672485351562,2756.802734375,444.96734619140625,2417.130126953125,944.0753173828125,1373.6500244140625,1267.806640625,385.57257080078125,791.1058959960938,358.0143737792969,2589.47509765625,4977.96728515625,1523.3673095703125,9135.55078125,1063.7791748046875,199.1673126220703,153.01771545410156,165.57347106933594,1268.788330078125,1290.520751953125,531.1202392578125,1106.6656494140625,825.757080078125,110.89032745361328,3161.760986328125,1141.2237548828125,2991.8271484375,598.4674682617188,7956.3837890625,583.9352416992188,194.16683959960938
2023-08-16,2441.841796875,765.8153686523438,4901.06103515625,3118.83837890625,931.5343017578125,4388.9453125,1468.2078857421875,690.402587890625,845.1356201171875,152.3972930908203,4383.2568359375,1208.7218017578125,190.34925842285156,3672.732177734375,1157.3330078125,3248.615234375,1796.2420654296875,1056.4266357421875,781.714599609375,621.3139038085938,2730.339599609375,439.4397888183594,2435.737548828125,941.0745849609375,1365.5400390625,1290.50537109375,386.47381591796875,786.9992065429688,356.43792724609375,2619.80078125,4982.37646484375,1546.7567138671875,9231.49609375,1066.130126953125,203.32830810546875,153.9203338623047,167.9774932861328,1267.7545166015625,1284.7501220703125,535.4295043945312,1115.8369140625,821.8468017578125,108.82550811767578,3169.59619140625,1148.8021240234375,2992.2744140625,609.7008056640625,8151.58251953125,583.4406127929688,195.80381774902344
2023-08-17,2476.3955078125,798.9207763671875,4852.31787109375,3108.29248046875,935.0286865234375,4443.56201171875,1475.2000732421875,684.6422119140625,844.8890991210938,151.99278259277344,4386.27734375,1206.2431640625,189.73666381835938,3615.990234375,1161.837646484375,3220.544189453125,1780.37451171875,1056.0225830078125,777.3831176757812,624.5439453125,2738.855224609375,441.8087463378906,2426.815185546875,936.3027954101562,1359.2103271484375,1284.1826171875,378.5340576171875,781.5071411132812,352.3471374511719,2582.271484375,4886.1875,1549.61279296875,9188.12890625,1052.507080078125,201.73873901367188,152.80279541015625,165.03170776367188,1249.465576171875,1277.9346923828125,541.8696899414062,1116.958984375,825.3171997070312,108.91936492919922,3148.837890625,1152.4512939453125,3052.545166015625,604.77392578125,8107.5732421875,578.6430053710938,195.28932189941406
2023-08-18,2573.965087890625,824.8228759765625,4817.14599609375,3089.056396484375,941.5181274414062,4403.20751953125,1458.518798828125,678.5950927734375,844.4453125,150.26824951171875,4418.8701171875,1201.7720947265625,189.03024291992188,3616.138427734375,1160.61279296875,3270.486572265625,1770.587158203125,1053.3299560546875,774.1953125,622.1089477539062,2680.25146484375,433.81353759765625,2437.788818359375,935.3189086914062,1356.6387939453125,1263.4852294921875,379.0920104980469,778.884765625,349.37384033203125,2572.000732421875,4874.3017578125,1529.079345703125,9267.2666015625,1060.40283203125,201.17767333984375,151.1217498779297,163.2032928466797,1258.7208251953125,1275.9449462890625,542.6273193359375,1107.2998046875,823.6552734375,108.68473052978516,3085.9208984375,1132.85009765625,3031.37841796875,606.7939453125,8114.98193359375,572.2130737304688,192.5532989501953
2023-08-21,2636.232177734375,846.778076171875,4900.9033203125,3107.364990234375,951.0525512695312,4398.72412109375,1476.6485595703125,696.9985961914062,859.9288330078125,149.90631103515625,4394.94921875,1199.2449951171875,191.23260498046875,3626.37890625,1167.8043212890625,3286.0595703125,1787.8387451171875,1058.311279296875,773.5869750976562,621.3139038085938,2684.326416015625,443.58544921875,2445.422607421875,939.7955322265625,1382.452392578125,1278.5872802734375,384.3708801269531,786.4549560546875,351.279541015625,2591.76318359375,4934.11474609375,1515.193359375,9250.3603515625,1070.32958984375,204.5906524658203,151.768310546875,167.40188598632812,1244.986328125,1272.0648193359375,541.4434204101562,1109.739013671875,829.4718627929688,109.7171401977539,3117.5849609375,1140.381591796875,3059.05419921875,611.4251708984375,8119.3779296875,579.3848876953125,193.90960693359375
2023-08-22,2694.45458984375,843.1764526367188,4887.986328125,3104.826171875,955.495361328125,4415.466796875,1466.1602783203125,699.1493530273438,865.5502319335938,147.71339416503906,4396.06982421875,1186.8033447265625,191.7728271484375,3614.50634765625,1170.70849609375,3264.4326171875,1785.268310546875,1058.5355224609375,770.2774658203125,631.9481811523438,2707.447265625,444.5231628417969,2448.3330078125,936.6471557617188,1385.7655029296875,1277.0863037109375,389.9072570800781,786.9002685546875,351.82830810546875,2607.875244140625,4926.7822265625,1526.9619140625,9302.4013671875,1069.9212646484375,207.30230712890625,151.85450744628906,167.80821228027344,1244.6898193359375,1280.22314453125,538.4127807617188,1109.8853759765625,829.7650756835938,110.32720184326172,3099.713623046875,1135.09521484375,3056.371337890625,611.1295776367188,8103.7705078125,577.5548095703125,195.07887268066406
2023-08-23,2526.927978515625,814.758056640625,4913.7705078125,3094.182861328125,977.6593017578125,4446.32861328125,1468.4576416015625,703.7478637695312,856.1812133789062,146.81919860839844,4396.84912109375,1196.18310546875,191.89747619628906,3664.866455078125,1176.2010498046875,3278.687744140625,1777.2110595703125,1061.227783203125,772.1755981445312,629.314453125,2702.868896484375,455.2821350097656,2456.20556640625,951.2576293945312,1385.6171875,1280.9072265625,386.6455383300781,789.5721435546875,355.210693359375,2645.64794921875,4959.947265625,1519.0341796875,9409.2744140625,1077.5574951171875,207.30230712890625,151.29415893554688,169.0271453857422,1246.0733642578125,1293.6546630859375,546.3682861328125,1096.3719482421875,825.6104125976562,111.64117431640625,3114.46923828125,1123.6807861328125,3050.805908203125,604.9217529296875,8062.67578125,579.434326171875,194.213623046875
2023-08-24,2536.16552734375,811.4524536132812,4888.28466796875,3149.6455078125,979.755859375,4417.1357421875,1466.959228515625,705.824462890625,857.4632568359375,149.565673828125,4426.42138671875,1186.3172607421875,190.5261993408203,3625.3896484375,1167.0733642578125,3262.723876953125,1757.833740234375,1051.131591796875,768.622802734375,626.6309814453125,2680.892333984375,450.5935974121094,2463.07568359375,953.3237915039062,1409.5020751953125,1295.1451416015625,387.03179931640625,779.6764526367188,355.3902893066406,2616.977294921875,4955.77734375,1518.7879638671875,9382.5673828125,1080.5570068359375,206.5075225830078,149.2251739501953,166.79241943359375,1225.1258544921875,1287.187744140625,546.41552734375,1091.1033935546875,825.268310546875,110.98418426513672,3104.84619140625,1121.9031982421875,3042.060791015625,602.0148315429688,8111.57470703125,580.077392578125,193.02096557617188
2023-08-25,2492.424072265625,795.9111328125,4834.185546875,3182.5517578125,981.5030517578125,4373.15673828125,1502.219970703125,713.1473388671875,861.4573974609375,149.13983154296875,4409.857421875,1175.5283203125,189.23800659179688,3597.933837890625,1141.8040771484375,3262.23583984375,1756.0543212890625,1035.6058349609375,759.9597778320312,624.4445190429688,2665.463134765625,444.17767333984375,2446.18603515625,954.7504272460938,1385.7655029296875,1291.9609375,380.5511779785156,765.0804443359375,354.9712219238281,2568.54443359375,4914.80029296875,1496.974365234375,9315.92578125,1077.8175048828125,203.74908447265625,150.60450744628906,163.8804931640625,1219.4691162109375,1289.8243408203125,539.7860717773438,1079.395263671875,813.8795166015625,109.7171401977539,3098.93505859375,1112.921142578125,3048.023681640625,596.2503662109375,7973.32568359375,576.9118041992188,191.61785888671875
2023-08-28,2469.155029296875,796.7499389648438,4873.87890625,3182.942138671875,988.591552734375,4388.802734375,1498.2244873046875,715.5306396484375,858.350830078125,151.29017639160156,4395.3876953125,1194.482177734375,190.69239807128906,3594.71826171875,1141.142333984375,3269.265869140625,1764.3587646484375,1028.874755859375,767.868408203125,623.5003662109375,2684.555419921875,440.5255432128906,2438.695556640625,954.89794921875,1393.974365234375,1287.9124755859375,378.87744140625,764.9320068359375,357.2660827636719,2623.987060546875,4917.24462890625,1525.73095703125,9406.0888671875,1070.33447265625,204.49713134765625,151.03555297851562,168.28224182128906,1207.315673828125,1284.9989013671875,542.5325927734375,1089.8349609375,822.922119140625,110.37413024902344,3093.6650390625,1108.47705078125,3029.490234375,593.5899047851562,8018.9638671875,578.8408203125,190.84616088867188
2023-08-29,2503.109619140625,812.6365966796875,4847.001953125,3208.330322265625,979.10693359375,4449.953125,1501.770263671875,721.2415161132812,843.4097290039062,151.9289093017578,4414.6806640625,1195.308349609375,191.10797119140625,3618.3154296875,1130.848876953125,3276.1005859375,1781.3138427734375,1038.836669921875,773.9763793945312,631.0040893554688,2736.199951171875,450.1493835449219,2410.498291015625,952.1431274414062,1384.7764892578125,1289.73193359375,377.76153564453125,774.4812622070312,355.8193054199219,2646.9619140625,4923.7626953125,1537.15478515625,9429.1689453125,1071.7210693359375,206.74127197265625,151.46658325195312,170.0767822265625,1195.755126953125,1290.6201171875,544.4267578125,1084.56640625,819.4517211914062,112.20431518554688,3094.21484375,1120.8740234375,3060.147216796875,598.2704467773438,8100.01708984375,591.1565551757812,190.86953735351562
2023-08-30,2509.751220703125,807.8507690429688,4843.126953125,3217.1181640625,981.7526245117188,4459.92236328125,1499.822509765625,718.7445068359375,845.924560546875,149.86375427246094,4434.21630859375,1201.529052734375,190.11065673828125,3592.29443359375,1116.2188720703125,3325.310302734375,1786.108642578125,1050.4586181640625,768.3307495117188,633.1408081054688,2702.96044921875,450.84033203125,2416.03271484375,943.4359130859375,1377.1610107421875,1305.65283203125,380.0791015625,778.934326171875,354.1830139160156,2637.275390625,4959.13232421875,1559.1654052734375,9600.822265625,1078.3031005859375,206.0867462158203,151.5096893310547,167.3341827392578,1194.6187744140625,1294.0028076171875,537.3710327148438,1087.7861328125,829.3251953125,114.59761810302734,3107.77880859375,1120.1253662109375,3062.9296875,596.6937866210938,8165.46142578125,593.4317626953125,190.4486083984375
2023-08-31,2416.02587890625,781.7020263671875,4783.11572265625,3179.427490234375,971.9186401367188,4401.5380859375,1487.2366943359375,708.3511352539062,844.5932006835938,145.00950622558594,4353.29443359375,1222.3782958984375,191.19105529785156,3554.0048828125,1107.940673828125,3257.79345703125,1770.587158203125,1051.9393310546875,764.8023071289062,640.7935791015625,2670.087646484375,453.9002380371094,2390.364501953125,943.2882690429688,1363.01806640625,1305.9259033203125,377.418212890625,771.5125732421875,350.96026611328125,2631.142333984375,4978.0634765625,1551.4840087890625,9804.0810546875,1068.000244140625,205.99322509765625,150.13035583496094,165.60733032226562,1189.15966796875,1285.99365234375,531.6411743164062,1084.56640625,815.63916015625,115.34847259521484,3076.48095703125,1124.569580078125,3085.04052734375,592.2103881835938,8196.578125,584.776123046875,191.00985717773438
2023-09-01,2446.78515625,788.9052734375,4809.19775390625,3182.796142578125,989.5399780273438,4453.67431640625,1512.8079833984375,723.936279296875,854.0115356445312,146.563720703125,4369.46923828125,1210.52001953125,196.88397216796875,3551.234619140625,1102.15185546875,3320.08642578125,1790.9034423828125,1064.1893310546875,766.384033203125,637.4143676757812,2680.57177734375,467.1268310546875,2390.1259765625,953.077880859375,1400.9964599609375,1313.56787109375,378.57696533203125,797.9833374023438,353.4247131347656,2630.55810546875,5083.45458984375,1567.7825927734375,10124.994140625,1064.5587158203125,215.7178192138672,156.68212890625,170.787841796875,1191.950927734375,1313.8516845703125,539.4072265625,1082.029541015625,825.2194213867188,119.24347686767578,3097.010009765625,1148.9893798828125,3097.3134765625,602.2611694335938,8161.95458984375,596.4983520507812,194.72808837890625
2023-09-04,2467.3076171875,790.4347534179688,4793.79736328125,3159.361328125,980.6544799804688,4423.81396484375,1508.4129638671875,718.9572143554688,853.3704833984375,146.77662658691406,4391.734375,1204.1534423828125,205.94281005859375,3590.85986328125,1118.13525390625,3353.039306640625,1820.1175537109375,1106.10009765625,771.1779174804688,636.1223754882812,2694.7197265625,480.3534851074219,2386.88134765625,951.7495727539062,1406.1888427734375,1332.900390625,375.52984619140625,801.3478393554688,351.6487121582031,2639.31982421875,5143.21923828125,1552.46875,10155.5712890625,1055.9439697265625,220.48663330078125,157.7166290283203,172.95484924316406,1190.9874267578125,1321.6121826171875,545.0896606445312,1081.93212890625,827.0767822265625,123.65469360351562,3133.028564453125,1175.8416748046875,3080.916748046875,600.0933227539062,8478.2119140625,600.900390625,203.02981567382812
2023-09-05,2490.72607421875,794.2830200195312,4952.4189453125,3147.399658203125,979.8557739257812,4485.298828125,1508.762451171875,726.3590698242188,853.9622192382812,149.1185760498047,4399.28515625,1204.25048828125,212.21751403808594,3603.67236328125,1102.2210693359375,3323.064208984375,1832.7225341796875,1108.837158203125,766.4813842773438,637.0169067382812,2687.851806640625,479.81060791015625,2392.272705078125,952.7826538085938,1408.117431640625,1345.4552001953125,380.33660888671875,807.4336547851562,353.41473388671875,2660.59130859375,5201.1630859375,1547.2984619140625,10057.2236328125,1066.4483642578125,219.36456298828125,157.84593200683594,172.2099609375,1197.36083984375,1302.8079833984375,542.6746215820312,1104.37255859375,827.3211669921875,123.60775756835938,3142.97265625,1173.7835693359375,3116.542236328125,602.2119140625,8352.064453125,601.493896484375,201.9774932861328
2023-09-06,2493.1728515625,796.355224609375,5000.70703125,3149.352294921875,963.4823608398438,4468.31787109375,1516.50390625,730.5817260742188,868.1636962890625,150.37469482421875,4452.0966796875,1221.5521240234375,212.5915069580078,3668.626220703125,1103.09033203125,3311.201416015625,1817.596435546875,1109.106201171875,776.507080078125,643.5763549804688,2690.2783203125,471.96343994140625,2407.96923828125,942.0584716796875,1393.1832275390625,1344.135986328125,384.0704040527344,806.3946533203125,353.26507568359375,2658.157470703125,5183.04638671875,1553.0595703125,9975.6357421875,1068.860107421875,216.8398895263672,157.80282592773438,172.34539794921875,1199.8802490234375,1313.1055908203125,540.3070068359375,1114.568603515625,859.190185546875,121.63679504394531,3143.476318359375,1168.5438232421875,3156.193115234375,601.3250732421875,8433.611328125,602.7798461914062,200.7848358154297
2023-09-07,2506.15576171875,799.16748046875,4996.68310546875,3169.906982421875,976.6110229492188,4500.181640625,1517.8524169921875,728.1490478515625,863.2326049804688,150.9921417236328,4414.6318359375,1214.310791015625,227.71722412109375,3654.82421875,1109.3829345703125,3322.088134765625,1826.3953857421875,1125.39501953125,783.9777221679688,652.719970703125,2711.247314453125,468.95294189453125,2392.654052734375,950.0770263671875,1423.7933349609375,1333.901123046875,382.739990234375,810.7487182617188,356.9966735839844,2771.03759765625,5258.435546875,1541.9803466796875,10075.501953125,1063.62353515625,218.8970489501953,156.68212890625,174.03836059570312,1201.5106201171875,1340.6650390625,548.4044189453125,1105.4947509765625,839.443115234375,122.15299224853516,3166.708984375,1187.5369873046875,3152.96337890625,605.9071044921875,8391.875,605.6980590820312,202.4451904296875
2023-09-08,2515.942626953125,814.0673828125,4953.0654296875,3161.802490234375,978.7075805664062,4540.58251953125,1539.278564453125,732.8413696289062,873.6371459960938,154.121826171875,4424.1806640625,1209.742431640625,234.4490509033203,3659.5732421875,1103.189208984375,3291.283203125,1828.7186279296875,1132.6195068359375,790.0856323242188,653.4156494140625,2755.06298828125,469.9893493652344,2398.7138671875,954.89794921875,1432.9417724609375,1336.9945068359375,379.9503479003906,807.2357788085938,357.8348083496094,2824.776123046875,5251.34228515625,1543.753173828125,10125.7294921875,1062.98974609375,224.64761352539062,159.0097198486328,175.15573120117188,1209.51416015625,1334.6456298828125,552.5715942382812,1102.9578857421875,833.9686889648438,121.54293823242188,3154.473876953125,1181.642578125,3179.09912109375,618.076416015625,8328.0595703125,600.2573852539062,201.1122283935547
2023-09-11,2611.465087890625,870.7560424804688,5063.15283203125,3182.6494140625,998.7749633789062,4585.27734375,1547.96875,730.96240234375,878.5189208984375,154.8883056640625,4451.51171875,1212.4154052734375,231.8311309814453,3696.6259765625,1109.1162109375,3324.089599609375,1841.17529296875,1150.1197509765625,794.173828125,664.5469360351562,2796.818359375,478.5767822265625,2420.135986328125,962.4737548828125,1434.27685546875,1343.2261962890625,383.85589599609375,815.6470336914062,360.7681579589844,2817.57177734375,5280.2421875,1558.082275390625,10323.548828125,1074.8323974609375,227.31256103515625,158.10455322265625,179.11729431152344,1222.556884765625,1343.3016357421875,560.385009765625,1109.2509765625,843.2556762695312,123.09154510498047,3189.98828125,1187.1627197265625,3193.210205078125,625.5653076171875,8358.8310546875,611.2871704101562,203.38058471679688
2023-09-12,2532.32080078125,847.3700561523438,4947.15380859375,3180.15966796875,999.274169921875,4598.82421875,1540.726806640625,734.8834228515625,878.12451171875,148.35211181640625,4450.14794921875,1205.076904296875,225.0162353515625,3747.62939453125,1120.970458984375,3262.33349609375,1849.6776123046875,1150.8824462890625,796.6559448242188,656.8941650390625,2765.41015625,471.5686340332031,2384.4482421875,974.5262451171875,1413.4581298828125,1365.6519775390625,387.2463684082031,807.6810913085938,361.42669677734375,2866.15087890625,5277.17529296875,1534.298828125,10293.9033203125,1084.095703125,219.8320770263672,155.94935607910156,172.72914123535156,1204.8948974609375,1339.6700439453125,557.212158203125,1117.39794921875,845.3574829101562,121.07365417480469,3281.775146484375,1184.49609375,3165.882080078125,611.7207641601562,8467.4453125,597.982177734375,203.45074462890625
2023-09-13,2515.54296875,838.4400024414062,4978.7490234375,3200.5673828125,1012.8021850585938,4587.09033203125,1551.0653076171875,739.2939453125,902.533203125,151.41795349121094,4490.1953125,1194.09326171875,232.41287231445312,3711.0712890625,1133.832275390625,3241.87841796875,1911.0220947265625,1144.4656982421875,800.0626831054688,646.2101440429688,2741.9228515625,476.9481201171875,2391.7958984375,973.8374633789062,1439.07373046875,1363.1502685546875,389.2635192871094,802.238525390625,364.1006774902344,2829.78955078125,5309.43017578125,1513.6175537109375,10264.306640625,1077.3946533203125,221.7489471435547,158.5355987548828,174.4446563720703,1210.922119140625,1338.6751708984375,564.8836059570312,1120.8128662109375,869.3568725585938,121.58987426757812,3269.90625,1179.2567138671875,3242.798095703125,616.7462158203125,8531.357421875,601.7412109375,203.7781524658203
2023-09-14,2516.44189453125,838.5386352539062,5051.8251953125,3163.950439453125,1019.2416381835938,4621.62451171875,1549.1673583984375,741.113525390625,902.3359985351562,152.75924682617188,4457.1640625,1199.1961669921875,230.66757202148438,3777.41015625,1134.96826171875,3301.53515625,1909.637939453125,1151.9593505859375,799.5759887695312,641.4892578125,2745.58544921875,490.9150390625,2386.308837890625,971.7714233398438,1442.238525390625,1370.97412109375,386.21630859375,801.89208984375,363.4920349121094,2841.326171875,5270.60888671875,1542.2265625,10278.76171875,1091.8656005859375,222.49700927734375,161.98388671875,176.2053680419922,1212.0338134765625,1345.8883056640625,565.6885986328125,1115.9832763671875,864.7134399414062,123.60775756835938,3262.75830078125,1197.4544677734375,3240.9599609375,615.4652099609375,8582.3310546875,624.9384155273438,204.12892150878906
2023-09-15,2536.6650390625,834.4437255859375,5059.0283203125,3121.376708984375,1025.4815673828125,4894.46728515625,1536.3817138671875,740.9058837890625,923.2437744140625,149.9915008544922,4416.7265625,1200.8973388671875,232.12200927734375,3775.03564453125,1149.75634765625,3346.25341796875,1950.4190673828125,1170.805908203125,808.7500610351562,640.9426879882812,2806.432861328125,490.1253967285156,2356.632568359375,976.44482421875,1434.0791015625,1375.2047119140625,384.84295654296875,804.3660278320312,361.9654846191406,2831.5419921875,5303.39111328125,1576.793701171875,10315.12109375,1098.8895263671875,220.86062622070312,160.9062957763672,175.25730895996094,1214.28173828125,1365.6875,567.1091918945312,1121.8375244140625,856.2574462890625,123.84239196777344,3297.8134765625,1216.354248046875,3228.28955078125,624.97412109375,8622.240234375,627.8070678710938,206.28033447265625
2023-09-18,2499.114990234375,820.2344970703125,5042.48583984375,3130.800048828125,1023.08544921875,4938.49365234375,1558.207275390625,746.4882202148438,907.5136108398438,153.44053649902344,4478.4541015625,1205.805908203125,233.7426300048828,3745.15576171875,1131.6787109375,3350.69580078125,1935.194091796875,1171.1646728515625,792.83544921875,655.9002685546875,2852.033935546875,478.2312927246094,2374.71533203125,974.2310791015625,1440.9034423828125,1357.19140625,388.01885986328125,800.3583374023438,358.86248779296875,2842.54296875,5285.13134765625,1616.53125,10312.0341796875,1108.463623046875,225.53591918945312,160.9925079345703,180.6748504638672,1203.709228515625,1366.7320556640625,571.9866943359375,1119.73974609375,861.1941528320312,122.43456268310547,3305.007568359375,1206.7640380859375,3318.62109375,631.280517578125,8523.1103515625,623.3060913085938,203.96522521972656
2023-09-20,2467.008056640625,807.20947265625,4974.07861328125,3138.660400390625,1025.6312255859375,4944.50390625,1551.6146240234375,745.533935546875,898.1445922851562,150.1192169189453,4411.416015625,1204.9794921875,236.2773895263672,3739.516357421875,1109.3631591796875,3359.9228515625,1922.5889892578125,1160.7542724609375,761.0304565429688,644.222412109375,2803.685546875,472.11151123046875,2353.913330078125,971.2302856445312,1424.6339111328125,1355.78125,388.7914123535156,778.5384521484375,357.08648681640625,2813.483154296875,5246.501953125,1609.1943359375,10140.1845703125,1101.7042236328125,226.05023193359375,162.2425079345703,184.7831268310547,1176.8826904296875,1338.376708984375,569.2874755859375,1125.1058349609375,850.1964111328125,120.41667175292969,3304.916015625,1192.3087158203125,3285.976318359375,629.1619262695312,8355.32421875,615.7881469726562,201.1590118408203
2023-09-21,2475.946044921875,820.0864868164062,4987.740234375,3167.807373046875,1012.8021850585938,4851.25146484375,1524.4949951171875,740.1146850585938,905.2946166992188,151.2689208984375,4441.76806640625,1172.6123046875,233.0777587890625,3707.064208984375,1119.92333984375,3354.69921875,1889.7664794921875,1146.9337158203125,755.9932861328125,640.296630859375,2747.920654296875,473.3453369140625,2360.11572265625,943.8294067382812,1395.8040771484375,1366.243408203125,384.1133728027344,770.22607421875,350.3516540527344,2822.58544921875,5170.48974609375,1559.2147216796875,10078.9814453125,1094.5760498046875,223.43206787109375,160.9494171142578,182.02923583984375,1168.31103515625,1327.432373046875,557.0228881835938,1118.276123046875,851.46728515625,119.94740295410156,3285.8994140625,1208.494873046875,3283.83984375,617.8793334960938,8212.482421875,618.310546875,200.62115478515625
2023-09-22,2461.615234375,816.0901489257812,4957.43701171875,3197.735595703125,1016.595947265625,4770.97216796875,1541.9754638671875,738.843994140625,898.8349609375,149.86375427246094,4447.7119140625,1152.6865234375,235.48789978027344,3665.7568359375,1090.0013427734375,3328.9228515625,1890.21142578125,1143.07470703125,744.4588623046875,645.4647216796875,2767.8369140625,472.6544189453125,2368.798828125,934.9745483398438,1436.9473876953125,1361.148681640625,380.33660888671875,765.9710083007812,350.50128173828125,2841.228515625,5202.45654296875,1582.751953125,10324.82421875,1094.52734375,222.49700927734375,159.57009887695312,179.8170623779297,1163.4447021484375,1312.1602783203125,566.4935913085938,1104.8116455078125,858.06591796875,118.96190643310547,3302.716796875,1221.3128662109375,3254.027587890625,611.3759155273438,8087.86572265625,608.171142578125,195.733642578125
2023-09-25,2478.792236328125,814.708740234375,5064.2451171875,3244.99609375,1017.2948608398438,4775.17041015625,1575.6378173828125,773.3072509765625,897.8487548828125,149.8424530029297,4452.97314453125,1146.31982421875,239.39398193359375,3688.9580078125,1074.53173828125,3306.6611328125,1917.7940673828125,1133.8760986328125,745.1158447265625,638.1597900390625,2723.884033203125,463.27734375,2362.501220703125,940.9269409179688,1426.9088134765625,1341.1339111328125,379.9074401855469,771.7599487304688,356.0787353515625,2825.65234375,5154.146484375,1565.320556640625,10376.814453125,1099.6884765625,224.08657836914062,159.91490173339844,179.59132385253906,1156.2811279296875,1287.585693359375,562.6105346679688,1096.713623046875,880.4034423828125,119.57196807861328,3278.4296875,1215.7926025390625,3263.41845703125,609.6515502929688,8106.43798828125,610.2979736328125,193.67578125
2023-09-26,2454.674560546875,810.4656982421875,5021.173828125,3215.262939453125,1012.5026245117188,4835.9873046875,1565.9486083984375,778.3309326171875,900.1170043945312,149.73597717285156,4482.30224609375,1131.0595703125,238.31356811523438,3713.98974609375,1080.26123046875,3390.1416015625,1935.73779296875,1132.0809326171875,748.3523559570312,640.296630859375,2778.50439453125,465.3995056152344,2365.459228515625,933.400390625,1407.4251708984375,1328.8521728515625,379.7786865234375,771.5125732421875,352.0278625488281,2835.436279296875,5140.6787109375,1570.9833984375,10345.89453125,1117.5059814453125,224.60086059570312,161.8545684814453,179.09474182128906,1157.2939453125,1283.158203125,562.9420776367188,1098.4698486328125,875.1245727539062,120.97979736328125,3286.26611328125,1199.746826171875,3242.201904296875,610.7354125976562,8128.86181640625,610.8914794921875,193.114501953125
2023-09-27,2479.990478515625,819.69189453125,5072.49169921875,3224.051025390625,1023.5345458984375,4801.40478515625,1564.0008544921875,775.0576171875,907.5628662109375,148.6076202392578,4508.80615234375,1147.437744140625,242.30279541015625,3728.039306640625,1085.9315185546875,3397.513427734375,1909.1436767578125,1131.766845703125,743.0961303710938,644.222412109375,2752.865234375,468.80487060546875,2387.21533203125,927.890625,1420.6778564453125,1334.62890625,385.5296936035156,771.4630126953125,352.2373962402344,2886.546142578125,5211.466796875,1565.074462890625,10467.5166015625,1111.0673828125,223.7593231201172,161.4235382080078,179.9976806640625,1170.336669921875,1294.40087890625,558.5381469726562,1112.2269287109375,868.9169311523438,120.27588653564453,3289.5654296875,1205.68798828125,3194.452392578125,611.080322265625,8162.2509765625,608.4678344726562,194.40069580078125
2023-09-28,2471.951416015625,812.1924438476562,4987.79052734375,3095.696533203125,1029.225341796875,4776.267578125,1537.9798583984375,765.3119506835938,912.8884887695312,146.457275390625,4408.63916015625,1131.4483642578125,241.1808624267578,3626.131591796875,1072.6251220703125,3358.995361328125,1884.8233642578125,1114.535888671875,741.5630493164062,630.8052978515625,2719.580322265625,460.8096923828125,2347.7109375,927.3987426757812,1397.4854736328125,1309.56494140625,378.3194885253906,760.0831298828125,345.8617248535156,2930.305908203125,5046.59912109375,1532.427734375,10354.419921875,1094.8162841796875,221.6554412841797,161.59597778320312,181.2617645263672,1153.14404296875,1282.8597412109375,558.7276000976562,1104.7630615234375,856.8439331054688,119.00884246826172,3241.4033203125,1150.3460693359375,3137.510498046875,605.1187744140625,8055.21826171875,598.476806640625,189.58335876464844
2023-09-29,2410.682861328125,814.2153930664062,5104.68310546875,3086.614990234375,1035.0159912109375,4830.740234375,1538.529296875,772.4073486328125,913.628173828125,147.5856475830078,4420.91650390625,1152.929443359375,245.33628845214844,3725.219482421875,1103.8214111328125,3365.536865234375,1920.315185546875,1108.1641845703125,742.8284301757812,633.4887084960938,2799.4736328125,486.2758483886719,2352.720458984375,936.5487670898438,1413.161376953125,1305.9259033203125,381.45245361328125,771.4630126953125,346.3606262207031,2943.49755859375,4993.8310546875,1530.655029296875,10398.7666015625,1093.28369140625,229.60342407226562,165.3891143798828,180.35882568359375,1158.529052734375,1298.7786865234375,566.8723754882812,1130.47216796875,857.2349853515625,120.97979736328125,3233.934814453125,1144.077392578125,3129.113525390625,620.9832763671875,8154.49609375,609.60546875,189.91073608398438
2023-10-03,2384.068603515625,820.382568359375,5086.00390625,3092.27880859375,1039.35888671875,4785.6640625,1559.30615234375,787.9182739257812,912.5432739257812,145.3501739501953,4380.28515625,1149.67333984375,242.5937042236328,3684.951171875,1079.0657958984375,3272.24365234375,1899.6033935546875,1111.6640625,733.9464111328125,629.6622924804688,2761.33544921875,473.74017333984375,2355.869384765625,925.1358032226562,1419.6395263671875,1304.6065673828125,377.4611511230469,762.210693359375,344.6344909667969,2991.88134765625,4996.61083984375,1514.060791015625,10140.33203125,1083.9742431640625,225.53591918945312,159.13905334472656,180.17823791503906,1145.263916015625,1285.8941650390625,571.03955078125,1113.6903076171875,852.34716796875,120.13510131835938,3220.415771484375,1137.9022216796875,3176.266845703125,611.3759155273438,8203.9384765625,600.4552001953125,189.630126953125
2023-10-04,2461.6650390625,813.6725463867188,5014.91455078125,3095.2568359375,993.9328002929688,4692.3154296875,1530.837890625,776.6893310546875,911.5077514648438,145.3501739501953,4416.3857421875,1134.3643798828125,239.31089782714844,3668.42822265625,1070.3927001953125,3320.574462890625,1874.29443359375,1112.427001953125,744.41015625,621.6616821289062,2737.024169921875,467.27490234375,2393.0361328125,915.0510864257812,1385.9139404296875,1314.022705078125,374.3281555175781,748.703125,343.63671875,2947.5859375,4971.162109375,1498.9930419921875,9927.6142578125,1116.56591796875,219.87881469726562,157.5442352294922,179.681640625,1143.2877197265625,1264.10546875,555.2234497070312,1096.4698486328125,845.3574829101562,117.60100555419922,3242.319580078125,1127.42333984375,3146.851806640625,604.6260986328125,8022.12548828125,596.5477905273438,189.3728790283203
2023-10-05,2463.0634765625,814.2647094726562,5014.56689453125,3130.751220703125,1001.6203002929688,4780.51220703125,1540.8267822265625,776.3778076171875,916.0443725585938,146.670166015625,4417.74951171875,1128.5809326171875,240.47442626953125,3657.990234375,1068.30810546875,3362.26611328125,1868.6593017578125,1108.7474365234375,747.4276123046875,620.5187377929688,2762.296630859375,464.4617919921875,2404.200439453125,925.6768798828125,1386.457763671875,1331.3994140625,374.28521728515625,747.6146240234375,346.0712585449219,3014.07763671875,5009.55126953125,1514.6024169921875,10006.3125,1113.287109375,218.6632537841797,157.070068359375,177.51461791992188,1143.26318359375,1267.9854736328125,560.8111572265625,1091.8839111328125,840.9095458984375,117.5540771484375,3289.61083984375,1127.984619140625,3196.39013671875,610.538330078125,8078.03759765625,597.7843017578125,190.2615203857422
2023-10-06,2474.7978515625,819.7411499023438,5027.681640625,3120.498291015625,999.3240356445312,4783.89892578125,1632.8238525390625,807.7902221679688,913.282958984375,147.84115600585938,4422.18359375,1130.427734375,239.18621826171875,3682.329345703125,1071.7952880859375,3368.905517578125,1881.6597900390625,1110.7667236328125,746.6002807617188,627.028564453125,2781.8466796875,466.48529052734375,2384.972900390625,929.9568481445312,1419.046142578125,1345.2730712890625,379.5212097167969,757.21337890625,347.9969482421875,3011.7900390625,5021.96484375,1525.3370361328125,10096.3759765625,1112.9737548828125,220.2528533935547,156.42352294921875,177.9209442138672,1145.18994140625,1276.4423828125,562.7999877929688,1099.8846435546875,855.1332397460938,118.16413879394531,3318.984375,1138.5572509765625,3289.05712890625,613.3466796875,8095.818359375,605.5497436523438,190.75262451171875
2023-10-09,2439.34521484375,779.5804443359375,5014.81494140625,3078.559814453125,994.6317138671875,4776.9345703125,1619.738525390625,793.8616333007812,911.8036499023438,144.7753143310547,4406.6416015625,1127.02587890625,239.18621826171875,3666.004150390625,1085.6153564453125,3364.218994140625,1867.5223388671875,1121.4462890625,737.9371948242188,611.375244140625,2705.9365234375,463.72149658203125,2396.328369140625,923.4632568359375,1412.86474609375,1342.31640625,378.0619812011719,749.6431884765625,343.08795166015625,2993.29296875,4990.572265625,1492.19775390625,10040.26953125,1111.4971923828125,219.45803833007812,156.63902282714844,177.19859313964844,1135.4324951171875,1270.7713623046875,554.1342163085938,1095.7379150390625,860.90087890625,116.24009704589844,3334.519287109375,1134.580810546875,3247.0712890625,608.3212280273438,8011.50634765625,603.3734130859375,189.7002716064453
2023-10-10,2494.970703125,808.6402587890625,5034.0908203125,3077.290283203125,1010.6056518554688,4805.74560546875,1631.2755126953125,799.3895263671875,935.2755126953125,144.9456329345703,4413.9013671875,1122.700439453125,252.02650451660156,3674.265625,1082.3948974609375,3377.058349609375,1897.0823974609375,1132.39501953125,742.1227416992188,617.4378051757812,2725.806884765625,474.43109130859375,2401.00390625,935.8600463867188,1404.9525146484375,1360.239013671875,381.45245361328125,763.843505859375,350.43145751953125,2994.558837890625,5047.98828125,1514.5040283203125,10167.87109375,1115.684326171875,220.5801544189453,158.1907501220703,178.7335662841797,1140.447021484375,1295.4456787109375,560.337646484375,1099.10400390625,868.8192138671875,117.60100555419922,3325.8583984375,1148.708740234375,3248.760498046875,621.3281860351562,8059.11962890625,615.0955810546875,190.70584106445312
2023-10-11,2485.28369140625,804.0518798828125,5060.072265625,3089.398193359375,1017.444580078125,4831.40771484375,1634.7216796875,801.2041625976562,942.425537109375,145.86111450195312,4438.2607421875,1139.1270751953125,250.8629608154297,3710.7744140625,1099.988525390625,3404.250732421875,1957.5865478515625,1117.8564453125,749.3013916015625,617.686279296875,2839.3974609375,477.6390380859375,2439.36328125,937.7293701171875,1405.5953369140625,1359.556640625,384.75714111328125,769.1376342773438,353.48455810546875,3006.92236328125,5026.99658203125,1532.6739501953125,10204.2294921875,1127.0509033203125,223.1982879638672,157.97523498535156,179.23016357421875,1158.5537109375,1302.70849609375,557.212158203125,1101.2991943359375,868.4771118164062,117.27250671386719,3308.445068359375,1152.3109130859375,3259.989990234375,624.727783203125,8241.57421875,620.9815063476562,196.9730682373047
2023-10-12,2503.01025390625,804.1505737304688,4961.70947265625,3084.71142578125,1016.795654296875,4871.66650390625,1632.9736328125,792.5364379882812,937.2479248046875,148.4798583984375,4443.912109375,1125.4705810546875,255.30926513671875,3715.424560546875,1092.5994873046875,3411.6708984375,1979.039794921875,1098.2474365234375,754.2899169921875,620.81689453125,2827.85986328125,478.1325988769531,2439.935791015625,938.86083984375,1408.6119384765625,1333.264404296875,386.860107421875,775.2728881835938,351.9779357910156,3000.156494140625,4941.015625,1542.8668212890625,10369.66015625,1120.88671875,225.9099578857422,159.0097198486328,181.2617645263672,1160.7027587890625,1306.9866943359375,555.0339965820312,1102.9093017578125,872.3384399414062,118.16413879394531,3246.719482421875,1121.57568359375,3264.4619140625,627.6346435546875,8250.21875,613.9085693359375,195.07887268066406
2023-10-13,2451.279052734375,802.9664306640625,4985.0078125,3074.65380859375,992.4352416992188,4819.9599609375,1644.7105712890625,796.22998046875,941.0448608398438,148.05404663085938,4457.50439453125,1135.044677734375,255.93260192871094,3695.735595703125,1078.7696533203125,3394.291259765625,1960.05810546875,1127.1002197265625,747.4276123046875,621.4132080078125,2837.19970703125,474.38177490234375,2451.815673828125,935.9583740234375,1447.628662109375,1302.0137939453125,384.84295654296875,769.1376342773438,351.6087951660156,3007.798583984375,4883.88720703125,1538.73046875,10513.3818359375,1144.1640625,226.33071899414062,159.39767456054688,182.20982360839844,1160.6534423828125,1309.7723388671875,545.6578979492188,1117.4468994140625,892.8674926757812,117.36637115478516,3272.656005859375,1117.2249755859375,3263.219482421875,657.3436279296875,8267.2578125,616.3321533203125,192.24923706054688
2023-10-16,2426.11279296875,794.9737548828125,4989.38037109375,3038.769287109375,1003.1677856445312,4843.142578125,1640.51513671875,794.682373046875,933.5003051757812,147.8624267578125,4468.56396484375,1131.78857421875,259.29852294921875,3616.435546875,1085.26953125,3404.250732421875,1951.25927734375,1140.33740234375,744.4345092773438,626.1837768554688,2894.47607421875,477.1455383300781,2441.176513671875,936.0568237304688,1430.5186767578125,1304.7430419921875,385.35797119140625,782.447265625,349.1643371582031,3019.772705078125,4948.396484375,1550.6468505859375,10490.79296875,1122.5093994140625,227.63980102539062,160.82009887695312,183.3384552001953,1158.059814453125,1315.4932861328125,545.1844482421875,1107.690185546875,888.2240600585938,119.19654846191406,3229.763916015625,1108.3365478515625,3280.759033203125,656.456787109375,8191.392578125,624.14697265625,191.8517303466797
2023-10-17,2425.163818359375,794.4310302734375,4996.43408203125,3040.234130859375,1006.4125366210938,4904.72216796875,1655.798095703125,800.319091796875,940.5025024414062,151.03472900390625,4482.49755859375,1140.6336669921875,263.78631591796875,3607.927001953125,1095.3455810546875,3418.1640625,1952.0008544921875,1146.1710205078125,750.0800170898438,637.8616943359375,2905.41845703125,478.083251953125,2439.124755859375,938.5164794921875,1420.23291015625,1312.294189453125,389.2205810546875,781.9030151367188,353.5144958496094,2985.115478515625,4997.5693359375,1552.6656494140625,10536.16796875,1133.0379638671875,229.9774627685547,160.56149291992188,187.0404510498047,1163.593017578125,1341.5107421875,545.9420166015625,1109.153564453125,887.4908447265625,119.57196807861328,3214.18408203125,1120.4996337890625,3287.76513671875,646.1104125976562,8200.48046875,618.1622924804688,192.41294860839844
2023-10-18,2403.143310546875,788.0172119140625,4945.2158203125,3023.536376953125,991.2372436523438,4901.001953125,1626.3809814453125,777.9254760742188,939.7134399414062,149.1185760498047,4489.6591796875,1176.6947021484375,263.412353515625,3602.583984375,1121.6915283203125,3413.526123046875,1933.4638671875,1139.260498046875,739.640625,641.0419921875,2887.287841796875,478.7742004394531,2431.586669921875,928.5302124023438,1404.754638671875,1310.56591796875,387.675537109375,776.2130126953125,349.89263916015625,2964.963623046875,4941.44775390625,1550.9422607421875,10573.06640625,1130.00927734375,226.28396606445312,161.1649169921875,186.4535675048828,1148.1541748046875,1349.469970703125,542.3432006835938,1125.349853515625,875.6134033203125,119.29039764404297,3196.037109375,1110.6756591796875,3262.22607421875,658.72314453125,8177.66064453125,613.859130859375,190.56553649902344
2023-10-19,2398.998779296875,782.3433837890625,4964.88818359375,3028.7607421875,989.7896118164062,5230.36865234375,1632.923828125,775.4531860351562,929.949951171875,150.60890197753906,4484.5439453125,1189.0389404296875,261.62548828125,3599.170654296875,1112.49462890625,3418.505615234375,1953.2366943359375,1137.3756103515625,737.3045654296875,635.078857421875,2990.4853515625,473.74017333984375,2431.44384765625,920.6591796875,1434.42529296875,1304.288330078125,386.60260009765625,772.30419921875,346.9093933105469,2973.5302734375,5231.50048828125,1545.7227783203125,10556.6513671875,1172.2408447265625,223.9463348388672,160.60458374023438,185.82151794433594,1139.33544921875,1341.311767578125,540.9699096679688,1113.7392578125,875.3201293945312,118.25798797607422,3175.270751953125,1096.6881103515625,3264.11376953125,659.0187377929688,8414.990234375,606.9345703125,184.88294982910156
2023-10-20,2390.56005859375,783.1328125,4945.51416015625,3032.71533203125,978.7575073242188,5236.759765625,1633.223388671875,768.2984619140625,932.1689453125,147.50050354003906,4462.6689453125,1166.5858154296875,259.630859375,3516.605712890625,1100.3243408203125,3398.68505859375,1924.2203369140625,1140.320556640625,741.125,636.0230712890625,2940.489013671875,465.6462707519531,2380.91748046875,917.7075805664062,1452.9693603515625,1298.4656982421875,376.21649169921875,761.3695678710938,353.1253967285156,2932.59375,5191.62548828125,1534.5943603515625,10511.5205078125,1179.3984375,225.3489227294922,160.51837158203125,183.15789794921875,1135.8525390625,1355.7381591796875,533.298583984375,1114.4219970703125,878.79052734375,115.53617095947266,3211.01513671875,1095.33154296875,3245.779296875,653.5006713867188,8358.189453125,596.9434814453125,183.2693634033203
2023-10-23,2305.5732421875,761.22705078125,4937.56591796875,2999.662353515625,962.7335815429688,5156.72021484375,1611.347900390625,771.2355346679688,926.3502807617188,145.9675750732422,4414.53466796875,1150.6451416015625,254.3950653076172,3463.8212890625,1096.8966064453125,3364.951416015625,1881.115966796875,1120.433349609375,732.9730834960938,621.4132080078125,2884.26611328125,450.791015625,2369.80078125,914.9527587890625,1419.243896484375,1281.5440673828125,374.1564636230469,741.1329956054688,347.3683166503906,2879.974853515625,4986.0673828125,1541.3895263671875,10342.9541015625,1175.4176025390625,221.1879119873047,159.3545684814453,180.35882568359375,1118.1163330078125,1331.6112060546875,523.685791015625,1095.1524658203125,863.2959594726562,112.62665557861328,3133.46240234375,1081.5311279296875,3199.619873046875,637.8824462890625,8224.041015625,580.3740844726562,179.2003631591797
2023-10-25,2253.9921875,758.9080810546875,4828.62158203125,2988.72607421875,953.89794921875,5101.29248046875,1609.6497802734375,760.9064331054688,909.8804931640625,144.7540283203125,4417.603515625,1125.0330810546875,257.8855895996094,3406.93115234375,1089.369140625,3304.46435546875,1856.1036376953125,1113.5020751953125,728.3252563476562,612.667236328125,2876.024658203125,455.2327880859375,2363.884765625,901.3260498046875,1397.188720703125,1262.560302734375,371.40972900390625,740.48974609375,344.8340148925781,2838.892333984375,4988.271484375,1545.279541015625,10377.451171875,1178.5726318359375,216.9801483154297,158.92355346679688,180.1331024169922,1115.5225830078125,1307.4842529296875,526.7637329101562,1093.054931640625,870.0411987304688,113.89370727539062,3115.039794921875,1068.6195068359375,3167.91943359375,628.5214233398438,8155.9775390625,573.894775390625,178.59234619140625
2023-10-26,2200.263916015625,760.1415405273438,4729.662109375,2890.5927734375,970.470947265625,5017.38916015625,1558.2572021484375,733.9439086914062,893.0162963867188,142.64625549316406,4392.318359375,1118.6180419921875,253.6886444091797,3370.274169921875,1071.2125244140625,3248.224853515625,1828.5208740234375,1116.039306640625,712.2158813476562,602.1322631835938,2849.5615234375,450.74163818359375,2363.02587890625,893.9962768554688,1399.1173095703125,1252.7918701171875,372.8260498046875,721.0943603515625,338.2089538574219,2788.755859375,4956.11376953125,1483.2359619140625,10216.0400390625,1143.7391357421875,216.6061248779297,155.94935607910156,179.63648986816406,1099.9849853515625,1298.9775390625,518.0506591796875,1076.8583984375,860.6075439453125,112.53280639648438,3066.01806640625,1043.638427734375,3081.41357421875,617.3866577148438,8105.5478515625,555.0006713867188,176.90859985351562
2023-10-27,2258.68603515625,772.0319213867188,4799.11279296875,2885.563720703125,1001.12109375,5126.33544921875,1564.6500244140625,742.38916015625,901.9907836914062,142.62498474121094,4398.6513671875,1141.3626708984375,260.91912841796875,3375.765380859375,1066.34228515625,3314.667724609375,1834.8975830078125,1149.47119140625,715.0143432617188,604.9151000976562,2849.790283203125,450.24810791015625,2368.41748046875,898.0301513671875,1425.4747314453125,1272.05224609375,372.31103515625,724.3599243164062,339.7754211425781,2825.068115234375,4975.8388671875,1487.8646240234375,10349.86328125,1168.578125,221.23468017578125,159.26837158203125,181.4423370361328,1119.40087890625,1296.291259765625,531.4517822265625,1084.273681640625,871.116455078125,112.53280639648438,3079.065673828125,1048.41015625,3101.18896484375,631.6746215820312,8110.33984375,552.6265869140625,178.82620239257812
2023-10-30,2296.0361328125,774.597412109375,4810.58837890625,2897.232421875,987.5932006835938,5064.6591796875,1559.35595703125,741.978759765625,913.480224609375,147.71339416503906,4347.30224609375,1160.02490234375,261.417724609375,3367.305908203125,1056.07861328125,3278.34619140625,1857.4383544921875,1145.8924560546875,722.7770385742188,603.8715209960938,2848.096435546875,450.74163818359375,2365.4111328125,909.9841918945312,1438.6781005859375,1269.0111083984375,369.47845458984375,726.8338012695312,342.7287902832031,2848.870849609375,4954.86279296875,1475.06201171875,10190.1181640625,1174.1522216796875,219.36456298828125,162.75975036621094,181.35205078125,1142.47265625,1319.4730224609375,535.2874145507812,1088.0787353515625,873.5115966796875,111.82888793945312,3104.426513671875,1054.351318359375,3096.965576171875,619.3081665039062,8299.4619140625,532.8422241210938,178.66250610351562
2023-10-31,2291.591796875,774.3507080078125,4788.87890625,2925.158935546875,980.2550659179688,5069.572265625,1567.796630859375,740.9503784179688,901.7936401367188,148.7140655517578,4313.10107421875,1166.3914794921875,261.16839599609375,3352.415771484375,1060.4647216796875,3217.713134765625,1865.24853515625,1156.085205078125,718.5914916992188,614.5555419921875,2827.951416015625,453.5547790527344,2370.27783203125,900.588134765625,1425.4747314453125,1261.0396728515625,367.7187805175781,728.6644897460938,347.0989685058594,2851.49951171875,4869.4140625,1436.45703125,10184.8251953125,1177.2174072265625,220.48663330078125,160.4752655029297,182.5258331298828,1130.3192138671875,1360.9117431640625,535.6188354492188,1062.125732421875,880.3057250976562,111.45346069335938,3095.422119140625,1060.198974609375,3169.7080078125,619.4559936523438,8319.861328125,534.6722412109375,178.56893920898438
2023-11-01,2214.34521484375,758.9080810546875,4765.67822265625,2865.44873046875,970.221435546875,5098.478515625,1571.0927734375,738.8983764648438,900.856689453125,151.97149658203125,4284.64892578125,1167.6065673828125,254.85220336914062,3310.564208984375,1056.2960205078125,3204.72705078125,1847.304931640625,1140.6376953125,717.6180419921875,616.2451171875,2831.705810546875,456.71337890625,2359.066162109375,899.30908203125,1416.8702392578125,1247.9078369140625,367.4613342285156,716.888671875,344.1056823730469,2818.642822265625,4810.04248046875,1432.517822265625,10023.560546875,1166.3660888671875,217.4944305419922,160.9494171142578,181.4423370361328,1135.0125732421875,1329.2730712890625,536.4239501953125,1089.054443359375,882.8963623046875,109.43557739257812,3060.412841796875,1052.667236328125,3153.5595703125,618.5198974609375,8279.5576171875,526.3133544921875,178.17141723632812
2023-11-02,2212.347900390625,764.0391845703125,4855.54638671875,2885.807861328125,981.3533325195312,5073.72216796875,1573.83984375,736.6436157226562,911.11328125,153.52569580078125,4411.27001953125,1174.6534423828125,256.6805419921875,3308.239013671875,1054.725341796875,3259.453125,1876.1728515625,1153.729736328125,718.7131958007812,615.499755859375,2794.758056640625,468.0645751953125,2390.353759765625,905.114013671875,1445.1561279296875,1262.652587890625,370.07928466796875,725.69580078125,346.75970458984375,2840.83935546875,4830.5859375,1447.3885498046875,10097.8955078125,1178.0478515625,219.9723358154297,160.51837158203125,183.38363647460938,1146.2767333984375,1336.685302734375,541.8222045898438,1105.299560546875,890.8146362304688,110.8434066772461,3087.4736328125,1054.9368896484375,3181.48388671875,627.1419677734375,8356.1640625,534.9194946289062,179.43418884277344
2023-11-03,2226.87841796875,784.859619140625,5120.03466796875,2912.805419921875,987.24365234375,5121.94677734375,1534.4339599609375,732.9254150390625,917.9181518554688,153.9302215576172,4423.2548828125,1172.563720703125,259.29852294921875,3315.164794921875,1039.818603515625,3347.03466796875,1874.6405029296875,1147.2515869140625,722.1199340820312,618.2825317382812,2828.912841796875,469.0516357421875,2411.93310546875,918.7406616210938,1434.326416015625,1280.069580078125,371.8818054199219,738.2632446289062,345.8717041015625,2834.170654296875,4941.150390625,1446.6990966796875,10071.140625,1172.5391845703125,221.24685668945312,163.79425048828125,184.5574188232422,1146.0296630859375,1322.6070556640625,547.5520629882812,1113.348876953125,893.209716796875,110.09256744384766,3079.02001953125,1071.581298828125,3254.027587890625,638.0302734375,8418.9912109375,544.3665771484375,179.38743591308594
2023-11-06,2243.0068359375,791.8655395507812,5131.70849609375,2963.13134765625,1007.7603149414062,5158.103515625,1562.65234375,747.8133544921875,926.251708984375,155.95281982421875,4505.15185546875,1170.3765869140625,263.0799255371094,3469.51025390625,1054.646240234375,3428.025390625,1896.8846435546875,1150.37744140625,727.3518676757812,617.984375,2899.878173828125,475.7143249511719,2400.542236328125,930.2027587890625,1454.1068115234375,1293.2017822265625,373.6843566894531,746.1302490234375,347.25860595703125,2896.670654296875,4955.294921875,1465.7061767578125,10079.51953125,1186.7325439453125,222.6630096435547,166.6391143798828,187.988525390625,1155.564697265625,1325.0943603515625,543.9531860351562,1122.0323486328125,898.0487060546875,112.06352233886719,3105.988525390625,1080.1400146484375,3246.624267578125,636.6015014648438,8535.90234375,548.7191162109375,179.9019012451172
2023-11-07,2230.373779296875,786.9810791015625,5103.78955078125,2967.093017578125,1019.2416381835938,5169.6943359375,1568.04638671875,741.2420654296875,924.22998046875,158.7418670654297,4535.94287109375,1182.380859375,261.16839599609375,3444.478759765625,1067.7352294921875,3426.170166015625,1899.7022705078125,1154.227783203125,723.8233642578125,618.6304321289062,2866.318603515625,478.2806396484375,2399.62939453125,932.8099975585938,1470.0794677734375,1294.1231689453125,371.40972900390625,740.78662109375,349.463623046875,2882.8955078125,4991.18701171875,1457.2860107421875,10048.599609375,1190.638671875,225.77845764160156,166.55288696289062,187.8079376220703,1148.0552978515625,1334.0487060546875,549.0673828125,1142.472900390625,901.3724365234375,112.29816436767578,3096.9833984375,1086.6181640625,3249.75439453125,635.5668334960938,8580.1572265625,546.0482177734375,179.27049255371094
2023-11-08,2256.938232421875,807.8507690429688,5078.05517578125,3027.640869140625,1020.0403442382812,5149.279296875,1573.7398681640625,737.7166137695312,923.83544921875,163.59613037109375,4550.9482421875,1206.2431640625,263.78631591796875,3453.8779296875,1077.4556884765625,3466.446044921875,1911.8624267578125,1148.5201416015625,725.9161987304688,614.953125,2868.012451171875,481.7353515625,2421.64111328125,920.6591796875,1472.6014404296875,1281.8665771484375,375.0577087402344,748.8021240234375,348.46588134765625,2917.114501953125,5035.88427734375,1464.8199462890625,10116.2216796875,1186.3416748046875,223.4654541015625,168.40634155273438,186.90499877929688,1154.033203125,1338.6751708984375,549.5882568359375,1148.0831298828125,895.7514038085938,111.73503112792969,3107.18310546875,1077.302978515625,3291.14404296875,633.1527099609375,8593.0986328125,549.7083740234375,178.75604248046875
2023-11-09,2211.698486328125,795.5164794921875,5263.50537109375,3012.91943359375,1020.2400512695312,5169.5986328125,1580.482421875,730.472900390625,919.49609375,163.31932067871094,4532.921875,1203.4730224609375,268.8974609375,3461.3974609375,1078.324951171875,3458.244384765625,1912.9993896484375,1148.3841552734375,723.044677734375,617.5371704101562,2906.2880859375,478.1819763183594,2380.645263671875,922.2333374023438,1490.7994384765625,1266.9376220703125,372.86895751953125,743.0131225585938,348.2064514160156,2944.762939453125,5056.38037109375,1528.4884033203125,10192.71484375,1183.6641845703125,224.6455841064453,166.12185668945312,189.43319702148438,1141.50927734375,1343.8486328125,547.741455078125,1147.59521484375,882.60302734375,112.29816436767578,3075.849365234375,1062.9281005859375,3263.219482421875,639.8532104492188,8522.1708984375,544.4655151367188,178.1246337890625
2023-11-10,2202.161376953125,797.8846435546875,5244.52783203125,3009.25146484375,1027.528076171875,5143.984375,1594.217041015625,736.2183837890625,922.6026611328125,163.5322265625,4562.00732421875,1205.368408203125,268.7727966308594,3456.153564453125,1071.7952880859375,3457.121337890625,1920.9083251953125,1137.466552734375,725.8917846679688,622.904052734375,2843.380615234375,475.07269287109375,2390.113525390625,923.4632568359375,1482.3433837890625,1261.454345703125,374.71441650390625,746.8724365234375,348.30621337890625,2952.9404296875,5063.54931640625,1500.962646484375,10181.39453125,1179.288818359375,229.1772003173828,168.88047790527344,190.65213012695312,1143.6583251953125,1348.52490234375,548.8306884765625,1150.668701171875,892.232177734375,112.67359161376953,3062.985595703125,1076.357177734375,3235.990966796875,641.5283203125,8604.9521484375,541.2505493164062,177.3997039794922
2023-11-13,2210.699951171875,799.1180419921875,5187.04931640625,3018.20166015625,1023.684326171875,5175.60888671875,1583.428955078125,727.9166259765625,922.1095581054688,164.83096313476562,4576.03857421875,1205.805908203125,290.3395080566406,3472.775390625,1070.797607421875,3559.299560546875,1906.919189453125,1142.494873046875,724.5777587890625,617.239013671875,2855.833740234375,481.1924743652344,2382.038818359375,919.3801879882812,1493.0247802734375,1265.7857666015625,374.2423095703125,753.1561279296875,348.8550109863281,2967.786865234375,5062.53857421875,1516.8675537109375,10190.8037109375,1176.7802734375,231.96224975585938,168.79429626464844,191.6905059814453,1143.51025390625,1321.6121826171875,550.5827026367188,1149.156494140625,895.9957275390625,113.56521606445312,3061.23974609375,1069.92626953125,3244.33837890625,643.6962280273438,8571.9091796875,546.74072265625,178.49879455566406
2023-11-15,2222.43408203125,800.0061645507812,5191.322265625,3048.13330078125,1039.6583251953125,5281.9794921875,1585.277099609375,714.4131469726562,936.9027709960938,167.15162658691406,4590.11767578125,1206.97216796875,291.37835693359375,3499.3408203125,1070.8173828125,3757.407470703125,1921.8475341796875,1156.6741943359375,732.1700439453125,632.246337890625,2909.9052734375,498.86090087890625,2389.968994140625,925.9229125976562,1477.5465087890625,1299.836669921875,379.3495178222656,764.7835083007812,353.1054382324219,2983.801025390625,5197.78466796875,1520.708251953125,10247.302734375,1181.08935546875,233.47279357910156,171.9839630126953,189.74920654296875,1164.185791015625,1350.21630859375,553.7554321289062,1152.1810302734375,908.7531127929688,116.42781066894531,3128.0869140625,1110.0244140625,3275.34326171875,661.728515625,8660.3212890625,555.7425537109375,183.1758270263672
2023-11-16,2202.960205078125,802.8184204101562,5304.38916015625,3061.92529296875,1024.6827392578125,5295.5263671875,1618.8394775390625,728.0748291015625,936.458984375,169.74903869628906,4581.640625,1200.216796875,287.3891906738281,3510.61962890625,1095.375244140625,3746.13037109375,1920.512939453125,1187.841552734375,734.0924072265625,631.0537109375,3003.488037109375,497.7751159667969,2394.582763671875,920.9051513671875,1482.195068359375,1331.537841796875,376.5169677734375,761.1221923828125,353.77392578125,2970.366455078125,5311.1865234375,1545.6734619140625,10275.1845703125,1176.635986328125,238.24041748046875,173.96673583984375,190.7156982421875,1166.285400390625,1353.0517578125,553.7081298828125,1160.6207275390625,899.4172973632812,117.03787231445312,3214.047119140625,1141.6583251953125,3315.09326171875,670.4491577148438,8668.37109375,554.8027954101562,185.7248077392578
2023-11-17,2205.856689453125,799.3154907226562,5443.6875,3099.68212890625,992.7348022460938,5372.41796875,1614.0948486328125,714.0867919921875,934.239990234375,166.17225646972656,4597.42578125,1214.407958984375,286.93206787109375,3562.662109375,1108.6717529296875,3774.006103515625,1948.145263671875,1186.1199951171875,732.5106811523438,647.80029296875,3053.575927734375,491.30987548828125,2430.724609375,906.9833374023438,1481.9971923828125,1324.7645263671875,377.0319519042969,760.7758178710938,352.1276550292969,3026.684814453125,5310.224609375,1560.4951171875,10313.4052734375,1190.81201171875,237.53237915039062,169.2684326171875,192.8327178955078,1163.7412109375,1406.7779541015625,533.251220703125,1165.5478515625,909.97509765625,117.50714874267578,3218.27392578125,1137.4498291015625,3317.975341796875,671.5823364257812,8684.0791015625,555.693115234375,184.92971801757812
2023-11-20,2146.985107421875,792.9508666992188,5438.7197265625,3071.755859375,987.093994140625,5390.20947265625,1592.01953125,699.015869140625,948.1456298828125,166.91741943359375,4591.287109375,1212.17236328125,289.0097351074219,3633.9970703125,1107.2095947265625,3755.60107421875,1949.875244140625,1200.8428955078125,732.559326171875,648.3966674804688,3064.19775390625,490.8656921386719,2409.2412109375,906.58984375,1488.2774658203125,1323.8890380859375,374.928955078125,753.8983154296875,353.31494140625,3007.019775390625,5346.40576171875,1528.6361083984375,10355.302734375,1187.367431640625,237.01312255859375,170.56155395507812,192.6486358642578,1160.6781005859375,1378.2733154296875,533.9141845703125,1159.1082763671875,909.97509765625,116.7093734741211,3234.032470703125,1146.0086669921875,3324.931396484375,664.4383544921875,8556.203125,550.6975708007812,187.17469787597656
2023-11-21,2193.72265625,790.730712890625,5431.615234375,3064.81103515625,990.1889038085938,5424.36328125,1608.6009521484375,702.4326171875,957.4652709960938,165.2141876220703,4579.3505859375,1218.150146484375,290.4873962402344,3682.131591796875,1115.56689453125,3753.404296875,1954.9666748046875,1201.9298095703125,738.7645874023438,663.801513671875,3091.805419921875,500.2921447753906,2408.088134765625,911.164794921875,1485.5577392578125,1326.1007080078125,374.4569091796875,767.7026977539062,352.6464538574219,2993.439208984375,5311.90869140625,1536.071533203125,10324.82421875,1190.8314208984375,236.0218048095703,169.76243591308594,192.32644653320312,1175.2769775390625,1416.4288330078125,531.7832641601562,1172.1824951171875,906.8958129882812,118.49263000488281,3225.394775390625,1139.1048583984375,3373.2275390625,671.7301635742188,8602.4833984375,556.9790649414062,187.38514709472656
2023-11-22,2169.754638671875,781.4059448242188,5496.3955078125,3064.566162109375,996.4786376953125,5486.94482421875,1622.0859375,704.9246215820312,956.3804931640625,171.2180938720703,4573.94384765625,1235.888916015625,288.7054748535156,3662.4423828125,1119.1429443359375,3743.25,1951.65478515625,1204.7386474609375,736.1365966796875,664.3978271484375,3125.777587890625,493.77752685546875,2424.09228515625,907.8688354492188,1454.2552490234375,1343.4256591796875,377.418212890625,760.429443359375,348.3461608886719,3000.69189453125,5344.04736328125,1520.0189208984375,10285.0341796875,1189.7274169921875,239.4677276611328,169.58485412597656,194.76564025878906,1179.87158203125,1422.8460693359375,529.3682250976562,1174.8167724609375,907.4334106445312,118.35183715820312,3243.72607421875,1149.4130859375,3408.40625,671.2374877929688,8653.40625,559.7984008789062,187.19805908203125
2023-11-23,2172.35107421875,782.590087890625,5458.5908203125,3054.735595703125,997.4271240234375,5652.65380859375,1622.1357421875,699.5152587890625,963.1853637695312,175.1355438232422,4585.24560546875,1137.8636474609375,290.7047424316406,3649.38232421875,1115.2113037109375,3792.069091796875,1934.650390625,1204.1044921875,740.3950805664062,660.9193115234375,3267.1591796875,495.4555358886719,2422.169677734375,908.1148071289062,1469.78271484375,1335.5465087890625,377.97613525390625,767.455322265625,347.0789794921875,2965.01220703125,5264.853515625,1522.3824462890625,10279.1044921875,1191.801513671875,238.61807250976562,169.27410888671875,194.12132263183594,1183.4781494140625,1403.7930908203125,530.3153076171875,1169.6456298828125,912.076904296875,118.91497802734375,3223.603515625,1145.1573486328125,3387.090087890625,670.0057373046875,8500.63671875,559.7984008789062,188.2504119873047
2023-11-24,2222.484130859375,785.0076293945312,5366.53662109375,3067.647216796875,1006.86181640625,5657.47119140625,1615.4432373046875,694.2890014648438,959.733642578125,174.83749389648438,4525.17529296875,1165.079345703125,289.2705078125,3724.873291015625,1115.507568359375,3758.139892578125,1927.235595703125,1186.1199951171875,745.6512451171875,663.9009399414062,3249.394775390625,501.22979736328125,2417.652099609375,914.41162109375,1459.991455078125,1324.6263427734375,375.787353515625,773.887451171875,348.0168762207031,2973.384521484375,5266.056640625,1529.6209716796875,10305.712890625,1179.3743896484375,239.70375061035156,167.67591857910156,193.7071075439453,1182.6876220703125,1402.549560546875,530.694091796875,1166.3770751953125,906.1137084960938,118.21106719970703,3176.60302734375,1132.81591796875,3375.7119140625,663.84716796875,8452.1826171875,552.92333984375,185.21034240722656
2023-11-28,2420.2705078125,826.5990600585938,5332.25830078125,3079.580810546875,1019.4912719726562,5722.2001953125,1652.5517578125,704.8455200195312,971.3215942382812,180.75625610351562,4592.70068359375,1158.9071044921875,297.2237548828125,3720.2724609375,1121.3656005859375,3736.31787109375,1953.4342041015625,1192.915283203125,743.9721069335938,669.1683349609375,3316.60595703125,508.92889404296875,2413.182373046875,910.5745239257812,1461.32666015625,1329.51025390625,373.5985107421875,774.184326171875,347.66766357421875,2969.2470703125,5272.45556640625,1542.27587890625,10327.1748046875,1183.2659912109375,243.149658203125,172.20411682128906,193.47702026367188,1182.9346923828125,1405.2855224609375,534.5771484375,1162.376708984375,910.9526977539062,119.0557632446289,3188.59423828125,1137.1190185546875,3420.877685546875,687.299072265625,8620.4130859375,557.4736938476562,185.60787963867188
2023-11-29,2393.40625,824.4775390625,5387.0537109375,3079.580810546875,1058.427978515625,5790.69677734375,1651.65283203125,705.0977172851562,981.6768798828125,182.5233612060547,4680.58935546875,1167.8980712890625,297.5713806152344,3690.19482421875,1129.179443359375,3722.208984375,1980.4732666015625,1208.5892333984375,758.8161010742188,671.5039672851562,3430.974609375,510.7549743652344,2427.120361328125,924.4470825195312,1467.2608642578125,1345.0843505859375,375.2723083496094,784.9706420898438,349.90264892578125,3002.103271484375,5377.58203125,1594.5205078125,10387.6435546875,1175.8834228515625,243.9521484375,170.4727325439453,194.25941467285156,1186.047119140625,1400.7088623046875,538.5075073242188,1172.9630126953125,912.6145629882812,119.90045928955078,3228.656494140625,1155.37109375,3407.85986328125,701.9318237304688,8626.5859375,563.9036254882812,190.00430297851562
2023-11-30,2355.406982421875,814.5607299804688,5493.365234375,3051.752197265625,1072.5050048828125,5810.3486328125,1671.6304931640625,704.2868041992188,1000.7107543945312,185.52529907226562,4728.333984375,1178.3470458984375,297.3975830078125,3748.51953125,1143.5625,3804.859619140625,1982.648193359375,1214.88623046875,758.645751953125,686.5112915039062,3497.041259765625,508.978271484375,2446.8251953125,919.8721313476562,1450.0023193359375,1340.983642578125,374.07061767578125,792.7386474609375,350.3017578125,3026.87939453125,5327.73779296875,1622.735595703125,10396.9052734375,1184.12353515625,246.6899871826172,173.09197998046875,192.32644653320312,1174.5606689453125,1427.9698486328125,534.8612670898438,1196.0379638671875,919.6531372070312,120.04125213623047,3204.628173828125,1154.66162109375,3468.7763671875,696.0689086914062,8894.193359375,564.4971923828125,193.18466186523438
2023-12-01,2359.55126953125,816.8302612304688,5555.1650390625,3104.083740234375,1102.855712890625,5767.896484375,1684.06640625,717.8792724609375,1000.7107543945312,186.5046844482422,4843.408203125,1171.9317626953125,301.3089599609375,3752.477294921875,1135.9066162109375,3799.294189453125,1993.1278076171875,1211.0809326171875,756.9910278320312,677.964111328125,3442.969970703125,510.5082092285156,2464.222900390625,931.4326171875,1445.0079345703125,1338.357177734375,386.08758544921875,802.33740234375,349.31396484375,3106.1728515625,5366.56396484375,1600.8233642578125,10374.3642578125,1189.1290283203125,253.9122772216797,172.73684692382812,193.47702026367188,1182.8853759765625,1416.4288330078125,541.4907836914062,1201.3065185546875,921.7059936523438,122.01221466064453,3226.72705078125,1154.283447265625,3467.683349609375,695.1328125,8924.025390625,568.9486083984375,190.65907287597656
2023-12-04,2527.82666015625,867.0064697265625,5586.36328125,3124.77197265625,1123.771484375,5916.3857421875,1694.35498046875,732.544677734375,1018.659912109375,196.51119995117188,4811.25390625,1182.429443359375,308.3060302734375,3757.820068359375,1137.2105712890625,4081.615234375,2029.6082763671875,1212.21337890625,783.2720336914062,670.8082885742188,3476.942138671875,512.5316772460938,2501.374267578125,975.2149658203125,1498.019287109375,1349.4617919921875,389.7356262207031,811.0455322265625,362.8934020996094,3225.8193359375,5366.9013671875,1631.697509765625,10387.83984375,1192.2655029296875,259.4351501464844,179.39593505859375,195.96218872070312,1195.6810302734375,1446.624755859375,563.2261962890625,1201.2091064453125,925.4208374023438,122.95077514648438,3227.46240234375,1157.4515380859375,3466.590087890625,695.2805786132812,9204.474609375,572.658203125,190.56553649902344
2023-12-05,2955.406494140625,999.6746826171875,5544.28564453125,3155.779296875,1130.6103515625,5857.61962890625,1690.808837890625,726.8238525390625,1016.8847045898438,201.0673828125,4821.630859375,1190.15673828125,309.0448303222656,3701.473876953125,1141.2508544921875,4038.80078125,2048.78759765625,1193.7305908203125,790.2315673828125,668.6217651367188,3485.778564453125,513.91357421875,2463.8388671875,997.106201171875,1490.0576171875,1339.877685546875,387.7613830566406,813.1236572265625,364.86895751953125,3227.668701171875,5280.53857421875,1660.4542236328125,10507.845703125,1202.335205078125,269.4897155761719,179.39593505859375,204.61436462402344,1204.3514404296875,1453.5394287109375,576.0590209960938,1209.4046630859375,928.7445068359375,123.51390838623047,3245.058349609375,1154.3306884765625,3523.134521484375,698.5816040039062,9216.3291015625,575.1312255859375,189.11566162109375
2023-12-06,2880.106689453125,1004.4603881835938,5507.42431640625,3181.504638671875,1118.6798095703125,5790.69677734375,1698.450439453125,734.4680786132812,1010.3262939453125,201.34413146972656,4874.978515625,1171.44580078125,306.0895690917969,3694.84521484375,1132.1429443359375,3951.41455078125,2034.3536376953125,1204.6029052734375,792.2271118164062,673.1934814453125,3443.931884765625,516.2332153320312,2468.06787109375,987.0706176757812,1485.112548828125,1358.6312255859375,397.6324768066406,816.0923461914062,363.46209716796875,3302.484130859375,5426.99462890625,1676.555908203125,10413.6142578125,1219.9044189453125,265.38299560546875,179.30712890625,206.54730224609375,1215.887451171875,1443.3414306640625,576.2484741210938,1210.185302734375,930.3575439453125,123.74854278564453,3311.676513671875,1158.6810302734375,3524.724365234375,711.8841552734375,9100.998046875,582.2041625976562,195.8505859375
2023-12-07,2883.30224609375,1025.8729248046875,5426.25,3180.771240234375,1116.0341796875,5813.2587890625,1702.1463623046875,730.9179077148438,986.2134399414062,202.1318817138672,4887.4990234375,1188.552978515625,305.9157409667969,3694.74609375,1142.9599609375,3994.375244140625,2058.0810546875,1203.198486328125,793.5167236328125,674.1376953125,3454.55322265625,509.37310791015625,2420.583740234375,982.88916015625,1488.22802734375,1350.89013671875,393.2119140625,810.600341796875,364.5496520996094,3266.756103515625,5357.08642578125,1666.9539794921875,10483.099609375,1220.234130859375,267.93194580078125,176.59909057617188,211.70176696777344,1213.886474609375,1448.3658447265625,579.3264770507812,1209.160888671875,935.44091796875,122.01221466064453,3321.599853515625,1156.8367919921875,3562.983642578125,711.3914794921875,9240.8271484375,580.2257080078125,195.61671447753906
2023-12-08,2818.388916015625,1009.3941650390625,5519.595703125,3161.40380859375,1129.3624267578125,5796.1826171875,1708.239501953125,722.6506958007812,986.4599609375,200.32220458984375,4815.59033203125,1184.9566650390625,305.0899963378906,3642.7041015625,1138.771484375,3959.2255859375,2046.513671875,1235.9058837890625,804.5888061523438,667.1309814453125,3402.451416015625,513.617431640625,2424.476806640625,994.5480346679688,1492.3818359375,1374.1591796875,385.5296936035156,830.5894165039062,366.8644714355469,3289.000732421875,5493.24560546875,1643.2198486328125,10406.5576171875,1211.1636962890625,269.11212158203125,173.9798583984375,210.4131622314453,1213.244140625,1457.767822265625,581.6468505859375,1205.7459716796875,925.3718872070312,121.26136779785156,3332.4423828125,1158.775634765625,3611.92578125,704.0997314453125,9299.109375,578.8903198242188,197.6512451171875
2023-12-11,2851.994140625,1018.2255859375,5511.64697265625,3162.382080078125,1114.6864013671875,5855.99755859375,1700.897705078125,721.1822509765625,987.0516967773438,198.21444702148438,4817.48974609375,1168.627197265625,307.39337158203125,3631.573486328125,1081.3970947265625,3930.56884765625,2060.354736328125,1246.05322265625,803.5181884765625,668.3732299804688,3392.287109375,515.6409912109375,2406.55029296875,1000.697265625,1505.1402587890625,1371.7169189453125,388.3621826171875,836.2794189453125,367.9819641113281,3296.15625,5552.85791015625,1627.117919921875,10331.291015625,1223.566162109375,271.23626708984375,175.62245178222656,212.57620239257812,1215.022705078125,1453.1912841796875,581.7415771484375,1211.2095947265625,929.1356201171875,122.05914306640625,3347.328125,1166.34130859375,3607.8017578125,710.25830078125,9553.3310546875,595.9048461914062,196.7158203125
2023-12-12,2853.841552734375,1028.1424560546875,5394.00927734375,3154.312255859375,1129.162841796875,5966.47021484375,1704.84326171875,723.3380126953125,981.5288696289062,199.57449340820312,4777.44287109375,1165.079345703125,302.04779052734375,3608.916259765625,1094.604736328125,3858.4140625,2057.092041015625,1246.05322265625,795.5364990234375,703.0094604492188,3431.203857421875,520.6256103515625,2405.684814453125,999.31982421875,1480.5631103515625,1360.2440185546875,388.9201965332031,844.9381103515625,364.05078125,3253.9052734375,5540.68505859375,1610.5731201171875,10132.001953125,1218.861083984375,267.5543518066406,173.4915313720703,212.94436645507812,1197.5830078125,1473.935546875,579.989501953125,1188.3787841796875,927.4736938476562,122.1060791015625,3374.158935546875,1159.57958984375,3549.071044921875,704.9373168945312,9743.58984375,591.2554931640625,197.4641571044922
2023-12-13,2871.21875,1049.40673828125,5391.82373046875,3172.799072265625,1113.0390625,6025.5224609375,1682.6680908203125,717.7457885742188,986.1148071289062,199.55221557617188,4793.2763671875,1182.429443359375,300.04864501953125,3617.22705078125,1106.123046875,3937.5009765625,2060.255615234375,1240.52685546875,793.7357788085938,693.9155883789062,3537.560302734375,525.9556884765625,2414.47998046875,997.5488891601562,1490.3543701171875,1335.3160400390625,391.10894775390625,842.5137329101562,364.4199523925781,3309.78564453125,5511.33642578125,1640.8563232421875,10172.8193359375,1223.61279296875,277.6088562011719,171.49378967285156,218.0988311767578,1202.4739990234375,1459.3599853515625,587.0451049804688,1203.1114501953125,935.8319091796875,123.32618713378906,3301.98193359375,1150.0750732421875,3579.827880859375,709.765625,9620.751953125,592.8876953125,196.27149963378906
2023-12-14,2890.193115234375,1060.4583740234375,5480.3994140625,3170.549560546875,1118.6298828125,6043.40966796875,1729.0162353515625,739.1257934570312,991.3417358398438,198.7495574951172,4819.92578125,1170.911376953125,302.13470458984375,3644.138427734375,1101.12451171875,3989.6396484375,2079.97900390625,1281.6600341796875,803.1044311523438,680.3493041992188,3556.194091796875,536.0731201171875,2418.7578125,1016.9803466796875,1534.6624755859375,1383.6510009765625,394.92864990234375,838.555419921875,369.93756103515625,3342.2041015625,5719.95361328125,1677.6885986328125,10146.5068359375,1211.344482421875,278.8833923339844,173.9798583984375,213.63470458984375,1217.39404296875,1462.394287109375,590.6441040039062,1201.3553466796875,929.1356201171875,123.88932037353516,3369.7021484375,1196.0364990234375,3568.946044921875,709.2236328125,9842.17578125,592.6898803710938,203.1701202392578
2023-12-15,2987.81298828125,1064.2574462890625,5515.47265625,3241.5146484375,1118.530029296875,5986.50390625,1731.2138671875,743.16552734375,978.8661499023438,200.22109985351562,4788.0146484375,1173.2926025390625,304.2207946777344,3657.841796875,1104.305419921875,3964.009765625,2103.508544921875,1351.1519775390625,806.2192993164062,668.9695434570312,3568.0068359375,550.0400390625,2425.053466796875,1020.669921875,1553.5528564453125,1454.5638427734375,393.2977600097656,858.1488037109375,369.28900146484375,3395.650390625,5897.97119140625,1698.7635498046875,10081.0400390625,1190.487060546875,288.0410461425781,178.508056640625,218.467041015625,1232.9317626953125,1445.1324462890625,613.942138671875,1205.697021484375,933.290283203125,128.06588745117188,3547.732177734375,1235.188720703125,3578.0390625,721.6886596679688,9907.5234375,604.263671875,208.85269165039062
2023-12-18,2976.628173828125,1079.7987060546875,5463.259765625,3259.268310546875,1109.544677734375,6168.240234375,1722.67333984375,750.3399658203125,976.5978393554688,199.4407501220703,4754.49658203125,1182.7210693359375,302.17816162109375,3673.672119140625,1104.62158203125,3989.00537109375,2085.762451171875,1362.929931640625,805.8055419921875,668.1248168945312,3561.780029296875,559.0716552734375,2437.164794921875,1004.9771118164062,1539.261474609375,1441.6160888671875,387.675537109375,845.9771728515625,368.5606689453125,3399.155029296875,5907.49853515625,1684.8284912109375,10113.576171875,1189.8935546875,286.2472229003906,176.6879119873047,213.4045867919922,1245.4803466796875,1439.610595703125,614.1788330078125,1222.28369140625,928.4024047851562,128.20668029785156,3546.078125,1221.617919921875,3596.969970703125,720.1119995117188,9849.140625,600.0100708007812,208.2447052001953
2023-12-19,2937.33056640625,1059.7677001953125,5519.744140625,3263.180908203125,1118.4302978515625,6123.6884765625,1707.83984375,754.7949829101562,974.8226928710938,200.55555725097656,4785.4326171875,1202.452392578125,318.9537658691406,3684.40673828125,1113.7886962890625,3944.238037109375,2094.166015625,1348.4339599609375,804.44287109375,661.962890625,3499.60546875,557.5416870117188,2461.387451171875,999.0739135742188,1549.3494873046875,1436.040771484375,391.49517822265625,849.7374877929688,368.4808349609375,3406.310302734375,5882.04638671875,1673.55224609375,10029.29296875,1245.369140625,292.3365783691406,177.8421630859375,214.9693603515625,1263.8094482421875,1417.3243408203125,620.7137451171875,1214.6732177734375,944.4835205078125,127.0804214477539,3506.567138671875,1211.8770751953125,3587.876953125,718.2890625,9895.322265625,592.294189453125,205.18125915527344
2023-12-20,2780.140380859375,998.7373046875,5367.43115234375,3225.130859375,1108.446533203125,6071.6484375,1679.0220947265625,741.0789184570312,958.1556396484375,195.96250915527344,4828.013671875,1201.57763671875,306.0895690917969,3581.608642578125,1102.2703857421875,3819.993408203125,2040.087890625,1304.6275634765625,806.438232421875,640.1475219726562,3493.79052734375,541.1071166992188,2458.3115234375,990.4158325195312,1539.063720703125,1415.8590087890625,387.11761474609375,833.4591674804688,364.4798278808594,3327.990478515625,5804.8251953125,1621.9476318359375,9879.984375,1226.21923828125,281.007568359375,180.41700744628906,209.07852172851562,1248.518798828125,1402.101806640625,602.7666625976562,1202.1846923828125,954.4058227539062,121.77757263183594,3473.349853515625,1180.810546875,3531.879638671875,694.9357299804688,9767.248046875,565.98095703125,202.02427673339844
2023-12-21,2796.01904296875,1005.4472045898438,5440.607421875,3230.803955078125,1093.62060546875,5958.98193359375,1664.9879150390625,728.5396728515625,964.4181518554688,200.46636962890625,4929.982421875,1187.6295166015625,309.0013732910156,3594.174072265625,1097.400390625,3864.4677734375,2061.886962890625,1288.4100341796875,820.892822265625,640.2470092773438,3525.519287109375,549.052978515625,2454.178466796875,988.2020874023438,1552.7615966796875,1415.490478515625,387.50390625,833.1129150390625,369.70806884765625,3333.490966796875,5880.41015625,1609.0465087890625,9812.9501953125,1227.103515625,285.0671691894531,179.92864990234375,213.86480712890625,1266.008056640625,1396.629638671875,609.6802368164062,1203.5018310546875,957.3385620117188,122.95077514648438,3480.195556640625,1182.2291259765625,3557.61767578125,698.4830322265625,9833.43359375,571.1744384765625,202.98304748535156
2023-12-22,2804.607421875,1013.8838500976562,5505.73486328125,3268.31640625,1086.5322265625,6078.94580078125,1670.18212890625,721.4343872070312,975.907470703125,199.17318725585938,5028.8818359375,1200.994384765625,315.73773193359375,3655.763916015625,1111.8624267578125,3911.431640625,2022.93505859375,1325.2396240234375,813.1788330078125,635.9236450195312,3603.855712890625,563.0692749023438,2475.709716796875,978.2649536132812,1545.195556640625,1440.280029296875,390.7226867675781,846.3729248046875,371.26458740234375,3385.866455078125,5994.0048828125,1609.4405517578125,10013.171875,1239.445068359375,285.8695983886719,181.08290100097656,213.3125457763672,1267.2430419921875,1387.2276611328125,603.0507202148438,1213.4049072265625,970.5358276367188,125.3440933227539,3513.734375,1205.919189453125,3604.671630859375,714.1012573242188,9847.806640625,575.3785400390625,216.38272094726562
2023-12-26,2861.63134765625,1015.1173095703125,5596.89453125,3309.447998046875,1092.472412109375,6167.142578125,1643.4619140625,708.2819213867188,986.0654907226562,201.38052368164062,5101.81494140625,1210.0826416015625,318.1715087890625,3822.5263671875,1112.74169921875,3944.97021484375,2046.0194091796875,1321.1173095703125,818.8244018554688,634.0850219726562,3724.4970703125,572.3475952148438,2484.5048828125,979.0520629882812,1553.5528564453125,1422.816650390625,391.795654296875,843.4042358398438,376.5227355957031,3397.646240234375,6023.4501953125,1637.0155029296875,10065.6044921875,1248.9039306640625,292.2893981933594,184.1017303466797,214.78526306152344,1273.66552734375,1388.2225341796875,604.2819213867188,1217.161376953125,984.7595825195312,126.8927001953125,3487.5927734375,1212.397216796875,3633.837890625,709.0265502929688,9896.853515625,579.780517578125,219.8671112060547
2023-12-27,2839.560791015625,1010.824951171875,5650.845703125,3330.086669921875,1104.5528564453125,6400.966796875,1667.5848388671875,715.2537841796875,1007.1211547851562,202.7628936767578,5083.1552734375,1205.0281982421875,317.78033447265625,3843.056396484375,1129.011474609375,4022.6904296875,2100.641357421875,1333.7113037109375,828.9718627929688,639.8494262695312,3721.61279296875,597.764404296875,2507.1416015625,986.0867919921875,1579.91015625,1444.1502685546875,392.35357666015625,866.7579956054688,379.61578369140625,3450.16748046875,6049.91259765625,1662.3253173828125,10083.09765625,1256.642822265625,288.9378967285156,182.50352478027344,215.4295654296875,1278.01318359375,1414.1405029296875,614.2262573242188,1221.9908447265625,1003.7244873046875,128.7698211669922,3501.97265625,1210.647705078125,3666.1845703125,730.0643310546875,10309.228515625,576.9118041992188,220.26466369628906
2023-12-28,2806.1552734375,1003.4736938476562,5723.42529296875,3323.04443359375,1106.05029296875,6394.90869140625,1679.32177734375,717.8099365234375,1022.4073486328125,207.71267700195312,5146.68505859375,1225.48876953125,331.1225891113281,3898.16552734375,1157.471435546875,3995.25390625,2115.619140625,1334.073486328125,829.9208374023438,644.1229858398438,3821.376708984375,606.3519287109375,2531.65234375,989.6779174804688,1592.8663330078125,1440.0494384765625,398.362060546875,871.6068115234375,383.4072265625,3424.904541015625,6017.14794921875,1708.119384765625,10066.5341796875,1282.5106201171875,296.3489990234375,184.94517517089844,220.0778045654297,1287.2518310546875,1428.019775390625,616.9254760742188,1231.4549560546875,1017.6549072265625,129.66143798828125,3491.58984375,1216.1328125,3691.872802734375,742.874267578125,10299.5478515625,583.0944213867188,219.5631103515625
2023-12-29,2845.1533203125,1010.7755737304688,5667.388671875,3328.08154296875,1100.5093994140625,6484.53662109375,1683.916748046875,724.6433715820312,1017.969482421875,200.95689392089844,5201.68896484375,1211.3948974609375,326.8200378417969,3862.498046875,1145.48876953125,4045.635498046875,2110.527587890625,1328.3204345703125,831.8676147460938,642.7316284179688,3790.517578125,606.8947143554688,2560.633056640625,980.52783203125,1581.3936767578125,1421.8489990234375,396.64532470703125,871.0625610351562,380.76318359375,3432.64404296875,6057.36962890625,1703.14599609375,10096.6708984375,1298.6533203125,293.75274658203125,182.0595703125,218.3289794921875,1277.074462890625,1425.333251953125,608.0701904296875,1228.8206787109375,1062.4278564453125,131.02235412597656,3485.6171875,1203.554931640625,3652.470458984375,768.543212890625,10375.365234375,580.918212890625,220.42835998535156
2024-01-01,2913.312255859375,1033.9642333984375,5713.0419921875,3321.91943359375,1095.916748046875,6392.81005859375,1674.5272216796875,721.80517578125,999.08349609375,201.58119201660156,5183.51611328125,1215.963134765625,331.8613586425781,3874.37060546875,1150.1810302734375,3942.968994140625,2103.113037109375,1344.3115234375,826.4410400390625,644.7192993164062,3771.288330078125,602.5023803710938,2551.789794921875,983.28271484375,1581.2947998046875,1429.635986328125,401.7525329589844,868.440185546875,380.97271728515625,3432.108642578125,6025.56689453125,1677.4423828125,10078.0009765625,1337.353515625,292.4309997558594,182.32594299316406,219.29541015625,1279.69287109375,1424.8359375,607.4072265625,1229.6011962890625,1055.8780517578125,131.25698852539062,3501.881103515625,1226.7247314453125,3654.16015625,779.0374145507812,10336.7900390625,586.3093872070312,223.16441345214844
2024-01-02,2928.4921875,1064.109375,5709.36669921875,3317.273193359375,1091.47412109375,6358.41845703125,1684.316162109375,734.7598266601562,1007.6143188476562,203.45407104492188,5153.359375,1245.6575927734375,341.2922668457031,3987.2607421875,1170.9554443359375,3800.563720703125,2077.556640625,1331.4461669921875,826.927734375,641.5390014648438,3743.497802734375,609.0169067382812,2512.42822265625,966.4093017578125,1558.300048828125,1414.0157470703125,403.7267761230469,861.1174926757812,372.1725158691406,3347.071533203125,5912.11669921875,1631.0572509765625,9994.1591796875,1330.0614013671875,288.8907165527344,183.8353271484375,218.92724609375,1290.2900390625,1430.357666015625,605.60791015625,1264.677001953125,1073.13232421875,131.02235412597656,3476.244384765625,1208.708984375,3675.128173828125,772.9281616210938,10080.6416015625,588.0405883789062,219.44619750976562
2024-01-03,2998.998046875,1079.749267578125,5731.1748046875,3299.910888671875,1096.8154296875,6665.080078125,1675.7757568359375,730.2850341796875,1020.9281616210938,205.59451293945312,5119.20703125,1263.7366943359375,334.251708984375,3987.8544921875,1171.963134765625,3795.779541015625,2048.639404296875,1302.6346435546875,814.1766357421875,633.2899169921875,3653.440185546875,585.3768310546875,2505.45947265625,968.1802368164062,1583.569580078125,1373.0994873046875,409.6493835449219,828.9072265625,372.3421325683594,3349.261962890625,5736.0712890625,1630.1217041015625,9876.45703125,1301.3355712890625,289.0795593261719,184.90078735351562,218.19088745117188,1276.25927734375,1415.483642578125,609.3961791992188,1267.0185546875,1060.6192626953125,127.03348541259766,3392.21484375,1176.6495361328125,3669.960693359375,770.0213012695312,9988.6240234375,580.5224609375,213.22572326660156
2024-01-04,2994.30419921875,1108.315673828125,5725.1142578125,3306.1220703125,1121.5751953125,6603.6904296875,1700.048583984375,762.0040893554688,1033.453125,201.84873962402344,5223.953125,1260.3345947265625,334.4255676269531,3999.281982421875,1154.2410888671875,3769.8076171875,2046.662109375,1286.50732421875,822.91259765625,643.9739379882812,3614.1572265625,582.8598022460938,2492.002197265625,971.2302856445312,1630.4490966796875,1394.018310546875,408.9197998046875,828.3629150390625,371.8831787109375,3367.126220703125,5644.99462890625,1616.7774658203125,9815.3505859375,1324.8458251953125,299.3701171875,190.58319091796875,222.2408447265625,1282.854736328125,1424.33837890625,608.7332153320312,1281.01953125,1100.3089599609375,126.00106811523438,3369.288818359375,1179.770263671875,3696.444091796875,784.1121826171875,9893.0498046875,581.3138427734375,211.58877563476562
2024-01-05,3002.59326171875,1138.9542236328125,5717.21533203125,3282.255126953125,1135.10302734375,6657.44775390625,1707.5902099609375,762.557861328125,1032.1710205078125,202.04940795898438,5137.2822265625,1250.8577880859375,333.9909362792969,3972.17236328125,1152.947021484375,3785.478515625,2055.8564453125,1298.149658203125,818.7027587890625,642.78125,3653.852294921875,579.4050903320312,2518.435791015625,977.6746215820312,1625.1578369140625,1412.3111572265625,406.81683349609375,820.7432861328125,368.6903381347656,3428.652587890625,5723.177734375,1617.0728759765625,9817.017578125,1302.7425537109375,297.3403015136719,192.18138122558594,222.05673217773438,1288.3138427734375,1446.7740478515625,607.9755249023438,1268.5794677734375,1097.76708984375,125.43794250488281,3434.619873046875,1180.52685546875,3689.3388671875,779.38232421875,9894.28515625,574.98291015625,213.55311584472656
2024-01-08,2959.550537109375,1153.360595703125,5645.43017578125,3226.353271484375,1120.177490234375,6662.5517578125,1694.4549560546875,765.0153198242188,1034.5872802734375,202.8966827392578,5044.7158203125,1236.1319580078125,330.64453125,3892.42724609375,1138.267578125,3792.50830078125,2044.1905517578125,1311.83056640625,809.577392578125,641.8867797851562,3671.433349609375,570.1760864257812,2478.2568359375,966.163330078125,1609.234619140625,1403.3260498046875,399.563720703125,813.37109375,364.4000244140625,3408.403564453125,5624.9794921875,1591.6153564453125,9748.1220703125,1279.7308349609375,298.7564392089844,193.51321411132812,223.06922912597656,1278.26025390625,1413.8419189453125,593.8167114257812,1273.5557861328125,1080.1707763671875,123.88932037353516,3379.856201171875,1162.227294921875,3682.87939453125,777.5593872070312,9813.7265625,554.852294921875,210.62998962402344
2024-01-09,3010.582763671875,1181.236328125,5760.33642578125,3196.12841796875,1114.736328125,6767.5390625,1680.5703125,763.9719848632812,1049.82421875,205.10401916503906,4991.17333984375,1253.239013671875,334.9471130371094,3942.3916015625,1135.9857177734375,3779.034423828125,2040.5821533203125,1323.156005859375,803.2748413085938,636.9672241210938,3765.74853515625,568.4981079101562,2479.698486328125,963.9495849609375,1607.256591796875,1409.3160400390625,398.748291015625,812.8268432617188,364.509765625,3461.80126953125,5686.37158203125,1605.156494140625,9823.9755859375,1266.685791015625,301.8719177246094,192.35894775390625,223.02320861816406,1274.8759765625,1441.9984130859375,592.3014526367188,1291.8009033203125,1086.7205810546875,125.43794250488281,3390.5146484375,1168.5638427734375,3670.904541015625,788.1029052734375,9778.755859375,552.1319580078125,210.8170623779297
2024-01-10,3094.0712890625,1198.2576904296875,5763.5654296875,3215.0556640625,1105.2017822265625,6729.236328125,1669.9822998046875,759.5317993164062,1048.0489501953125,201.22445678710938,4956.33935546875,1291.9730224609375,332.07867431640625,3861.26123046875,1143.374755859375,3751.79345703125,2053.162353515625,1351.876953125,805.92724609375,640.9923706054688,3789.144287109375,572.5450439453125,2477.439697265625,977.0350952148438,1622.141357421875,1400.653564453125,397.6753845214844,821.13916015625,363.3424072265625,3451.6279296875,5723.033203125,1608.0126953125,9810.353515625,1259.601318359375,295.82977294921875,188.31912231445312,220.12379455566406,1309.261474609375,1444.087646484375,588.8446044921875,1292.6302490234375,1088.9688720703125,125.86029815673828,3411.7861328125,1173.52880859375,3691.226806640625,796.6264038085938,9657.3515625,552.5770263671875,212.1500244140625
2024-01-11,3076.7939453125,1187.0089111328125,5832.12060546875,3216.3759765625,1123.9212646484375,6963.06005859375,1667.3851318359375,758.4638061523438,1048.1968994140625,204.54661560058594,5005.107421875,1288.5224609375,334.0779113769531,3863.7841796875,1124.6551513671875,3796.951171875,2068.19970703125,1345.262939453125,802.5447998046875,640.0482177734375,3976.081787109375,569.4851684570312,2437.837646484375,975.165771484375,1639.64697265625,1376.9698486328125,397.117431640625,813.469970703125,363.7514953613281,3412.05419921875,5735.013671875,1603.9256591796875,9811.2353515625,1249.39013671875,295.4049377441406,188.09715270996094,222.7010498046875,1343.696044921875,1420.5577392578125,587.3766479492188,1284.2393798828125,1094.150146484375,126.61113739013672,3432.460693359375,1181.567138671875,3675.47607421875,803.7211303710938,9799.84765625,556.187744140625,209.6244354248047
2024-01-12,3099.96337890625,1191.103759765625,5758.39892578125,3206.203369140625,1118.530029296875,6966.017578125,1650.0545654296875,757.6034545898438,1061.5107421875,204.34593200683594,5019.13818359375,1271.3668212890625,331.25299072265625,3842.759521484375,1123.94384765625,3779.425048828125,2095.842529296875,1396.0,798.74853515625,633.6874389648438,4013.578369140625,574.5191040039062,2445.335205078125,987.3165893554688,1655.61962890625,1486.21875,400.5937805175781,817.1808471679688,365.8267822265625,3474.31103515625,6001.6552734375,1599.789306640625,9766.693359375,1245.677001953125,295.16888427734375,198.35215759277344,220.44598388671875,1354.39208984375,1428.019775390625,600.0674438476562,1293.703369140625,1133.0087890625,126.98655700683594,3567.762939453125,1237.032958984375,3702.70458984375,804.5094604492188,9689.208984375,559.0069580078125,217.69229125976562
2024-01-15,3085.382568359375,1187.1568603515625,5858.45068359375,3202.388671875,1117.6815185546875,6966.017578125,1630.576416015625,739.5015869140625,1087.2017822265625,205.10401916503906,5044.7158203125,1276.37255859375,334.3386535644531,3868.1376953125,1142.594482421875,3741.59033203125,2085.370849609375,1438.9454345703125,814.1279296875,610.6795043945312,4003.735107421875,567.2149047851562,2473.402587890625,993.5641479492188,1670.306640625,1522.4814453125,401.36627197265625,816.5377197265625,369.4685974121094,3449.242919921875,6001.6552734375,1610.7208251953125,9885.5224609375,1244.67529296875,299.5588684082031,207.31971740722656,221.96469116210938,1377.51318359375,1422.7962646484375,606.223388671875,1297.020751953125,1124.99267578125,126.61113739013672,3587.059814453125,1265.0257568359375,3735.349609375,800.56787109375,9833.533203125,561.62841796875,231.32583618164062
2024-01-16,3052.4267578125,1177.5361328125,5866.5478515625,3224.885986328125,1117.2821044921875,6958.3857421875,1621.686279296875,737.3903198242188,1080.7913818359375,210.85646057128906,4999.1630859375,1265.8748779296875,331.9483337402344,3774.046142578125,1137.6353759765625,3702.730224609375,2099.46533203125,1409.2734375,817.2183837890625,607.4991455078125,4014.9521484375,572.051513671875,2469.4619140625,992.777099609375,1648.7459716796875,1503.5439453125,405.40057373046875,823.613037109375,368.77020263671875,3478.88671875,6000.54833984375,1595.75146484375,9980.2431640625,1241.9881591796875,294.08319091796875,208.74032592773438,220.0317840576172,1358.24560546875,1401.6541748046875,603.1927490234375,1281.5074462890625,1118.0517578125,128.81674194335938,3548.0078125,1248.71240234375,3796.4150390625,806.874267578125,9848.400390625,558.4134521484375,226.8358917236328
2024-01-17,2967.090576171875,1151.3873291015625,5887.76025390625,3171.47900390625,1080.5419921875,6836.2744140625,1584.3779296875,727.7188110351562,1070.2880859375,210.3213348388672,4932.02880859375,1257.7589111328125,329.99261474609375,3689.255126953125,1116.2584228515625,3662.50341796875,2052.467529296875,1427.801513671875,748.279296875,602.877685546875,4002.315673828125,553.001220703125,2463.502197265625,965.9173583984375,1625.8502197265625,1511.51513671875,400.5079650878906,804.168212890625,355.130859375,3476.404052734375,6038.75,1573.4454345703125,9851.0244140625,1242.5009765625,292.00616455078125,206.03228759765625,220.1698455810547,1345.3509521484375,1413.94140625,592.8696899414062,1267.4088134765625,1113.066162109375,123.56082153320312,3569.417236328125,1254.717529296875,3806.10400390625,793.768798828125,9734.84765625,545.0590209960938,225.61985778808594
2024-01-18,2915.010009765625,1138.7569580078125,5952.29296875,3094.74267578125,1095.71728515625,6757.712890625,1579.383544921875,718.4923095703125,1072.0634765625,211.01254272460938,4886.6708984375,1285.89794921875,326.5158386230469,3660.95849609375,1116.2584228515625,3603.96923828125,2038.3731689453125,1420.236328125,723.2879638671875,604.0702514648438,4023.513671875,547.720458984375,2449.18017578125,970.443115234375,1595.1905517578125,1513.7269287109375,399.563720703125,795.2620849609375,354.6519470214844,3500.791015625,5391.53515625,1592.6986083984375,9726.3642578125,1222.420654296875,282.5653381347656,207.36412048339844,214.87730407714844,1351.650146484375,1397.7738037109375,595.0479125976562,1303.2650146484375,1121.082275390625,122.95077514648438,3585.95703125,1281.5758056640625,3711.35009765625,807.0714111328125,9771.990234375,538.3323974609375,225.73678588867188
2024-01-19,2911.7646484375,1137.177978515625,6055.42529296875,3096.69873046875,1114.736328125,6808.2265625,1598.7119140625,723.7879638671875,1109.4901123046875,214.46847534179688,5007.0068359375,1290.7579345703125,333.1217956542969,3654.626220703125,1119.8641357421875,3612.0732421875,2065.71826171875,1431.5576171875,715.744384765625,612.1206665039062,4028.779052734375,549.8919067382812,2465.905029296875,983.0859375,1543.959228515625,1529.0244140625,404.7138366699219,808.1264038085938,352.0677490234375,3549.467041015625,5438.82958984375,1630.417236328125,9837.3046875,1228.356689453125,291.2037048339844,214.9110870361328,216.6721649169922,1351.1561279296875,1433.2928466796875,594.5270385742188,1303.1187744140625,1135.648193359375,126.00106811523438,3648.365966796875,1314.4390869140625,3786.77587890625,811.5055541992188,9970.9912109375,547.4331665039062,226.85926818847656
2024-01-23,2892.68994140625,1122.031494140625,6114.1435546875,2987.976318359375,1087.4805908203125,6769.44677734375,1580.7320556640625,699.2236328125,1142.03515625,206.48635864257812,4918.77685546875,1369.5380859375,326.2116394042969,3577.00830078125,1121.0889892578125,3531.277587890625,2034.3533935546875,1391.1114501953125,694.6708374023438,582.5531616210938,4069.48095703125,534.3950805664062,2283.418212890625,1012.45458984375,1425.8702392578125,1513.3123779296875,394.2419128417969,782.150390625,356.09869384765625,3456.982177734375,5425.6953125,1570.9833984375,9663.5927734375,1203.317138671875,285.6808166503906,204.12335205078125,219.01927185058594,1312.7442626953125,1368.52294921875,573.07568359375,1344.7803955078125,1119.9581298828125,122.1060791015625,3569.903564453125,1292.451416015625,3716.26904296875,788.743408203125,9711.4853515625,529.3303833007812,219.7735595703125
2024-01-24,2899.58056640625,1105.7501220703125,6173.36083984375,2933.93310546875,1057.4295654296875,6881.0166015625,1619.0391845703125,697.70068359375,1173.544677734375,212.77392578125,5010.51513671875,1377.6541748046875,332.5567932128906,3604.9091796875,1166.07568359375,3549.1455078125,2055.891845703125,1439.272705078125,708.5657958984375,578.0807495117188,4059.820556640625,557.8378295898438,2346.95458984375,983.0859375,1474.4805908203125,1543.9534912109375,397.932861328125,803.7228393554688,356.9168701171875,3494.170654296875,5407.46044921875,1603.3839111328125,9788.79296875,1228.259033203125,291.5813293457031,208.07440185546875,226.61294555664062,1327.8619384765625,1403.3951416015625,585.5772094726562,1348.48779296875,1133.0087890625,126.84577178955078,3554.68310546875,1331.5091552734375,3744.293212890625,799.0405883789062,9869.0458984375,539.8656616210938,224.06219482421875
2024-01-25,2889.743896484375,1131.1097412109375,6129.1474609375,2884.78125,1040.5570068359375,7247.97021484375,1628.328857421875,700.6871948242188,1144.550048828125,211.54763793945312,5010.173828125,1331.2901611328125,338.46734619140625,3540.944580078125,1156.8687744140625,3531.033447265625,2061.05322265625,1415.3974609375,698.3453979492188,575.447021484375,4067.603759765625,559.861328125,2334.12255859375,993.66259765625,1495.3984375,1538.1478271484375,391.10894775390625,807.186279296875,352.88592529296875,3498.30810546875,5287.27392578125,1610.671630859375,9683.7333984375,1212.7222900390625,297.1514587402344,207.8080596923828,225.9686279296875,1336.952392578125,1373.8956298828125,580.3209228515625,1335.0235595703125,1111.2576904296875,125.53179168701172,3525.537353515625,1250.2728271484375,3746.628173828125,799.9766235351562,9848.15234375,531.5067138671875,220.2891387939453
2024-01-29,3060.565673828125,1180.7923583984375,6289.01123046875,2911.044189453125,1059.526123046875,7201.51123046875,1635.1212158203125,711.184326171875,1146.1279296875,219.68582153320312,5005.30224609375,1299.40869140625,358.8066711425781,3532.73291015625,1154.5374755859375,3582.39111328125,2088.844970703125,1437.5836181640625,707.9574584960938,574.999755859375,4206.1923828125,560.55224609375,2349.597900390625,1000.008544921875,1510.0360107421875,1526.6285400390625,386.08758544921875,803.22802734375,363.7614440917969,3609.825439453125,5242.72216796875,1615.103271484375,9791.9296875,1220.735107421875,306.4035339355469,224.1894073486328,233.74635314941406,1430.795654296875,1411.205322265625,589.9810791015625,1366.7818603515625,1115.4613037109375,126.7049789428711,3516.932373046875,1242.9908447265625,3842.475341796875,828.7003784179688,10149.1484375,533.8314208984375,221.69525146484375
2024-01-30,3086.98095703125,1171.6156005859375,6269.18994140625,2889.573974609375,1052.3876953125,7218.30126953125,1588.773193359375,674.1548461914062,1142.67626953125,224.8362579345703,4961.30908203125,1280.2119140625,349.8973693847656,3514.033203125,1153.9940185546875,3617.248046875,2110.333740234375,1423.6602783203125,702.9202880859375,571.4716186523438,4201.47705078125,561.884765625,2363.295166015625,1000.5005493164062,1503.211669921875,1521.8824462890625,376.0019226074219,803.52490234375,363.9011535644531,3537.103271484375,5150.77783203125,1595.75146484375,9752.97265625,1217.5592041015625,297.81231689453125,221.25942993164062,233.88442993164062,1390.852294921875,1391.90380859375,593.5800170898438,1338.3896484375,1097.71826171875,126.42343139648438,3516.515625,1246.30078125,3712.3935546875,846.289306640625,9842.47265625,529.4788208007812,221.4608917236328
2024-01-31,3137.812744140625,1191.6466064453125,6312.06298828125,2893.241943359375,1066.015625,7314.7978515625,1625.4820556640625,678.6741333007812,1154.56005859375,224.01129150390625,5065.22607421875,1313.162353515625,353.0264892578125,3631.67236328125,1209.3531494140625,3748.9130859375,2158.820556640625,1438.907470703125,711.80224609375,573.061767578125,4231.876953125,571.8540649414062,2385.307373046875,1011.569091796875,1517.206298828125,1530.5911865234375,379.0061950683594,810.1055297851562,364.2303771972656,3387.618896484375,5242.9140625,1626.4779052734375,9983.5263671875,1224.374755859375,299.7476806640625,223.96742248535156,238.67074584960938,1409.6259765625,1394.0428466796875,606.602294921875,1383.953857421875,1092.92822265625,127.59662628173828,3530.764892578125,1261.2431640625,3674.4326171875,871.2685546875,10043.7451171875,531.9024658203125,224.10906982421875
2024-02-01,3149.29736328125,1202.6981201171875,6247.48095703125,2865.36474609375,1082.4886474609375,7303.541015625,1620.4376220703125,666.846923828125,1135.328857421875,226.7314453125,5016.70263671875,1348.7860107421875,353.5045471191406,3616.63330078125,1184.064208984375,3840.30224609375,2112.765869140625,1440.1856689453125,713.651611328125,583.497314453125,4199.96630859375,563.85888671875,2377.665771484375,1008.6174926757812,1524.2283935546875,1527.0433349609375,380.1649475097656,793.3324584960938,363.73150634765625,3308.033203125,5162.18115234375,1626.083984375,10425.5703125,1205.7113037109375,303.9960632324219,219.88320922851562,244.65362548828125,1409.650634765625,1425.482666015625,613.3739013671875,1373.709228515625,1104.31689453125,126.51728057861328,3566.10986328125,1241.2412109375,3604.770751953125,865.6519165039062,9801.6748046875,524.3348999023438,220.92189025878906
2024-02-02,3153.2421875,1244.733642578125,6279.87060546875,2872.16259765625,1065.3167724609375,7382.197265625,1649.655029296875,677.2304077148438,1134.9344482421875,248.9832000732422,5016.94580078125,1353.64599609375,364.8911437988281,3660.166748046875,1193.2215576171875,3735.195068359375,2123.534912109375,1445.9833984375,703.820556640625,575.2482299804688,4319.55419921875,575.9503784179688,2357.480224609375,1007.4859619140625,1516.9095458984375,1560.4951171875,377.76153564453125,814.954345703125,363.77142333984375,3286.66455078125,5278.80712890625,1635.5382080078125,10442.72265625,1212.3558349609375,313.90899658203125,228.4068603515625,255.0546112060547,1440.33056640625,1428.1688232421875,615.26806640625,1382.19775390625,1136.6746826171875,130.17764282226562,3669.878173828125,1265.451416015625,3589.814697265625,865.8982543945312,9975.7822265625,527.8961181640625,226.4525604248047
2024-02-05,3169.220947265625,1241.8721923828125,6194.375,2853.626708984375,1059.775634765625,7305.92529296875,1613.095947265625,653.48681640625,1098.197998046875,256.2964172363281,4993.2197265625,1393.74072265625,382.6662292480469,3660.265625,1204.0780029296875,3798.07373046875,2074.20458984375,1420.0537109375,703.1878051757812,559.89306640625,4346.4296875,572.39697265625,2325.663818359375,1006.9940795898438,1520.9151611328125,1554.82763671875,376.0019226074219,806.1472778320312,360.8580017089844,3253.2724609375,5233.19580078125,1677.6885986328125,10220.3505859375,1203.219482421875,317.3077697753906,233.4677734375,260.3931579589844,1421.878173828125,1412.6480712890625,608.922607421875,1428.201171875,1124.9437255859375,132.85252380371094,3676.35546875,1260.391845703125,3529.84228515625,913.2455444335938,9795.796875,468.8892517089844,226.07760620117188
2024-02-06,3199.48046875,1256.229248046875,6157.41357421875,2866.929443359375,1048.34423828125,7365.21630859375,1595.265869140625,652.4930419921875,1118.4154052734375,271.70318603515625,4878.77880859375,1385.5272216796875,389.9676208496094,3686.979248046875,1218.3326416015625,3851.43310546875,2050.63134765625,1482.5037841796875,702.8228759765625,589.1126708984375,4380.126953125,577.332275390625,2332.248046875,1009.8472900390625,1494.8050537109375,1593.7628173828125,370.2938537597656,810.2044677734375,356.5975646972656,3333.58837890625,5263.84326171875,1701.4227294921875,10628.33984375,1200.263427734375,318.5946960449219,241.76942443847656,252.43133544921875,1410.7869873046875,1456.5740966796875,615.8363037109375,1439.2261962890625,1137.456787109375,135.76205444335938,3826.895751953125,1277.698486328125,3536.897705078125,925.80908203125,9926.587890625,476.6546325683594,234.1861114501953
2024-02-07,3225.5458984375,1239.010498046875,6138.18896484375,2916.033203125,1067.36328125,7347.5673828125,1594.416748046875,663.4746704101562,1118.661865234375,268.47021484375,4948.154296875,1398.454833984375,393.4444274902344,3692.22314453125,1220.9307861328125,3834.88330078125,2095.79296875,1474.8343505859375,695.9362182617188,601.4365844726562,4389.19189453125,584.5872192382812,2331.3828125,1005.6658325195312,1498.7115478515625,1560.8636474609375,370.63720703125,827.8681640625,357.7150573730469,3304.820556640625,5242.2890625,1694.8736572265625,10717.376953125,1221.2481689453125,315.2581481933594,241.41429138183594,246.63259887695312,1424.966064453125,1461.996337890625,639.51318359375,1459.81298828125,1140.0472412109375,135.5274200439453,3778.22705078125,1246.442626953125,3554.139404296875,920.1431274414062,10102.1767578125,472.64825439453125,232.10040283203125
2024-02-08,3164.377685546875,1228.6988525390625,6190.89697265625,2865.609130859375,1034.21728515625,7400.37109375,1568.7955322265625,650.2680053710938,1126.4036865234375,276.6975402832031,4750.64697265625,1380.4241943359375,399.1377258300781,3645.32568359375,1217.0386962890625,3717.3759765625,2041.9962158203125,1491.6796875,682.8444213867188,588.0691528320312,4402.51513671875,593.5200805664062,2323.308837890625,973.3455810546875,1461.0794677734375,1559.34326171875,361.260986328125,813.5194702148438,345.1632995605469,3247.187744140625,5216.2109375,1660.3065185546875,10529.40625,1183.847412109375,315.44879150390625,242.52413940429688,254.22622680664062,1432.845947265625,1451.6492919921875,662.527099609375,1463.13037109375,1112.3819580078125,134.823486328125,3825.13818359375,1238.167724609375,3526.91064453125,910.7821044921875,9876.109375,459.837890625,229.12416076660156
2024-02-09,3210.9150390625,1254.650390625,6395.91943359375,2887.177490234375,1049.692138671875,7426.701171875,1569.1949462890625,658.0654296875,1104.8055419921875,273.93280029296875,4844.13916015625,1399.4267578125,396.53009033203125,3613.566162109375,1216.2088623046875,3750.231201171875,2152.368896484375,1488.7576904296875,683.112060546875,580.4163208007812,4494.95361328125,583.6494140625,2330.133056640625,994.4005126953125,1469.93115234375,1538.378173828125,362.0888671875,803.2775268554688,347.70758056640625,3236.528076171875,5247.48486328125,1621.4061279296875,10518.576171875,1197.0635986328125,309.72894287109375,237.55198669433594,251.28082275390625,1443.3443603515625,1432.3973388671875,686.8670043945312,1506.0107421875,1103.9259033203125,132.61788940429688,3824.767822265625,1239.8701171875,3569.14501953125,901.6181640625,9824.83984375,453.0122985839844,229.87408447265625
2024-02-12,3165.52587890625,1232.7939453125,6571.87939453125,2889.2802734375,1044.999755859375,7469.7265625,1555.5103759765625,649.6251831054688,1103.2769775390625,263.2974548339844,4842.873046875,1394.56689453125,376.1907043457031,3700.484375,1251.30712890625,3780.4013671875,2131.37646484375,1521.94580078125,676.4932250976562,573.6580810546875,4292.26708984375,574.9140014648438,2293.12646484375,980.035888671875,1431.260498046875,1548.284912109375,354.5508117675781,803.0301513671875,341.1423645019531,3212.189697265625,5308.2998046875,1635.24267578125,10495.888671875,1201.436279296875,301.38751220703125,228.9839630126953,248.7955780029297,1435.04443359375,1428.716064453125,670.4352416992188,1505.6671142578125,1097.033935546875,128.95751953125,3812.739501953125,1247.1993408203125,3562.834716796875,898.2677612304688,9842.7197265625,453.45745849609375,235.02978515625
2024-02-13,3174.21435546875,1248.039306640625,6675.65673828125,2906.69189453125,1069.0107421875,7553.1533203125,1566.248291015625,653.036865234375,1102.4385986328125,260.55499267578125,4853.98095703125,1416.922607421875,393.1836242675781,3661.20556640625,1251.672607421875,3763.168212890625,2048.794921875,1520.7132568359375,678.6588745117188,585.9323120117188,4344.73486328125,503.5000915527344,2301.15283203125,1003.3536987304688,1447.8265380859375,1552.3856201171875,354.4636535644531,804.168212890625,346.64996337890625,3233.55859375,5347.416015625,1621.750732421875,10578.9951171875,1200.6055908203125,306.5353698730469,230.40460205078125,248.7495880126953,1447.6424560546875,1460.15576171875,675.6915283203125,1513.2718505859375,1112.2841796875,129.37986755371094,3839.386962890625,1256.3253173828125,3537.69287109375,893.6365966796875,9732.625,473.93426513671875,239.78709411621094
2024-02-14,3202.92578125,1251.048828125,6710.63037109375,2911.386962890625,1095.0682373046875,7711.4208984375,1577.9351806640625,657.2743530273438,1100.4661865234375,278.10223388671875,4882.2861328125,1385.4300537109375,405.35247802734375,3680.2021484375,1236.459716796875,3809.39990234375,2064.328857421875,1526.0999755859375,673.5974731445312,581.758056640625,4408.146484375,501.22979736328125,2295.33740234375,1006.2069702148438,1465.2332763671875,1535.4752197265625,358.6466369628906,804.7618408203125,349.0046691894531,3221.3896484375,5297.3779296875,1631.89453125,10807.78515625,1215.0919189453125,312.6842041015625,238.7062530517578,251.87905883789062,1463.7236328125,1446.326171875,704.056396484375,1491.880859375,1110.1334228515625,132.52403259277344,3793.67919921875,1222.7054443359375,3563.1328125,904.869873046875,9668.8095703125,476.2094421386719,241.1463165283203
2024-02-15,3189.5439453125,1250.259521484375,6584.9443359375,2950.659912109375,1070.4583740234375,7749.341796875,1567.646728515625,654.5944213867188,1105.2493896484375,291.0787048339844,4823.7255859375,1382.5140380859375,414.4791259765625,3669.5166015625,1235.33349609375,3824.045654296875,2069.29150390625,1517.9288330078125,688.197998046875,581.5095825195312,4410.80224609375,506.55999755859375,2259.67626953125,1000.2545166015625,1460.733154296875,1544.8289794921875,351.9800109863281,803.8712768554688,347.06903076171875,3212.919921875,5313.88037109375,1738.2550048828125,10868.8408203125,1202.132568359375,323.4089050292969,246.20883178710938,263.5769958496094,1453.076904296875,1445.9781494140625,721.387939453125,1481.57763671875,1106.0277099609375,132.52403259277344,3796.54736328125,1229.7508544921875,3599.40478515625,907.0869140625,9694.9873046875,482.0953063964844,243.02110290527344
2024-02-16,3219.30419921875,1289.531982421875,6558.068359375,2942.198486328125,1067.013916015625,7942.04931640625,1574.139404296875,654.5745849609375,1104.55908203125,291.90362548828125,4787.8203125,1400.3502197265625,417.2170715332031,3689.650634765625,1248.0767822265625,3835.859619140625,2089.986328125,1522.40234375,691.0451049804688,588.8145141601562,4481.62939453125,509.0276184082031,2283.1298828125,1006.7481079101562,1477.2498779296875,1568.14404296875,352.59002685546875,811.3919677734375,346.27081298828125,3297.0810546875,5369.78759765625,1807.6846923828125,11153.19921875,1218.840087890625,321.9789123535156,247.47003173828125,256.9325866699219,1443.1712646484375,1500.798583984375,714.7583618164062,1481.626708984375,1121.7176513671875,133.55645751953125,3819.771484375,1231.83154296875,3632.5458984375,924.8729248046875,9795.6494140625,485.6070251464844,254.5042724609375
2024-02-19,3254.45751953125,1289.6800537109375,6614.3037109375,2932.61279296875,1061.2232666015625,8118.20361328125,1618.340087890625,663.8307495117188,1126.4530029296875,290.989501953125,4799.07421875,1429.1697998046875,400.7022705078125,3683.9619140625,1267.8338623046875,3810.669189453125,2152.468017578125,1529.52392578125,689.682373046875,581.6090087890625,4443.4462890625,505.6716003417969,2294.568359375,1026.91748046875,1467.3101806640625,1566.3931884765625,356.6422424316406,811.6393432617188,345.5025329589844,3251.423095703125,5305.94189453125,1820.4873046875,11254.0927734375,1231.3829345703125,322.93218994140625,247.4250030517578,258.6170959472656,1456.4364013671875,1481.2979736328125,719.0675659179688,1501.398681640625,1129.0985107421875,133.22796630859375,3797.10205078125,1238.876953125,3671.9482421875,918.9606323242188,9781.8193359375,492.1853332519531,251.19993591308594
2024-02-20,3224.297607421875,1283.2662353515625,6722.00439453125,2945.86669921875,1086.8316650390625,7913.57275390625,1601.059326171875,668.8543701171875,1128.1787109375,293.2414245605469,4795.0791015625,1410.9935302734375,392.5694885253906,3673.375244140625,1259.7037353515625,3737.684814453125,2175.942138671875,1518.385009765625,707.7870483398438,584.3421630859375,4270.15283203125,504.9806823730469,2310.861083984375,1031.8367919921875,1487.6839599609375,1553.0306396484375,353.8971862792969,812.62890625,351.7085876464844,3267.875244140625,5296.6083984375,1825.5098876953125,11217.9306640625,1244.1953125,329.5577392578125,249.1817169189453,269.4259948730469,1453.4969482421875,1505.8726806640625,719.87255859375,1509.83740234375,1128.511962890625,132.3832550048828,3729.419189453125,1248.8543701171875,3663.650390625,912.8020629882812,9857.6357421875,492.679931640625,249.32513427734375
2024-02-21,3218.90478515625,1273.89208984375,6722.701171875,2936.23193359375,1082.4388427734375,7853.51806640625,1585.177001953125,661.4573974609375,1124.1846923828125,282.36083984375,4796.8818359375,1406.765380859375,380.6561584472656,3610.400390625,1254.3990478515625,3745.739990234375,2177.67919921875,1493.9620361328125,700.4137573242188,573.9065551757812,4243.484375,505.1780700683594,2313.74462890625,1034.985107421875,1500.5908203125,1525.660888671875,351.500732421875,819.6052856445312,348.4359436035156,3209.122802734375,5215.5380859375,1831.4188232421875,11236.9423828125,1246.2532958984375,320.406005859375,245.8935089111328,262.12646484375,1450.2115478515625,1494.082763671875,730.6692504882812,1514.4493408203125,1134.7193603515625,135.05813598632812,3693.195068359375,1226.20458984375,3633.490234375,907.5796508789062,9847.21484375,486.8435363769531,244.38035583496094
2024-02-22,3258.70166015625,1293.57763671875,6731.7001953125,2951.490966796875,1099.1116943359375,8107.4716796875,1590.7708740234375,660.0877685546875,1119.894775390625,279.1055603027344,4829.96240234375,1412.597412109375,391.3825988769531,3606.739501953125,1257.3231201171875,3858.072509765625,2184.825439453125,1539.703857421875,690.8748168945312,571.123779296875,4206.3349609375,514.4071655273438,2295.481689453125,1045.5618896484375,1472.79931640625,1549.436767578125,361.1738586425781,820.0011596679688,344.175537109375,3274.690185546875,5279.6728515625,1881.34912109375,11425.0595703125,1255.831787109375,323.69488525390625,247.47003173828125,264.4660949707031,1464.0941162109375,1501.9925537109375,725.3656616210938,1528.8245849609375,1133.4974365234375,136.93524169921875,3781.65087890625,1255.994384765625,3629.217041015625,918.6650390625,9840.1025390625,486.991943359375,248.90330505371094
2024-02-23,3268.937744140625,1303.198486328125,6736.5234375,2920.72802734375,1095.0184326171875,8048.8017578125,1614.744140625,662.3523559570312,1110.2298583984375,275.5604553222656,4809.8896484375,1425.3304443359375,390.28350830078125,3609.410888671875,1272.7730712890625,3834.297607421875,2178.076171875,1520.8502197265625,691.3857421875,577.1365966796875,4228.88623046875,511.643310546875,2301.248779296875,1044.1845703125,1464.0465087890625,1545.2896728515625,358.5159606933594,812.4309692382812,344.0258483886719,3298.249267578125,5333.46240234375,1900.6513671875,11305.2998046875,1263.59765625,321.9789123535156,245.2178497314453,263.8577880859375,1475.82763671875,1521.3936767578125,718.8781127929688,1531.964599609375,1134.279541015625,136.51290893554688,3749.266357421875,1250.4617919921875,3668.86767578125,923.6905517578125,9879.3203125,483.4307861328125,251.29368591308594
2024-02-26,3323.315185546875,1320.417236328125,6547.52685546875,2805.794677734375,1083.4371337890625,8059.34326171875,1612.49658203125,656.9529418945312,1094.7462158203125,279.6629943847656,4776.322265625,1428.683837890625,388.8768005371094,3539.4111328125,1272.4964599609375,3859.585693359375,2170.632080078125,1506.2877197265625,692.213134765625,572.8132934570312,4207.2236328125,498.5154113769531,2311.00537109375,1037.1988525390625,1450.39794921875,1529.9000244140625,356.5987548828125,800.308837890625,340.4938049316406,3378.272705078125,5259.85009765625,1900.5037841796875,11238.0693359375,1265.9984130859375,321.8359375,243.10079956054688,269.3323669433594,1469.6025390625,1541.2921142578125,718.7361450195312,1527.7449951171875,1150.70263671875,133.88494873046875,3702.03125,1227.7650146484375,3599.851806640625,923.2471313476562,9809.3310546875,483.8758850097656,249.77040100097656
2024-02-27,3297.899169921875,1311.83251953125,6583.923828125,2797.089111328125,1077.2972412109375,8074.12939453125,1598.8118896484375,648.3494262695312,1111.9556884765625,278.72650146484375,4778.70947265625,1445.7908935546875,388.08551025390625,3502.25927734375,1274.2449951171875,3908.209716796875,2188.39892578125,1514.5047607421875,691.1668090820312,578.0310668945312,4145.41748046875,503.055908203125,2312.014404296875,1043.1021728515625,1476.656494140625,1533.079345703125,358.2980651855469,810.40234375,340.5836181640625,3413.61181640625,5237.28515625,1920.988037109375,11271.0478515625,1273.2496337890625,320.406005859375,242.65036010742188,273.7307434082031,1467.9476318359375,1534.8748779296875,710.1649780273438,1553.0611572265625,1157.05712890625,135.33970642089844,3797.65771484375,1225.6844482421875,3631.005859375,948.6205444335938,9830.125,479.3749694824219,249.0907745361328
2024-02-28,3214.7099609375,1282.2794189453125,6327.10400390625,2733.3134765625,1072.455078125,7811.92431640625,1582.7298583984375,642.6583862304688,1113.1883544921875,271.70318603515625,4762.58349609375,1435.633544921875,381.75518798828125,3481.036865234375,1269.9873046875,3772.49267578125,2169.73876953125,1508.205078125,685.9348754882812,577.0372314453125,4093.950927734375,497.8738098144531,2327.63427734375,1029.327880859375,1433.287841796875,1540.1290283203125,355.8143615722656,790.2647705078125,335.9639892578125,3378.321533203125,5205.771484375,1872.78125,10930.1416015625,1259.62890625,317.7366943359375,239.4072265625,261.6117248535156,1438.2802734375,1532.387451171875,703.2039794921875,1544.3280029296875,1141.7579345703125,132.1016845703125,3811.1201171875,1216.0382080078125,3572.2255859375,944.0385131835938,9685.751953125,470.7687683105469,242.6461639404297
2024-02-29,3281.021728515625,1303.0010986328125,6067.79931640625,2760.261474609375,1073.353515625,7545.47412109375,1592.01953125,642.3270874023438,1107.8629150390625,269.2728271484375,4838.0009765625,1438.8896484375,383.9532165527344,3451.800537109375,1269.2364501953125,3702.82763671875,2175.098388671875,1519.115478515625,683.0147094726562,578.4286499023438,4142.095703125,497.3309326171875,2318.742919921875,1035.231201171875,1458.705810546875,1542.5711669921875,354.0715026855469,791.7490844726562,337.1313781738281,3385.47705078125,5100.7890625,1903.064453125,11062.9853515625,1272.0247802734375,319.9293212890625,238.37120056152344,264.70001220703125,1443.393798828125,1544.6749267578125,708.5076904296875,1548.351318359375,1163.3623046875,132.19554138183594,3789.052734375,1204.689697265625,3601.73974609375,936.3032836914062,9772.1396484375,464.6356201171875,243.06796264648438
2024-03-01,3314.327392578125,1304.5799560546875,6051.6884765625,2769.896484375,1097.4644775390625,7670.16064453125,1611.59765625,649.8526611328125,1113.1390380859375,277.9461364746094,4801.4619140625,1429.7044677734375,392.4376525878906,3445.46826171875,1223.6571044921875,3752.769775390625,2238.1259765625,1501.0833740234375,696.3256225585938,586.3298950195312,4217.51708984375,512.3836059570312,2316.243408203125,1069.37158203125,1509.8875732421875,1524.87744140625,356.8601379394531,827.4723510742188,344.76422119140625,3537.2978515625,5074.51904296875,1942.9986572265625,11388.9462890625,1274.5970458984375,327.46044921875,243.7313995361328,269.2388000488281,1474.345458984375,1534.32763671875,728.443603515625,1530.001953125,1174.06689453125,140.7364044189453,3788.358642578125,1202.7510986328125,3742.355224609375,963.1055297851562,10012.283203125,469.4333190917969,243.3023223876953
2024-03-04,3312.729248046875,1324.8082275390625,5999.876953125,2769.896484375,1104.9521484375,7829.7158203125,1617.490966796875,652.918212890625,1117.8729248046875,285.5937805175781,4714.93603515625,1430.28759765625,400.3945007324219,3445.369140625,1251.6231689453125,3662.844970703125,2217.530517578125,1495.4683837890625,697.2745971679688,606.5549926757812,4315.39599609375,518.157958984375,2328.06689453125,1074.733642578125,1514.486572265625,1508.7506103515625,356.5115661621094,815.696533203125,344.6644287109375,3547.9580078125,5019.95947265625,1891.8865966796875,11362.681640625,1268.5462646484375,337.3271484375,251.52401733398438,275.7427978515625,1489.4384765625,1510.2503662109375,731.1901245117188,1522.986083984375,1176.2664794921875,143.69285583496094,3775.728759765625,1210.55322265625,3709.064697265625,972.76220703125,9857.09375,469.1365661621094,243.95851135253906
2024-03-05,3305.788330078125,1320.5654296875,6027.52294921875,2758.794189453125,1099.011962890625,7967.5205078125,1548.7679443359375,625.4068603515625,1152.784912109375,287.6673889160156,4702.025390625,1432.1829833984375,405.0103759765625,3447.496337890625,1245.3404541015625,3702.339599609375,2214.900146484375,1478.4864501953125,701.2411499023438,603.970947265625,4295.09033203125,515.3447875976562,2306.77587890625,1070.503173828125,1525.5140380859375,1480.459228515625,353.9407958984375,810.7487182617188,342.3695983886719,3516.951416015625,4937.8779296875,1909.8104248046875,11437.6044921875,1243.8277587890625,341.52166748046875,255.62295532226562,276.0703430175781,1482.32421875,1483.6859130859375,742.4603881835938,1544.6715087890625,1173.67578125,142.51966857910156,3712.25537109375,1203.4132080078125,3727.2998046875,1006.9547119140625,9718.7451171875,469.1365661621094,240.5838623046875
2024-03-06,3229.64013671875,1307.2442626953125,6020.7607421875,2765.543701171875,1123.172607421875,8209.8818359375,1552.8631591796875,624.121337890625,1177.242919921875,284.6573181152344,4755.7138671875,1443.6524658203125,405.84564208984375,3507.057861328125,1247.5828857421875,3703.60888671875,2219.863037109375,1501.1748046875,702.0928344726562,610.1826171875,4337.47998046875,520.132080078125,2307.68896484375,1079.4071044921875,1537.481201171875,1490.642333984375,355.4222106933594,804.4155883789062,351.1598205566406,3545.767578125,4969.2958984375,1940.733642578125,11336.1220703125,1241.0841064453125,335.515869140625,252.46986389160156,274.85382080078125,1485.0909423828125,1512.6881103515625,742.4130249023438,1573.9124755859375,1192.689697265625,142.28501892089844,3760.5546875,1201.9945068359375,3786.9248046875,1002.7669067382812,9523.84375,468.097900390625,240.51358032226562
2024-03-07,3222.250244140625,1307.885498046875,6015.29150390625,2807.84912109375,1109.64453125,8470.5615234375,1581.0318603515625,634.9794921875,1183.16015625,278.5704040527344,4763.89892578125,1441.611328125,403.2080383300781,3563.404052734375,1249.459716796875,3695.8466796875,2211.525634765625,1495.194580078125,703.7962646484375,618.1334838867188,4353.94921875,529.7559204101562,2325.7119140625,1070.4046630859375,1546.5802001953125,1489.6285400390625,360.3895263671875,821.3370361328125,348.8250427246094,3579.59765625,4929.36181640625,1868.7435302734375,11280.259765625,1254.75390625,335.75421142578125,250.53302001953125,273.8711242675781,1461.3028564453125,1502.73876953125,746.3433227539062,1575.58056640625,1233.259033203125,147.58786010742188,3801.543701171875,1218.21337890625,3763.223876953125,1024.100341796875,9555.5546875,477.0997314453125,241.61502075195312
2024-03-11,3203.075927734375,1309.3656005859375,6170.328125,2814.01123046875,1103.304931640625,8261.0166015625,1597.013916015625,636.2354736328125,1180.1029052734375,279.32855224609375,4810.9130859375,1461.974609375,399.0757141113281,3566.520751953125,1261.9659423828125,3694.528564453125,2220.160888671875,1496.107666015625,694.889892578125,617.0402221679688,4371.54150390625,526.7947998046875,2297.163818359375,1061.3037109375,1524.1295166015625,1475.0220947265625,356.77301025390625,821.13916015625,345.1533203125,3544.210205078125,4929.65087890625,1865.5919189453125,11168.0458984375,1279.521240234375,331.7026062011719,246.8394317626953,267.22674560546875,1449.12451171875,1524.32861328125,732.7528076171875,1563.7076416015625,1193.2762451171875,144.02133178710938,3814.26611328125,1219.0172119140625,3726.703369140625,1012.9654541015625,9580.0029296875,471.4117431640625,241.16973876953125
2024-03-12,3118.3388671875,1284.0555419921875,6110.75927734375,2813.32666015625,1095.218017578125,8135.3759765625,1591.769775390625,636.462890625,1187.6475830078125,278.9048767089844,4744.4111328125,1424.6986083984375,395.0312805175781,3539.806884765625,1245.11328125,3720.744384765625,2167.753662109375,1493.3226318359375,710.3421630859375,617.7359008789062,4359.56396484375,522.106201171875,2285.91748046875,1059.483642578125,1516.21728515625,1486.403076171875,352.4593505859375,809.264404296875,343.2974853515625,3525.76171875,5012.59814453125,1866.3798828125,11280.11328125,1269.060546875,328.6520690917969,243.5962677001953,266.8523864746094,1457.844482421875,1508.708251953125,719.4937744140625,1554.582275390625,1187.9483642578125,143.1297149658203,3878.94189453125,1222.13818359375,3725.362060546875,1001.6336669921875,9498.6044921875,468.9386901855469,239.43556213378906
2024-03-13,2902.3271484375,1193.521484375,5975.11474609375,2797.676025390625,1078.64501953125,7999.14599609375,1571.392578125,638.4505615234375,1152.6368408203125,266.5527038574219,4732.2314453125,1430.0445556640625,366.67657470703125,3442.89599609375,1245.439208984375,3647.32080078125,2133.11328125,1489.579833984375,710.755859375,606.3065185546875,4222.19580078125,500.440185546875,2222.90966796875,1066.4691162109375,1486.151123046875,1484.974609375,368.1455078125,784.6737670898438,345.13336181640625,3444.86181640625,4998.93359375,1825.55908203125,11162.75390625,1265.5328369140625,307.4410400390625,230.03814697265625,247.34030151367188,1415.10986328125,1479.8055419921875,707.7025756835938,1529.3642578125,1152.51123046875,134.823486328125,3838.924560546875,1207.85791015625,3603.03173828125,958.9669189453125,9476.9208984375,447.02752685546875,236.41244506835938
2024-03-14,3083.33544921875,1251.048828125,5989.783203125,2829.074951171875,1056.531005859375,7997.857421875,1561.9530029296875,632.6456909179688,1178.130615234375,271.4579162597656,4812.37451171875,1454.733154296875,376.040283203125,3480.591796875,1243.6217041015625,3683.54443359375,2180.16064453125,1533.1759033203125,708.3467407226562,618.431640625,4374.90966796875,518.4541015625,2244.056396484375,1066.124755859375,1460.535400390625,1523.5875244140625,365.70538330078125,777.2520141601562,347.6976013183594,3512.66796875,5065.52197265625,1861.8497314453125,11176.9150390625,1280.133544921875,306.8213806152344,237.15501403808594,249.25877380371094,1414.418212890625,1498.2117919921875,701.8307495117188,1540.7464599609375,1171.4761962890625,133.69723510742188,3893.144775390625,1223.1309814453125,3617.391357421875,953.5966186523438,9579.064453125,457.1175537109375,242.76333618164062
2024-03-15,3128.025634765625,1265.9981689453125,5950.0546875,2804.91455078125,1044.7001953125,7966.51953125,1569.6943359375,644.2059326171875,1203.180419921875,261.51373291015625,4846.7705078125,1446.3741455078125,365.09405517578125,3448.436279296875,1241.705078125,3657.181884765625,2180.75634765625,1504.0052490234375,706.9840698242188,628.4696655273438,4290.69287109375,525.6596069335938,2237.424072265625,1062.92724609375,1468.052001953125,1505.8016357421875,365.22613525390625,772.502197265625,346.87945556640625,3443.4990234375,4998.30810546875,1772.181884765625,11247.52734375,1275.675048828125,301.530517578125,233.10108947753906,248.88442993164062,1401.3260498046875,1495.0721435546875,693.1650390625,1519.1591796875,1184.966796875,132.99331665039062,3903.924072265625,1212.5863037109375,3610.48486328125,932.0169067382812,9515.8427734375,470.02685546875,242.3180694580078
2024-03-18,3107.603271484375,1249.8153076171875,6102.5546875,2784.324462890625,1059.6258544921875,8129.7470703125,1575.2882080078125,643.2467651367188,1208.4073486328125,259.66314697265625,4852.42138671875,1446.7628173828125,370.8968505859375,3469.41162109375,1252.7987060546875,3612.317138671875,2186.711669921875,1500.4443359375,703.7719116210938,630.2089233398438,4261.5908203125,524.2777709960938,2210.75,1063.7635498046875,1464.4420166015625,1476.9112548828125,363.7882080078125,796.0042724609375,346.79962158203125,3466.912353515625,4972.42333984375,1827.8734130859375,11403.9892578125,1264.2591552734375,302.3408508300781,235.66860961914062,247.9017791748047,1422.32275390625,1484.805908203125,692.2653198242188,1541.77685546875,1160.3319091796875,140.50177001953125,3842.162841796875,1203.554931640625,3557.3193359375,958.2279052734375,9494.5048828125,461.02496337890625,239.1309051513672
2024-03-19,3048.6318359375,1224.751953125,6079.333984375,2753.60986328125,1049.0931396484375,8242.7001953125,1579.733154296875,652.3051147460938,1211.415283203125,248.69334411621094,4693.548828125,1395.490234375,368.4350891113281,3410.591796875,1212.0697021484375,3629.062255859375,2157.62939453125,1460.043701171875,705.3779907226562,628.6187744140625,4249.9404296875,526.745361328125,2179.0302734375,1066.4691162109375,1418.353759765625,1438.9437255859375,356.90374755859375,792.689208984375,349.1443176269531,3408.987548828125,4913.00390625,1815.9078369140625,11365.5224609375,1222.955810546875,298.8136291503906,233.55154418945312,242.38040161132812,1408.267333984375,1456.549072265625,685.4937133789062,1519.4044189453125,1120.544677734375,139.61012268066406,3680.056884765625,1184.2623291015625,3560.99609375,943.742919921875,9338.3271484375,456.0788879394531,231.93637084960938
2024-03-20,3047.38330078125,1228.8963623046875,6139.84716796875,2763.19580078125,1033.069091796875,8238.3115234375,1582.9295654296875,657.5709838867188,1214.8177490234375,252.68443298339844,4679.8583984375,1377.7027587890625,368.8307189941406,3391.94189453125,1205.8265380859375,3782.110107421875,2151.37646484375,1449.0418701171875,696.4716796875,622.55615234375,4220.65185546875,521.0203857421875,2154.99951171875,1067.0103759765625,1425.7220458984375,1432.95361328125,362.2631530761719,786.3560180664062,352.2872619628906,3416.775634765625,4908.529296875,1816.4002685546875,11702.75390625,1249.5113525390625,299.0042419433594,237.69558715820312,247.66781616210938,1426.546875,1453.6087646484375,697.2847900390625,1520.287841796875,1098.842529296875,136.7006072998047,3674.134765625,1195.6583251953125,3568.0517578125,926.6959228515625,9369.24609375,450.5392761230469,231.30361938476562
2024-03-21,3062.41357421875,1245.7203369140625,6148.2509765625,2759.52783203125,1033.917724609375,8348.0205078125,1600.8096923828125,664.1224975585938,1203.9693603515625,262.11572265625,4683.56103515625,1408.1260986328125,379.86480712890625,3428.549560546875,1210.74609375,3826.388916015625,2189.143310546875,1456.985107421875,703.6258544921875,618.431640625,4229.49462890625,532.7171020507812,2155.38427734375,1064.3538818359375,1467.8046875,1432.7232666015625,367.0997314453125,803.8712768554688,353.6342468261719,3465.743896484375,4965.158203125,1837.5245361328125,11670.412109375,1251.17724609375,309.8242492675781,236.88479614257812,256.1839294433594,1433.685791015625,1463.2271728515625,704.9087524414062,1535.84033203125,1108.5203857421875,140.87718200683594,3676.031494140625,1213.1064453125,3604.8701171875,950.788330078125,9484.0341796875,450.6381530761719,234.56109619140625
2024-03-22,3103.558349609375,1264.616455078125,6340.5791015625,2779.433349609375,1031.62158203125,8533.7158203125,1585.7764892578125,668.58740234375,1219.0584716796875,264.34539794921875,4740.36767578125,1439.7645263671875,379.7769470214844,3395.05859375,1225.563720703125,3894.198486328125,2207.009521484375,1422.336181640625,702.2145385742188,620.0218505859375,4383.05126953125,540.6629028320312,2169.03369140625,1072.716796875,1495.497314453125,1390.4703369140625,373.5048828125,816.1912841796875,354.4823303222656,3522.013671875,4816.10498046875,1850.278076171875,12091.3876953125,1260.853759765625,309.5859375,237.15501403808594,258.0555725097656,1437.6876220703125,1496.1685791015625,707.1817626953125,1578.720703125,1097.571533203125,142.4727325439453,3618.61865234375,1194.097900390625,3683.525146484375,965.4703979492188,9564.048828125,464.932373046875,228.30392456054688
2024-03-26,3105.8056640625,1286.9169921875,6287.42578125,2753.169921875,1038.8597412109375,8548.3115234375,1592.119384765625,683.341796875,1196.37548828125,267.4891357421875,4834.34716796875,1431.0166015625,383.2938232421875,3355.037353515625,1212.0599365234375,3818.724609375,2223.38671875,1426.3533935546875,693.7218627929688,623.0531616210938,4371.02685546875,551.4219970703125,2153.12548828125,1066.22314453125,1502.0247802734375,1375.54150390625,372.6770324707031,813.3216552734375,349.9525146484375,3572.928955078125,4787.4287109375,1835.6534423828125,12005.9765625,1267.0762939453125,313.73284912109375,239.18199157714844,252.72132873535156,1424.397705078125,1481.5169677734375,700.8837280273438,1568.1231689453125,1087.600341796875,143.03585815429688,3587.714599609375,1186.2484130859375,3675.078369140625,971.7767944335938,9483.9853515625,460.3819580078125,224.90585327148438
2024-03-27,3117.939453125,1305.2706298828125,6196.9296875,2768.673828125,1051.1397705078125,8740.9716796875,1580.8819580078125,694.4818725585938,1207.914306640625,265.4156188964844,4794.1533203125,1422.3658447265625,377.57891845703125,3332.133056640625,1194.13037109375,3821.360595703125,2190.929931640625,1411.6995849609375,701.1680908203125,622.5064697265625,4278.76171875,550.4348754882812,2152.836669921875,1066.2724609375,1516.7117919921875,1367.431884765625,372.9820251464844,809.5117797851562,354.32269287109375,3608.267822265625,4741.529296875,1852.59228515625,12260.58984375,1257.448486328125,316.1161193847656,235.80372619628906,252.9085235595703,1475.0618896484375,1474.6893310546875,694.4909057617188,1574.0596923828125,1066.58251953125,143.31741333007812,3553.849853515625,1185.7283935546875,3735.895751953125,964.3372802734375,9506.4580078125,450.5887145996094,221.3671417236328
2024-03-28,3192.83935546875,1324.0682373046875,6321.5849609375,2784.568603515625,1045.498779296875,8727.2822265625,1642.0135498046875,716.48486328125,1211.6617431640625,268.6263122558594,4785.4326171875,1455.024658203125,381.667236328125,3408.76171875,1216.61376953125,3924.36865234375,2270.28515625,1409.280029296875,704.6723022460938,629.4635009765625,4418.8896484375,553.001220703125,2176.53125,1075.66845703125,1535.9482421875,1380.517822265625,373.28704833984375,821.5349731445312,356.2982482910156,3664.245361328125,4752.0185546875,1892.18212890625,12348.79296875,1284.83740234375,320.1199951171875,241.4792022705078,259.13177490234375,1468.145263671875,1495.3212890625,712.53271484375,1590.1522216796875,1071.616943359375,146.27389526367188,3586.6044921875,1180.337890625,3778.031005859375,978.2802734375,9630.6298828125,451.0833435058594,225.02304077148438
2024-04-01,3247.76611328125,1357.6669921875,6421.478515625,2808.2890625,1051.3892822265625,8626.158203125,1644.1611328125,717.048583984375,1200.56689453125,267.8681945800781,4769.79443359375,1456.6771240234375,388.656982421875,3530.11083984375,1234.879150390625,3853.4345703125,2275.49609375,1421.2862548828125,715.67138671875,630.8549194335938,4380.009765625,561.2431030273438,2197.244873046875,1081.916015625,1525.464599609375,1378.121826171875,371.8491516113281,862.8492431640625,357.3359375,3736.383544921875,4698.32421875,1886.864013671875,12318.65625,1266.831298828125,326.3641357421875,243.1458282470703,262.1732177734375,1467.0831298828125,1485.0550537109375,718.1678466796875,1598.6888427734375,1062.525634765625,153.12533569335938,3624.031982421875,1176.98046875,3715.027099609375,977.73828125,9833.3857421875,461.1733703613281,227.2962188720703
2024-04-02,3264.393798828125,1385.5426025390625,6384.18603515625,2811.419189453125,1045.498779296875,8849.3447265625,1654.699462890625,712.7418212890625,1191.5924072265625,274.6016845703125,4774.42236328125,1447.686279296875,389.6681213378906,3584.082275390625,1232.3502197265625,3829.562255859375,2289.143798828125,1395.3568115234375,720.367919921875,628.0224609375,4267.7666015625,563.8095703125,2198.01416015625,1063.7635498046875,1542.2779541015625,1366.5103759765625,371.1084289550781,870.072998046875,350.6908874511719,3706.593505859375,4715.7890625,1942.013916015625,12301.849609375,1285.302734375,328.69970703125,245.48812866210938,261.6117248535156,1469.2320556640625,1465.768798828125,725.8391723632812,1591.8201904296875,1105.783203125,154.53317260742188,3593.543701171875,1169.6512451171875,3732.46728515625,989.95703125,9916.1162109375,470.1257629394531,225.53860473632812
2024-04-03,3229.140869140625,1378.6845703125,6339.7333984375,2806.675048828125,1061.5228271484375,8662.6962890625,1638.5174560546875,722.8139038085938,1208.8017578125,272.4389343261719,4710.74658203125,1430.28759765625,391.6903076171875,3645.820556640625,1209.9952392578125,3841.278564453125,2288.300048828125,1402.2498779296875,721.414306640625,620.270263671875,4264.3984375,569.1396484375,2177.34814453125,1059.827880859375,1525.7119140625,1364.48291015625,370.5419616699219,859.9299926757812,345.4526672363281,3682.304443359375,4685.52587890625,1959.1005859375,12179.736328125,1251.32421875,334.8485107421875,248.05563354492188,262.12646484375,1454.0650634765625,1456.0009765625,730.2430419921875,1589.4652099609375,1094.3946533203125,153.5946044921875,3652.298583984375,1187.0050048828125,3689.2890625,994.3911743164062,9880.3076171875,471.5601501464844,226.47598266601562
2024-04-04,3206.52099609375,1348.73681640625,6404.9208984375,2854.55615234375,1061.2232666015625,8725.373046875,1653.9503173828125,720.257568359375,1190.211669921875,266.8871765136719,4690.2841796875,1418.6722412109375,394.63568115234375,3694.59765625,1213.5712890625,3919.487060546875,2260.905517578125,1405.7193603515625,743.4611206054688,618.5807495117188,4232.34912109375,570.2747802734375,2177.107421875,1061.451416015625,1527.4920654296875,1370.0582275390625,368.40692138671875,853.497802734375,349.0445556640625,3697.296875,4748.93896484375,1972.2969970703125,12316.3544921875,1249.1929931640625,338.08978271484375,242.3350830078125,259.8336486816406,1445.493408203125,1458.9412841796875,719.1149291992188,1588.974609375,1092.879150390625,153.35997009277344,3704.11328125,1209.7965087890625,3759.099853515625,996.8052978515625,9883.46875,487.63494873046875,228.4445343017578
2024-04-05,3220.502685546875,1357.3216552734375,6362.3076171875,2820.466796875,1057.3795166015625,8595.0107421875,1676.075439453125,709.6021118164062,1174.5802001953125,263.2974548339844,4689.74853515625,1408.8065185546875,392.9652099609375,3708.399658203125,1220.841796875,3936.03662109375,2220.9052734375,1410.832275390625,754.1439208984375,625.5377807617188,4234.1728515625,562.6744384765625,2179.0302734375,1065.9281005859375,1535.3548583984375,1363.054443359375,372.58990478515625,848.1541748046875,356.2284240722656,3643.996337890625,4741.529296875,1982.7362060546875,12173.611328125,1243.337890625,337.99444580078125,241.38912963867188,260.5355224609375,1442.7020263671875,1480.4205322265625,724.2764892578125,1578.8187255859375,1090.533203125,153.31304931640625,3681.860595703125,1194.80712890625,3730.976806640625,992.37109375,9704.173828125,489.01983642578125,227.34307861328125
2024-04-08,3220.252685546875,1330.778076171875,6272.80712890625,2828.830322265625,1074.3021240234375,8615.044921875,1687.2630615234375,709.888916015625,1188.0911865234375,263.96636962890625,4703.14599609375,1421.490966796875,393.36077880859375,3755.742431640625,1219.9034423828125,4106.4150390625,2263.83349609375,1406.0845947265625,752.7081298828125,630.705810546875,4299.86328125,569.3370971679688,2180.952392578125,1069.6175537109375,1551.129638671875,1360.8428955078125,373.9406433105469,867.30224609375,356.8769226074219,3707.031982421875,4712.56494140625,2046.552490234375,12608.2568359375,1223.9356689453125,346.5265197753906,243.5962677001953,263.6705627441406,1468.2686767578125,1513.8104248046875,727.6386108398438,1569.693115234375,1111.84423828125,155.0493621826172,3675.66162109375,1196.4620361328125,3725.46142578125,998.3818969726562,9743.8369140625,483.7769775390625,224.9292755126953
2024-04-09,3194.1875,1338.524169921875,6469.01318359375,2794.741455078125,1078.24560546875,8565.818359375,1708.4892578125,711.3771362304688,1187.8447265625,261.2015686035156,4671.86865234375,1409.681396484375,386.7226867675781,3764.597412109375,1218.5894775390625,4148.3017578125,2284.18115234375,1406.4952392578125,753.6572875976562,630.059814453125,4231.17919921875,580.9844360351562,2176.33837890625,1089.1966552734375,1537.8768310546875,1377.56884765625,371.5441589355469,865.4714965820312,355.3204345703125,3685.0302734375,4707.99462890625,2059.157958984375,12630.7001953125,1226.262939453125,345.9545593261719,242.29002380371094,263.1558837890625,1446.2098388671875,1505.587646484375,723.7555541992188,1572.4898681640625,1100.357666015625,155.80020141601562,3651.6044921875,1183.4586181640625,3656.346435546875,993.7506713867188,9650.38671875,484.568359375,223.00759887695312
2024-04-10,3237.679443359375,1334.3797607421875,6453.8974609375,2833.4765625,1086.0330810546875,8591.2412109375,1702.1962890625,715.0015869140625,1212.4508056640625,269.6741943359375,4685.51025390625,1383.0972900390625,401.22979736328125,3699.446044921875,1216.61376953125,4213.18212890625,2289.193603515625,1405.2630615234375,747.7196655273438,617.686279296875,4206.10107421875,595.2474365234375,2173.21484375,1091.5087890625,1535.7998046875,1388.581298828125,380.7815246582031,874.7239990234375,364.3700866699219,3653.82861328125,4732.72509765625,2044.6812744140625,12429.5478515625,1238.4140625,345.5732116699219,245.0376739501953,264.41925048828125,1461.945068359375,1498.4111328125,737.819580078125,1573.961669921875,1119.615966796875,154.90858459472656,3686.85693359375,1197.5496826171875,3687.9970703125,998.677490234375,9698.494140625,498.8625183105469,223.71066284179688
2024-04-12,3205.622314453125,1326.3870849609375,6371.05908203125,2792.1494140625,1071.706298828125,8647.8125,1696.75244140625,714.9323120117188,1208.6539306640625,268.0911560058594,4630.01904296875,1357.6798095703125,400.57037353515625,3739.615234375,1201.98388671875,4200.6357421875,2237.282470703125,1389.1483154296875,739.251220703125,614.7046508789062,4155.4765625,590.9044189453125,2145.72412109375,1086.58935546875,1538.5692138671875,1368.26123046875,374.8121032714844,857.4066162109375,361.79583740234375,3581.8369140625,4704.38623046875,2039.5108642578125,12021.6572265625,1242.6275634765625,344.8582763671875,239.3621826171875,257.587646484375,1449.6680908203125,1488.2447509765625,725.7444458007812,1511.113037109375,1123.6728515625,153.45382690429688,3702.35546875,1174.66357421875,3596.671875,1003.6044311523438,9535.2041015625,496.6368103027344,220.6406707763672
2024-04-15,3143.25537109375,1298.1168212890625,6268.23193359375,2782.269775390625,1056.2314453125,8583.1328125,1654.9989013671875,699.7723999023438,1207.667724609375,262.8960876464844,4639.90869140625,1342.7110595703125,396.5260009765625,3677.135009765625,1187.561279296875,4119.69384765625,2220.75634765625,1374.129150390625,727.4491577148438,609.188720703125,4099.7060546875,604.7725830078125,2108.95751953125,1060.95947265625,1522.9920654296875,1352.9637451171875,371.1520080566406,851.46923828125,358.82257080078125,3505.4638671875,4633.41943359375,2022.276611328125,12174.8359375,1251.17724609375,344.2862548828125,252.1095428466797,256.4646911621094,1447.3707275390625,1462.0809326171875,717.4102172851562,1511.1622314453125,1105.29443359375,150.96665954589844,3646.654296875,1152.5811767578125,3578.088623046875,984.1925659179688,9390.6826171875,484.66729736328125,215.29750061035156
2024-04-16,3102.26025390625,1287.0650634765625,6299.65673828125,2768.184326171875,1050.19140625,8508.81640625,1616.6917724609375,687.707763671875,1199.6793212890625,264.1224060058594,4619.25244140625,1336.6845703125,398.4602966308594,3724.279541015625,1195.365234375,4252.82373046875,2226.26513671875,1348.793212890625,734.5304565429688,600.8899536132812,4045.15185546875,600.9723510742188,2134.670166015625,1049.841796875,1474.5794677734375,1303.476806640625,371.1520080566406,836.4278564453125,357.7150573730469,3449.632080078125,4486.86767578125,2000.462890625,12253.0927734375,1247.4781494140625,342.4750061035156,255.0823974609375,256.6518249511719,1448.2847900390625,1457.944580078125,711.9171752929688,1508.7091064453125,1110.182373046875,150.21580505371094,3583.3662109375,1130.877197265625,3623.10546875,978.2802734375,9348.7490234375,479.4244079589844,210.1417999267578
2024-04-18,3015.2763671875,1278.3817138671875,6040.5009765625,2746.37158203125,1022.3366088867188,8606.2666015625,1592.119384765625,681.6705932617188,1248.2996826171875,262.91839599609375,4574.72265625,1309.566162109375,385.6236877441406,3669.56591796875,1176.951904296875,4248.43017578125,2209.490966796875,1339.252197265625,727.4491577148438,601.9335327148438,3978.15234375,604.8712768554688,2128.902587890625,1038.4288330078125,1458.2113037109375,1307.900146484375,365.00823974609375,835.9825439453125,356.5476989746094,3456.93359375,4519.87353515625,1994.2093505859375,12157.34375,1206.542236328125,334.7532043457031,246.97454833984375,262.12646484375,1446.876708984375,1452.16357421875,705.38232421875,1487.9556884765625,1109.1070556640625,150.21580505371094,3573.37353515625,1115.6041259765625,3503.060791015625,957.1439208984375,9268.6845703125,473.2417907714844,208.26699829101562
2024-04-19,3022.916259765625,1292.6402587890625,6135.3720703125,2747.203125,1027.4283447265625,8399.44140625,1617.1912841796875,704.0494384765625,1271.2291259765625,261.223876953125,4548.70654296875,1308.0595703125,382.7222900390625,3632.760498046875,1174.12646484375,4241.54638671875,2256.240234375,1321.585205078125,745.2619018554688,597.858642578125,3942.96826171875,606.7960815429688,2145.05126953125,1050.03857421875,1465.77734375,1300.52783203125,370.14984130859375,855.7738037109375,357.72503662109375,3425.19677734375,4484.65478515625,2051.279296875,12457.185546875,1194.36669921875,334.18121337890625,247.96551513671875,263.5769958496094,1452.6077880859375,1442.7945556640625,710.7332763671875,1494.2357177734375,1112.577392578125,152.13986206054688,3540.2490234375,1128.843994140625,3540.7734375,949.1132202148438,9250.11328125,482.29315185546875,212.20407104492188
2024-04-22,3059.267578125,1303.59326171875,6203.98974609375,2779.776123046875,1052.2379150390625,8391.0947265625,1627.629638671875,721.1277465820312,1279.6612548828125,269.0945129394531,4631.52880859375,1316.9046630859375,389.44830322265625,3697.86279296875,1188.5985107421875,4361.44580078125,2263.58544921875,1338.384765625,735.9661254882812,602.231689453125,4034.8583984375,610.5469360351562,2154.567138671875,1069.125732421875,1461.2772216796875,1320.341064453125,370.6291198730469,845.878173828125,361.1772766113281,3517.048583984375,4499.7138671875,2058.911865234375,12530.2470703125,1204.65576171875,326.888427734375,249.3618621826172,265.4486389160156,1462.2166748046875,1470.5531005859375,725.5549926757812,1511.211181640625,1144.690673828125,151.9052276611328,3575.779296875,1142.462158203125,3574.262939453125,959.311767578125,9448.9658203125,488.080078125,216.53955078125
2024-04-23,3061.01513671875,1304.5799560546875,6160.58154296875,2812.10400390625,1054.0350341796875,8391.140625,1619.2889404296875,717.9336547851562,1323.8436279296875,264.4345703125,4674.88916015625,1308.9827880859375,387.6898498535156,3728.68212890625,1175.9539794921875,4413.38916015625,2352.5185546875,1357.32958984375,733.7274169921875,597.461181640625,4065.87890625,603.8842163085938,2174.992919921875,1072.6676025390625,1458.3101806640625,1329.23388671875,374.0278015136719,842.4641723632812,361.79583740234375,3514.56591796875,4545.13232421875,2031.2879638671875,12736.7890625,1225.50341796875,330.94000244140625,249.3618621826172,267.03955078125,1441.936279296875,1465.021240234375,732.08984375,1456.80126953125,1147.0367431640625,151.24822998046875,3585.1240234375,1135.0855712890625,3610.2861328125,972.3187866210938,9417.650390625,490.1574401855469,216.58642578125
2024-04-24,3039.494140625,1303.0010986328125,6248.5419921875,2805.110107421875,1061.5228271484375,8296.9814453125,1628.528564453125,724.78173828125,1317.9755859375,264.59063720703125,4705.24169921875,1359.04052734375,390.2395935058594,3773.353515625,1175.697265625,4423.6904296875,2320.35986328125,1350.5733642578125,735.7227783203125,590.5537719726562,4111.07568359375,627.8698120117188,2172.590087890625,1079.062744140625,1458.45849609375,1318.498046875,373.7663879394531,873.4869995117188,367.7325134277344,3538.612548828125,4548.40380859375,2027.2008056640625,12685.630859375,1224.9644775390625,335.2298889160156,251.6591033935547,271.7655029296875,1432.895263671875,1455.2535400390625,732.1845703125,1457.880615234375,1085.254150390625,155.37786865234375,3544.736572265625,1121.3255615234375,3587.181396484375,977.1470947265625,9541.427734375,493.0756530761719,215.55526733398438
2024-04-25,3111.098388671875,1312.91796875,6348.73388671875,2798.94775390625,1125.1693115234375,8333.0439453125,1653.7005615234375,721.394775390625,1320.243896484375,269.07220458984375,4720.0517578125,1366.81640625,397.8008728027344,3803.03564453125,1228.6358642578125,4506.1943359375,2349.8388671875,1373.3074951171875,735.260498046875,591.0507202148438,4209.28173828125,638.4313354492188,2144.33056640625,1095.78857421875,1479.6729736328125,1325.5936279296875,381.304443359375,896.3458862304688,327.7524719238281,3555.600341796875,4459.7802734375,2065.017822265625,12664.51171875,1255.5867919921875,342.4273376464844,254.00140380859375,274.4794006347656,1442.57861328125,1439.70458984375,769.6887817382812,1491.6353759765625,1081.4415283203125,157.395751953125,3564.305419921875,1125.67578125,3548.773193359375,986.606689453125,9566.0244140625,500.4453125,216.0708465576172
2024-04-26,3076.294677734375,1307.046875,6223.92919921875,2782.025634765625,1128.4639892578125,8561.4296875,1595.5655517578125,665.6503295898438,1307.718994140625,271.77001953125,4677.4716796875,1369.683837890625,400.74615478515625,3973.755615234375,1235.2249755859375,4492.32958984375,2325.02490234375,1345.64306640625,734.7981567382812,584.24267578125,4203.0126953125,640.8990478515625,2136.447998046875,1090.032958984375,1430.5186767578125,1318.037109375,383.4394836425781,877.9895629882812,320.9777526855469,3509.747314453125,4607.341796875,2013.8565673828125,12449.736328125,1216.4393310546875,339.37677001953125,254.85720825195312,273.496826171875,1435.2421875,1410.6005859375,758.89208984375,1478.2906494140625,1077.9224853515625,155.6125030517578,3535.761474609375,1209.32373046875,3562.3876953125,984.88232421875,9582.966796875,502.9678039550781,217.7581787109375
2024-04-29,3077.093994140625,1299.794189453125,5935.287109375,2805.55029296875,1157.366943359375,8357.0830078125,1593.867431640625,675.08447265625,1314.080078125,275.939453125,4676.88671875,1368.5660400390625,398.5042419433594,3946.94287109375,1244.1156005859375,4463.8681640625,2368.846435546875,1266.7132568359375,744.3858642578125,571.5709228515625,4171.29052734375,641.6393432617188,2139.764404296875,1141.4403076171875,1470.920166015625,1322.18408203125,381.870849609375,886.4007568359375,327.3433837890625,3538.076904296875,4564.90771484375,2030.74609375,12436.505859375,1229.6927490234375,346.0498962402344,255.12747192382812,274.85382080078125,1447.568359375,1417.67724609375,782.7584228515625,1493.0582275390625,1073.865478515625,157.11419677734375,3580.960693359375,1218.355224609375,3582.312255859375,985.9661865234375,9843.3125,501.5828857421875,216.98480224609375
2024-04-30,3050.629150390625,1307.3427734375,5914.15478515625,2813.081787109375,1164.0062255859375,8494.0302734375,1613.19580078125,684.671875,1304.070068359375,270.8336181640625,4653.59912109375,1360.7900390625,399.4273986816406,3959.953369140625,1225.7811279296875,4488.81494140625,2393.7099609375,1247.72265625,739.8109741210938,580.0685424804688,4251.15673828125,636.0625,2143.945556640625,1131.8475341796875,1499.0577392578125,1309.0982666015625,379.648681640625,872.9922485351562,324.060791015625,3499.135986328125,4528.77392578125,2123.61474609375,12561.6083984375,1228.5166015625,346.24053955078125,254.81214904785156,282.4808044433594,1449.5198974609375,1431.83056640625,782.5216674804688,1473.9239501953125,1083.4945068359375,154.86166381835938,3535.11376953125,1194.901611328125,3566.8095703125,993.1594848632812,9850.6220703125,501.68182373046875,216.72702026367188
2024-05-02,3035.54931640625,1321.0587158203125,5925.541015625,2910.40869140625,1147.982177734375,8691.5068359375,1613.645263671875,680.6322021484375,1286.0716552734375,283.0074462890625,4637.716796875,1380.2786865234375,399.0757141113281,3922.603759765625,1242.2188720703125,4493.6962890625,2419.21923828125,1242.335693359375,745.7242431640625,572.8132934570312,4268.421875,633.150634765625,2139.95654296875,1121.0740966796875,1488.6729736328125,1303.476806640625,382.5679931640625,881.05712890625,314.4224853515625,3504.197998046875,4515.59130859375,2151.977294921875,12549.7001953125,1230.9176025390625,351.8174133300781,254.7671356201172,293.4767761230469,1449.0753173828125,1456.1005859375,786.1205444335938,1490.507080078125,1066.6802978515625,157.06727600097656,3574.576171875,1198.116943359375,3546.1396484375,1012.7684326171875,9862.0810546875,492.8283386230469,214.38352966308594
2024-05-03,2989.260986328125,1302.8037109375,5976.30908203125,2865.755859375,1139.645751953125,8686.6884765625,1625.4820556640625,685.4580688476562,1259.7890625,280.8669738769531,4623.0517578125,1384.846923828125,417.27545166015625,3909.048828125,1254.4781494140625,4490.62109375,2462.891845703125,1230.7862548828125,739.567626953125,562.427490234375,4260.23388671875,638.7274780273438,2131.0654296875,1123.63232421875,1467.4090576171875,1305.181640625,380.3458251953125,865.07568359375,308.64544677734375,3407.137939453125,4476.37939453125,2159.7080078125,12242.75390625,1203.382080078125,347.9088439941406,257.739990234375,290.9032897949219,1416.9130859375,1438.508544921875,787.4464721679688,1482.80419921875,1069.759765625,156.2694854736328,3556.163330078125,1182.56005859375,3511.8056640625,998.5789794921875,9696.962890625,488.2779235839844,214.36007690429688
2024-05-06,2870.819091796875,1272.8558349609375,6023.1474609375,2868.103271484375,1141.792236328125,8636.080078125,1609.5498046875,678.37255859375,1265.706298828125,272.12677001953125,4931.93115234375,1383.5347900390625,404.9664611816406,3920.97119140625,1243.3944091796875,4490.376953125,2435.05029296875,1240.60107421875,741.0520629882812,551.6439819335938,4219.9970703125,630.534912109375,2168.69677734375,1127.813720703125,1481.0576171875,1314.028564453125,378.8643493652344,871.4584350585938,324.130615234375,3371.6044921875,4526.4169921875,2191.173095703125,12190.958984375,1204.0189208984375,340.1393737792969,254.1815185546875,287.1599426269531,1402.610595703125,1435.8673095703125,765.048095703125,1500.466552734375,1073.523193359375,157.30191040039062,3628.010498046875,1193.7196044921875,3259.64208984375,1001.3380737304688,9658.04296875,478.1878967285156,214.9694061279297
2024-05-07,2832.170654296875,1270.58642578125,5867.564453125,2849.37158203125,1125.8681640625,8278.666015625,1613.345703125,679.6284790039062,1268.41845703125,269.4735107421875,5041.3056640625,1348.3485107421875,400.92205810546875,3869.918212890625,1236.3116455078125,4513.22412109375,2402.990478515625,1231.487060546875,733.021728515625,548.9605712890625,4189.11669921875,612.1755981445312,2287.118896484375,1113.6458740234375,1436.6011962890625,1327.8975830078125,383.7445068359375,848.4015502929688,328.0418395996094,3336.99560546875,4522.03857421875,2158.23095703125,12117.2109375,1229.1292724609375,332.84661865234375,246.4790802001953,276.3042907714844,1384.775634765625,1445.385986328125,759.4603881835938,1486.92529296875,1074.7452392578125,154.15773010253906,3681.5830078125,1222.2799072265625,3250.449951171875,974.0924072265625,9564.69140625,468.9881896972656,217.43006896972656
2024-05-08,2856.738037109375,1260.3243408203125,5814.11181640625,2781.194091796875,1126.816650390625,8346.876953125,1601.2591552734375,672.3995971679688,1270.8345947265625,276.6083679199219,5094.4580078125,1345.9671630859375,408.3514099121094,3885.699462890625,1196.5506591796875,4491.451171875,2359.665283203125,1215.4801025390625,721.5845947265625,547.072265625,4317.455078125,625.303466796875,2250.25634765625,1104.8895263671875,1426.6614990234375,1315.3187255859375,384.31097412109375,855.6254272460938,328.9298400878906,3394.531005859375,4535.89453125,2149.26904296875,12293.126953125,1243.9993896484375,338.85247802734375,249.4069366455078,282.62115478515625,1401.6473388671875,1422.0628662109375,767.8893432617188,1493.2054443359375,1090.0443115234375,155.84713745117188,3679.732421875,1217.125732421875,3239.46923828125,997.2979736328125,9403.6728515625,472.6977233886719,217.10198974609375
2024-05-09,2762.962890625,1228.0577392578125,5774.23388671875,2650.90380859375,1113.8377685546875,8439.841796875,1562.85205078125,653.1852416992188,1257.8658447265625,264.0555419921875,4940.21337890625,1320.7440185546875,389.931884765625,3749.75634765625,1161.1856689453125,4460.15771484375,2336.191162109375,1221.401611328125,704.4776000976562,536.2391357421875,4458.7529296875,611.3859252929688,2235.453125,1097.7071533203125,1386.0621337890625,1326.6075439453125,370.454833984375,825.8395385742188,327.8822021484375,3188.727783203125,4482.20068359375,2178.96142578125,12255.00390625,1231.48095703125,329.89129638671875,238.95680236816406,277.14654541015625,1377.51318359375,1417.7271728515625,776.4130249023438,1466.61376953125,1060.7171630859375,151.95213317871094,3664.234619140625,1200.197509765625,3225.407470703125,1015.2318725585938,9331.263671875,461.4206848144531,213.6804656982422
2024-05-10,2793.522216796875,1249.9632568359375,5810.083984375,2710.718017578125,1118.280517578125,8568.583984375,1570.9429931640625,660.9974975585938,1283.211669921875,275.8725891113281,4936.998046875,1302.033203125,395.11920166015625,3753.268798828125,1169.8095703125,4547.8369140625,2359.466552734375,1217.83935546875,709.3616333007812,545.183837890625,4564.02490234375,617.505615234375,2270.92236328125,1099.035400390625,1394.666748046875,1313.10693359375,377.644287109375,844.6907348632812,324.8589782714844,3184.833740234375,4433.7509765625,2159.757568359375,12422.443359375,1241.157470703125,338.9001159667969,243.46116638183594,284.2589111328125,1390.65478515625,1427.2457275390625,774.0926513671875,1478.2906494140625,1066.4847412109375,152.28062438964844,3602.888916015625,1195.7528076171875,3269.281494140625,1031.3427734375,9376.3095703125,496.4884033203125,211.78224182128906
2024-05-13,2875.7626953125,1289.088134765625,5797.8525390625,2816.35888671875,1130.1612548828125,8578.6005859375,1578.7843017578125,664.4191284179688,1268.22119140625,270.6329650878906,4999.11474609375,1375.02978515625,390.3714904785156,3870.017333984375,1167.3497314453125,4547.4462890625,2367.456787109375,1214.7861328125,717.9208984375,556.2158203125,4571.65087890625,625.303466796875,2269.095947265625,1109.808837890625,1389.1282958984375,1311.7706298828125,376.337158203125,851.6176147460938,327.5030212402344,3206.640625,4420.1826171875,2151.091064453125,12420.8251953125,1232.852783203125,334.5149230957031,240.44320678710938,286.8791809082031,1385.9859619140625,1420.418212890625,765.9951782226562,1496.443603515625,1072.3502197265625,153.78233337402344,3652.76123046875,1193.530517578125,3233.3076171875,945.7136840820312,9435.3828125,528.3412475585938,211.82911682128906
2024-05-14,3033.502197265625,1313.608642578125,5830.32080078125,2803.544921875,1121.026123046875,8648.1953125,1574.6888427734375,660.1619262695312,1266.593994140625,270.2093200683594,5009.10205078125,1319.3345947265625,394.5037841796875,3854.879638671875,1159.49658203125,4618.81982421875,2354.404541015625,1222.3271484375,720.7328491210938,558.1040649414062,4719.40625,638.2833251953125,2258.474853515625,1102.47900390625,1405.3975830078125,1312.9224853515625,374.4635009765625,872.299560546875,328.5207824707031,3289.974365234375,4459.92431640625,2235.440673828125,12558.3740234375,1218.693115234375,339.18609619140625,245.8484344482422,289.4059143066406,1403.1539306640625,1428.1427001953125,774.897705078125,1516.2645263671875,1061.1080322265625,154.81471252441406,3609.643798828125,1206.2501220703125,3268.33740234375,950.5419921875,9543.2060546875,504.5505676269531,213.89138793945312
2024-05-15,3045.685791015625,1320.12109375,5816.39892578125,2752.240478515625,1126.2176513671875,8493.5537109375,1567.2972412109375,660.587158203125,1291.8409423828125,278.72650146484375,4934.26953125,1367.302490234375,411.3407897949219,3851.268310546875,1160.721435546875,4539.5380859375,2352.072021484375,1233.2913818359375,709.6575317382812,552.5385131835938,4732.3662109375,645.2421264648438,2233.194580078125,1106.2176513671875,1401.5404052734375,1308.5452880859375,372.8077697753906,861.859619140625,329.41876220703125,3320.98095703125,4473.8291015625,2267.348876953125,12512.4091796875,1207.7425537109375,344.4769287109375,246.34396362304688,294.6466064453125,1399.3992919921875,1425.40185546875,776.8865356445312,1498.749267578125,1044.9293212890625,155.4248046875,3590.3984375,1205.304443359375,3248.11474609375,933.4456787109375,9497.2216796875,509.2493591308594,214.80535888671875
2024-05-16,3037.596435546875,1327.225830078125,5898.84033203125,2752.5830078125,1137.449462890625,8463.693359375,1594.217041015625,667.2276611328125,1326.5556640625,275.9171447753906,5006.13037109375,1381.2991943359375,411.7363586425781,3889.458984375,1155.861083984375,4571.17236328125,2354.95068359375,1247.40185546875,720.3875122070312,563.5703735351562,4811.0166015625,644.8966064453125,2252.274658203125,1112.8096923828125,1393.2821044921875,1339.3248291015625,375.988525390625,877.1484375,333.6591796875,3368.97607421875,4591.12841796875,2335.744384765625,12248.1435546875,1209.384033203125,344.5722961425781,250.12759399414062,292.4473876953125,1408.3660888671875,1447.42919921875,768.978515625,1507.4825439453125,1075.08740234375,155.70635986328125,3635.646240234375,1236.9383544921875,3313.055908203125,922.7052001953125,9591.06640625,504.5010681152344,217.6878662109375
2024-05-17,3056.421630859375,1317.9996337890625,5920.07177734375,2748.523681640625,1139.4959716796875,8376.736328125,1582.9796142578125,665.2745361328125,1325.9146728515625,280.17578125,4956.4853515625,1359.8668212890625,413.45086669921875,3869.275390625,1145.8148193359375,4583.03564453125,2405.62060546875,1233.5689697265625,722.286865234375,566.7010498046875,4762.216796875,646.969482421875,2230.359375,1112.2684326171875,1396.842529296875,1330.98486328125,380.21514892578125,897.9786987304688,338.5481872558594,3359.386474609375,4584.48828125,2476.426025390625,12389.1220703125,1198.1885986328125,348.385498046875,249.94744873046875,293.0556640625,1418.5927734375,1429.48828125,774.566162109375,1502.674560546875,1070.639404296875,157.06727600097656,3573.343017578125,1234.5267333984375,3340.1357421875,931.869140625,9770.11328125,505.7376403808594,216.0708465576172
2024-05-21,3113.345458984375,1367.1397705078125,5915.2978515625,2789.50830078125,1135.802001953125,8414.896484375,1580.7821044921875,666.8024291992188,1325.766845703125,287.17681884765625,5045.44677734375,1401.9052734375,431.3868713378906,3973.953369140625,1141.9127197265625,4562.58056640625,2428.44970703125,1241.618896484375,719.6722412109375,562.1292114257812,4729.13818359375,684.6258544921875,2221.083251953125,1102.8724365234375,1391.0567626953125,1321.631103515625,378.9079284667969,913.8117065429688,338.8874206542969,3349.845947265625,4552.20458984375,2484.353759765625,12224.279296875,1205.6849365234375,354.629638671875,252.3347930908203,304.7535705566406,1419.0128173828125,1424.953369140625,786.6888427734375,1512.0452880859375,1069.4173583984375,163.63717651367188,3560.38818359375,1252.0223388671875,3355.886474609375,937.38720703125,9670.3916015625,506.5783996582031,216.0239715576172
2024-05-22,3136.76416015625,1359.9364013671875,5835.64208984375,2822.716796875,1124.1710205078125,8400.443359375,1582.180419921875,666.9705810546875,1329.317138671875,285.6160888671875,5132.45849609375,1440.78515625,441.1022033691406,4015.508056640625,1160.2769775390625,4584.548828125,2418.52392578125,1242.68310546875,719.8695678710938,556.961181640625,4674.9580078125,675.6929321289062,2275.103515625,1093.1812744140625,1389.5238037109375,1340.6611328125,383.35235595703125,906.2415161132812,339.1468505859375,3369.219482421875,4595.50634765625,2482.778076171875,12281.169921875,1209.77587890625,356.39324951171875,250.4429168701172,304.8471984863281,1443.24560546875,1422.710693359375,788.422119140625,1510.4261474609375,1095.2254638671875,162.65167236328125,3571.385986328125,1258.169677734375,3362.69384765625,933.6427612304688,9774.55859375,509.9912109375,216.21144104003906
2024-05-23,3382.785888671875,1424.22314453125,5936.9775390625,2840.323974609375,1163.357177734375,8551.0791015625,1606.6529541015625,675.08935546875,1355.1065673828125,288.7153015136719,5145.8564453125,1447.4432373046875,437.2336120605469,4069.38037109375,1165.206298828125,4738.2314453125,2435.546630859375,1252.3984375,736.3468017578125,562.178955078125,4814.619140625,668.043212890625,2290.098876953125,1116.2039794921875,1425.029541015625,1356.8802490234375,384.61590576171875,907.4290161132812,341.0425720214844,3490.471435546875,4648.9599609375,2569.58984375,12676.6650390625,1212.2255859375,354.9156494140625,255.35269165039062,299.37255859375,1468.3428955078125,1442.0469970703125,801.277587890625,1467.05517578125,1092.879150390625,164.71649169921875,3628.65625,1264.8841552734375,3430.467529296875,948.2755737304688,10046.90625,505.3419189453125,218.3206024169922
2024-05-24,3380.439208984375,1397.334228515625,5881.58642578125,2811.95703125,1172.0928955078125,8536.5302734375,1599.9105224609375,676.10302734375,1369.357421875,291.6806640625,5106.443359375,1444.81884765625,440.4867248535156,4078.6806640625,1158.8939208984375,4765.66748046875,2422.841796875,1244.6722412109375,748.4827270507812,561.63232421875,4789.447265625,664.5391235351562,2277.170654296875,1113.695068359375,1425.96923828125,1350.15283203125,380.1279602050781,899.1661376953125,339.92510986328125,3529.899169921875,4657.09130859375,2540.587158203125,12740.9052734375,1209.0899658203125,357.44189453125,255.17254638671875,298.3431091308594,1462.6119384765625,1431.5316162109375,797.9072265625,1458.8128662109375,1081.0230712890625,164.10643005371094,3587.695556640625,1249.9891357421875,3391.065185546875,946.501953125,10106.720703125,510.238525390625,217.31289672851562
2024-05-27,3284.666748046875,1412.67822265625,5906.3974609375,2809.560546875,1185.07177734375,8584.70703125,1594.017333984375,681.8980102539062,1365.2645263671875,292.55023193359375,5078.7216796875,1437.2374267578125,434.7279357910156,4210.12158203125,1160.2669677734375,4680.08740234375,2372.8662109375,1252.1668701171875,753.6627807617188,560.7875366210938,4757.25732421875,669.0796508789062,2292.02099609375,1111.579833984375,1449.0133056640625,1355.91259765625,376.0321350097656,892.5361328125,341.4317321777344,3555.30810546875,4707.41748046875,2510.40234375,12648.4384765625,1205.2437744140625,352.38934326171875,250.12759399414062,297.54766845703125,1448.77880859375,1405.567138671875,802.818359375,1438.55029296875,1070.83544921875,164.71649169921875,3585.412109375,1257.5074462890625,3382.12158203125,944.48193359375,10101.1884765625,519.2899169921875,212.0634765625
2024-05-28,3239.72705078125,1381.9410400390625,5871.7900390625,2847.61083984375,1181.4776611328125,8576.1689453125,1597.863037109375,679.677978515625,1352.14794921875,288.2916259765625,5116.04052734375,1438.014892578125,428.7492370605469,4345.5205078125,1178.56201171875,4658.26611328125,2422.196533203125,1256.8858642578125,755.0441284179688,574.9004516601562,4850.87939453125,672.4850463867188,2303.027099609375,1108.775634765625,1443.326416015625,1351.9500732421875,373.853515625,897.8796997070312,339.9649963378906,3561.343994140625,4701.54736328125,2514.046142578125,12562.685546875,1201.2261962890625,348.3377990722656,247.10971069335938,292.72808837890625,1438.8485107421875,1445.98388671875,800.3628540039062,1437.4217529296875,1078.365478515625,164.15335083007812,3578.748291015625,1243.7000732421875,3388.083984375,933.6920166015625,10055.15625,511.92022705078125,213.7507781982422
2024-05-29,3254.45751953125,1391.3150634765625,5870.74658203125,2836.80224609375,1157.8660888671875,8652.91796875,1568.1461181640625,673.116455078125,1358.114501953125,282.516845703125,5095.82177734375,1451.719970703125,427.69415283203125,4400.82763671875,1185.5657958984375,4633.3193359375,2382.742431640625,1251.98193359375,744.0921630859375,558.4022827148438,4813.26171875,696.1744384765625,2281.351806640625,1084.2281494140625,1444.2166748046875,1337.113037109375,375.5528564453125,892.4866333007812,336.8121032714844,3538.563720703125,4696.591796875,2495.186767578125,12533.333984375,1213.22998046875,347.5751647949219,244.90255737304688,297.31378173828125,1423.6072998046875,1408.15869140625,792.1776733398438,1451.2081298828125,1054.495849609375,163.5432891845703,3544.96337890625,1216.6055908203125,3359.265380859375,929.7998046875,9901.546875,511.67291259765625,211.29010009765625
2024-05-30,3189.993408203125,1365.166259765625,5734.50537109375,2820.711669921875,1166.052734375,8555.8974609375,1522.3973388671875,654.302734375,1358.163818359375,279.0386657714844,5065.37255859375,1425.524658203125,423.91351318359375,4366.0009765625,1160.4744873046875,4630.92724609375,2327.754150390625,1232.3199462890625,747.3234252929688,547.3704223632812,4806.009765625,686.1558227539062,2260.204833984375,1095.7393798828125,1430.914306640625,1315.456787109375,369.36553955078125,874.4766235351562,337.2610778808594,3538.466064453125,4593.0048828125,2455.646484375,12346.490234375,1178.2471923828125,342.90399169921875,240.26304626464844,287.0195617675781,1407.8720703125,1375.516357421875,795.2590942382812,1431.7305908203125,1050.4600830078125,154.0638885498047,3482.008056640625,1173.4813232421875,3251.394287109375,910.437255859375,9748.8740234375,500.64312744140625,204.79861450195312
2024-05-31,3406.8037109375,1418.35205078125,5806.85205078125,2818.2666015625,1160.26220703125,8666.7978515625,1526.892333984375,662.3375244140625,1353.824462890625,279.9527893066406,5047.10302734375,1406.6680908203125,431.8704528808594,4261.52099609375,1144.29345703125,4621.6513671875,2299.019775390625,1225.1490478515625,755.5620727539062,546.4758911132812,4790.6640625,680.4308471679688,2238.7216796875,1102.970947265625,1445.799072265625,1322.459716796875,371.6312561035156,871.3594360351562,335.3254089355469,3572.150390625,4524.44384765625,2468.202880859375,12151.7568359375,1153.79833984375,342.2366638183594,238.14599609375,290.1078186035156,1413.35595703125,1381.845458984375,799.5924072265625,1432.41748046875,1043.6190185546875,156.9264678955078,3421.28857421875,1161.754638671875,3221.63134765625,909.5010986328125,9794.9580078125,503.3139953613281,205.38449096679688
2024-06-03,3640.39208984375,1562.9598388671875,5818.7861328125,2803.838623046875,1221.911865234375,8905.9658203125,1574.0396728515625,683.8807373046875,1371.9215087890625,297.05413818359375,5035.41015625,1411.6739501953125,450.4658508300781,4276.06494140625,1142.604248046875,4560.52978515625,2351.1787109375,1216.22021484375,775.6160278320312,546.724365234375,4829.029296875,686.9454956054688,2264.5302734375,1141.292724609375,1512.904052734375,1321.519775390625,375.0299377441406,905.7467041015625,342.8385314941406,3793.96728515625,4473.9248046875,2594.01318359375,12227.0732421875,1153.871826171875,373.5050964355469,255.93824768066406,315.9835510253906,1492.32861328125,1386.9285888671875,872.1032104492188,1425.7940673828125,1052.379638671875,163.5432891845703,3451.019287109375,1177.7369384765625,3240.810791015625,936.5496215820312,10342.765625,522.4553833007812,208.1498260498047
2024-06-04,2937.33056640625,1232.399169921875,5813.31689453125,2795.230712890625,1129.412353515625,8821.345703125,1475.649658203125,643.7313232421875,1281.781494140625,258.7267150878906,5188.68115234375,1421.58837890625,388.52508544921875,4278.291015625,1132.23193359375,4389.22412109375,2239.614990234375,1206.1348876953125,731.684814453125,531.17041015625,4969.48583984375,640.6522216796875,2399.4853515625,1054.170654296875,1376.221435546875,1310.0048828125,368.496826171875,833.0633544921875,326.8544921875,3313.095703125,4455.88232421875,2533.841064453125,11932.9638671875,1189.49169921875,315.782470703125,212.87648010253906,276.95941162109375,1380.625732421875,1334.4515380859375,746.4852905273438,1403.029296875,1069.9495849609375,149.18338012695312,3462.343017578125,1172.015625,3218.69970703125,890.6804809570312,9797.72265625,490.60260009765625,205.3610382080078
2024-06-05,3111.198486328125,1336.649169921875,5901.77392578125,2897.056640625,1182.575927734375,9160.490234375,1516.0045166015625,676.0783081054688,1325.81591796875,259.1280517578125,5346.091796875,1455.024658203125,404.9224548339844,4454.94775390625,1150.6749267578125,4470.84912109375,2287.70458984375,1243.2843017578125,765.5520629882812,548.5630493164062,5294.939453125,686.2545166015625,2501.806640625,1090.7708740234375,1484.4697265625,1344.2672119140625,381.8983459472656,869.23193359375,342.8485107421875,3318.741943359375,4511.88623046875,2699.339599609375,12252.994140625,1229.7171630859375,325.07720947265625,222.9662628173828,279.6264953613281,1403.821044921875,1385.533203125,760.4962768554688,1459.4014892578125,1124.4805908203125,158.80357360839844,3491.65380859375,1198.116943359375,3296.90771484375,916.3494873046875,9916.0673828125,522.752197265625,211.61819458007812
2024-06-06,3181.404541015625,1335.02099609375,5928.97216796875,2841.350830078125,1169.0478515625,9255.126953125,1524.7447509765625,684.8944091796875,1351.7042236328125,260.48809814453125,5301.07568359375,1435.633544921875,415.82476806640625,4401.7177734375,1163.87255859375,4608.27490234375,2317.382080078125,1293.06396484375,769.4493408203125,551.8427734375,5178.67236328125,668.734130859375,2450.718017578125,1092.49267578125,1464.837646484375,1383.8876953125,386.4246826171875,878.83056640625,346.16107177734375,3390.3447265625,4619.08154296875,2658.86376953125,12420.4833984375,1210.878173828125,333.4185791015625,227.29046630859375,281.1706237792969,1414.5416259765625,1438.10986328125,786.6887817382812,1445.075439453125,1122.0196533203125,161.47848510742188,3569.89453125,1245.9224853515625,3300.8828125,924.528076171875,9932.712890625,531.6056518554688,216.0708465576172
2024-06-07,3215.25927734375,1360.5777587890625,5981.23046875,2863.75048828125,1184.872314453125,9278.1171875,1565.9486083984375,711.1596069335938,1405.6005859375,267.4668884277344,5323.58349609375,1455.31640625,421.27581787109375,4476.07080078125,1197.5286865234375,4649.52685546875,2362.146728515625,1324.5230712890625,776.183349609375,559.4955444335938,5223.21435546875,671.5472412109375,2477.824462890625,1103.6103515625,1475.7169189453125,1441.5552978515625,389.7528381347656,902.629638671875,349.9525146484375,3438.97216796875,4789.35400390625,2814.0712890625,12555.1396484375,1226.0914306640625,343.7619323730469,234.58755493164062,289.49951171875,1452.4345703125,1421.165771484375,799.207275390625,1478.5848388671875,1117.83642578125,167.90756225585938,3629.12255859375,1302.8067626953125,3422.517333984375,956.306396484375,10335.9501953125,533.9303588867188,227.1087188720703
2024-06-10,3215.80859375,1365.708984375,6023.1474609375,2873.385498046875,1198.0506591796875,9285.2724609375,1564.0509033203125,701.0184326171875,1406.3896484375,268.7154541015625,5347.79736328125,1491.280029296875,420.0010070800781,4488.14208984375,1206.3895263671875,4669.78662109375,2428.5986328125,1312.725830078125,770.2387084960938,565.7072143554688,5354.54638671875,667.6484375,2465.857177734375,1105.676513671875,1469.5355224609375,1409.737060546875,387.7559509277344,906.3405151367188,348.3461608886719,3449.92431640625,4718.38720703125,2764.9287109375,12463.6533203125,1248.5068359375,347.8612060546875,233.46145629882812,295.53564453125,1453.867431640625,1427.5947265625,800.9887084960938,1484.7176513671875,1115.2772216796875,169.212158203125,3596.269775390625,1267.5792236328125,3400.803955078125,960.8884887695312,10694.6357421875,545.5536499023438,222.7498321533203
2024-06-11,3216.957275390625,1384.851806640625,6074.11376953125,2866.521484375,1192.659423828125,9361.2587890625,1566.498046875,705.8887939453125,1407.5731201171875,270.7667236328125,5376.3955078125,1487.39208984375,418.8140869140625,4427.986328125,1193.1722412109375,4646.255859375,2438.623291015625,1322.0250244140625,771.9653930664062,568.1918334960938,5414.80859375,664.2430419921875,2457.206298828125,1100.1668701171875,1464.788330078125,1405.97705078125,384.2945861816406,900.6010131835938,343.2276611328125,3503.419189453125,4718.4833984375,2792.50390625,12606.8369140625,1245.444580078125,350.24444580078125,246.4340362548828,296.2375183105469,1439.31787109375,1423.358642578125,804.5997924804688,1471.6180419921875,1117.787109375,170.18826293945312,3590.118408203125,1276.1851806640625,3389.3759765625,978.6854248046875,10800.630859375,548.3234252929688,223.12478637695312
2024-06-12,3214.760009765625,1375.4776611328125,6134.42724609375,2869.830078125,1185.970458984375,9448.5966796875,1577.3359375,713.765380859375,1418.5693359375,273.5091552734375,5299.95458984375,1497.7923583984375,429.67236328125,4405.1318359375,1197.2816162109375,4736.0830078125,2431.923583984375,1331.2310791015625,776.5780029296875,569.1857299804688,5418.17724609375,665.1807861328125,2430.62841796875,1101.4951171875,1467.953125,1396.060302734375,383.67333984375,907.330078125,342.3795471191406,3534.182861328125,4764.2392578125,2745.232421875,12592.822265625,1243.16650390625,353.96234130859375,248.19076538085938,303.8177490234375,1445.8885498046875,1447.927490234375,808.0182495117188,1478.5848388671875,1107.009033203125,171.032958984375,3571.0595703125,1296.186767578125,3361.153564453125,980.2717895507812,10910.529296875,544.1192626953125,223.523193359375
2024-06-13,3220.502685546875,1385.838623046875,6171.81884765625,2873.97802734375,1172.741943359375,9466.8662109375,1588.3236083984375,721.3997802734375,1406.0938720703125,276.1846923828125,5241.638671875,1501.2916259765625,428.9690246582031,4544.78466796875,1204.354736328125,4688.09423828125,2439.764892578125,1336.227783203125,779.8340454101562,589.8580322265625,5442.31982421875,671.892822265625,2390.93017578125,1089.49169921875,1490.7005615234375,1404.28515625,381.8983459472656,906.1920166015625,344.4947814941406,3605.590576171875,4856.71240234375,2818.256591796875,12590.37109375,1250.2462158203125,352.67535400390625,249.1366424560547,300.8230895996094,1447.790771484375,1445.1368408203125,812.6405639648438,1482.4609375,1097.116455078125,171.34268188476562,3614.39697265625,1313.5406494140625,3450.4912109375,977.446044921875,11037.9609375,551.686767578125,226.19479370117188
2024-06-14,3258.6767578125,1417.7978515625,6173.21142578125,2885.4345703125,1179.131591796875,9580.6884765625,1589.9718017578125,726.008056640625,1407.7210693359375,279.44000244140625,5255.474609375,1520.9259033203125,428.1337890625,4539.9365234375,1202.260498046875,4818.5390625,2452.817138671875,1324.1068115234375,787.80126953125,594.6782836914062,5431.27783203125,674.7552490234375,2406.79931640625,1087.8192138671875,1485.8543701171875,1399.5382080078125,382.6526794433594,911.5357666015625,342.6689147949219,3590.160400390625,4842.61474609375,2884.14111328125,12588.7548828125,1245.714111328125,351.24542236328125,248.1006317138672,300.869873046875,1459.9442138671875,1465.071044921875,808.1146240234375,1487.5633544921875,1095.000244140625,171.8964385986328,3571.43212890625,1296.99072265625,3507.979736328125,984.9317626953125,11106.12109375,545.75146484375,223.80438232421875
2024-06-18,3305.932373046875,1431.968994140625,6201.80224609375,2882.37255859375,1189.9638671875,9538.8046875,1596.164794921875,725.3306274414062,1408.657958984375,281.3351745605469,5257.6181640625,1530.6944580078125,429.98004150390625,4516.09228515625,1183.68896484375,4819.51513671875,2439.268798828125,1329.7972412109375,793.1786499023438,597.5108642578125,5385.0986328125,669.968017578125,2413.108154296875,1104.7418212890625,1491.343505859375,1408.280029296875,380.5226745605469,915.6918334960938,343.10791015625,3591.523193359375,4897.51123046875,2916.935546875,12310.1796875,1249.5604248046875,352.38934326171875,248.4609832763672,310.5089416503906,1463.3778076171875,1468.709228515625,813.603515625,1492.4202880859375,1109.2236328125,169.9911651611328,3555.635009765625,1296.896240234375,3566.561279296875,977.4956665039062,10983.8759765625,550.1535034179688,230.53025817871094
2024-06-19,3258.82666015625,1435.3382568359375,6139.349609375,2855.904541015625,1224.657470703125,9315.294921875,1593.1182861328125,715.367431640625,1373.154296875,274.6016845703125,5223.31982421875,1516.1146240234375,420.2208557128906,4432.19140625,1176.7640380859375,4765.47216796875,2428.946044921875,1337.80078125,817.869873046875,592.54150390625,5284.8330078125,653.82958984375,2384.71875,1125.993408203125,1511.4205322265625,1420.640625,375.9963073730469,905.400390625,348.5556640625,3494.901123046875,4873.4833984375,2889.3115234375,11997.6953125,1237.6544189453125,345.5732116699219,244.6322784423828,306.2976989746094,1441.2694091796875,1444.4390869140625,821.0181884765625,1475.7884521484375,1088.2576904296875,168.95877075195312,3543.146240234375,1306.164306640625,3440.703125,969.0184936523438,10861.876953125,551.2910766601562,232.35818481445312
2024-06-20,3256.37890625,1456.14892578125,6141.6376953125,2879.409912109375,1237.486572265625,9263.5517578125,1584.2281494140625,712.7122802734375,1362.1087646484375,279.26165771484375,5240.6640625,1501.583251953125,424.7927551269531,4456.283203125,1179.648681640625,4761.712890625,2480.2119140625,1335.5799560546875,823.5431518554688,586.4788818359375,5150.9267578125,667.7471313476562,2409.17724609375,1138.144287109375,1511.0743408203125,1424.4476318359375,375.6856994628906,919.9469604492188,352.4568786621094,3526.7890625,4905.13232421875,2827.6123046875,11906.9443359375,1244.36669921875,340.9497375488281,244.90255737304688,303.72412109375,1456.1400146484375,1450.71826171875,812.4960327148438,1443.407470703125,1085.9447021484375,171.07989501953125,3529.6787109375,1317.46533203125,3414.468017578125,969.910888671875,10770.650390625,562.8649291992188,229.8506317138672
2024-06-21,3186.295166015625,1472.1036376953125,6135.81982421875,2855.065185546875,1235.43994140625,9234.9404296875,1578.131103515625,709.0497436523438,1396.527587890625,274.3341369628906,5193.7470703125,1498.375732421875,422.1990661621094,4474.19140625,1187.6798095703125,4731.0546875,2447.8046875,1339.6512451171875,821.7671508789062,579.3486328125,5101.70654296875,675.6436157226562,2369.480712890625,1139.9644775390625,1510.382080078125,1440.7093505859375,372.40191650390625,927.121337890625,354.3326721191406,3468.45849609375,4976.00439453125,2796.8369140625,11957.90625,1224.1070556640625,342.99932861328125,242.92063903808594,305.03436279296875,1436.872314453125,1459.3399658203125,805.322021484375,1439.7276611328125,1067.8824462890625,172.2863006591797,3551.5810546875,1323.8016357421875,3378.494384765625,953.60107421875,10532.7783203125,559.8478393554688,229.9209442138672
2024-06-24,3191.590087890625,1447.0814208984375,6224.87353515625,2860.20068359375,1226.1051025390625,9372.470703125,1586.8768310546875,703.8419189453125,1400.2259521484375,272.23828125,5162.03125,1462.26611328125,416.4841613769531,4471.619140625,1196.2740478515625,4755.85498046875,2496.390625,1333.174072265625,825.0478515625,577.9026489257812,5169.50244140625,676.3839111328125,2370.35400390625,1151.229736328125,1474.03564453125,1435.492431640625,375.6856994628906,925.5874633789062,353.7140808105469,3465.12255859375,4962.16943359375,2871.535400390625,11940.1669921875,1239.6142578125,345.81158447265625,243.1458282470703,311.58514404296875,1424.2989501953125,1447.9774169921875,801.8554077148438,1466.4666748046875,1084.6649169921875,170.39051818847656,3557.21923828125,1325.598388671875,3391.015869140625,949.883056640625,10654.875,565.9315185546875,229.9209442138672
2024-06-25,3168.1123046875,1443.018310546875,6260.4755859375,2823.066162109375,1269.3846435546875,9290.43359375,1602.5692138671875,703.1064453125,1395.442626953125,264.25616455078125,5214.9404296875,1457.69775390625,412.5716552734375,4491.1591796875,1200.9071044921875,4662.2685546875,2498.2265625,1339.743896484375,844.2631225585938,589.321044921875,5155.97998046875,676.630615234375,2360.648193359375,1178.630615234375,1479.1290283203125,1449.4041748046875,375.6856994628906,920.1943969726562,355.5798645019531,3520.2646484375,4974.451171875,2865.232421875,11874.7001953125,1232.4608154296875,344.0002746582031,240.53330993652344,306.3912658691406,1436.822998046875,1457.197021484375,811.0516357421875,1476.9658203125,1077.4302978515625,168.20750427246094,3577.39697265625,1350.234130859375,3381.177490234375,946.8590698242188,10714.34375,564.9422607421875,232.87374877929688
2024-06-26,3167.5126953125,1454.5633544921875,6102.80322265625,2827.905517578125,1283.31201171875,9112.2216796875,1599.470703125,711.4301147460938,1439.3785400390625,266.1291198730469,5282.80615234375,1437.6746826171875,412.13201904296875,4497.1455078125,1199.2574462890625,4627.75390625,2533.26416015625,1335.8111572265625,839.40380859375,587.42626953125,5102.642578125,665.9703979492188,2373.654052734375,1198.357421875,1481.4532470703125,1448.2291259765625,376.2626037597656,909.6060791015625,358.82257080078125,3535.12939453125,5026.5361328125,2808.211669921875,11954.720703125,1241.6719970703125,348.0041809082031,241.20896911621094,305.7362365722656,1495.9844970703125,1446.133544921875,814.0367431640625,1492.61669921875,1069.85107421875,165.22019958496094,3593.61376953125,1336.332275390625,3351.663330078125,943.7359008789062,11007.6337890625,564.2003173828125,232.10040283203125
2024-06-27,3172.158447265625,1472.1036376953125,6158.1953125,2845.188720703125,1286.856201171875,9057.208984375,1602.3193359375,712.2798461914062,1455.453857421875,271.88153076171875,5291.185546875,1439.4244384765625,410.6373596191406,4474.3896484375,1232.0242919921875,4602.46533203125,2617.9794921875,1346.17431640625,836.7644653320312,591.61474609375,5132.77392578125,676.3839111328125,2389.716796875,1200.2266845703125,1486.25,1478.919677734375,377.72705078125,933.3060913085938,365.2879943847656,3497.304931640625,5220.26806640625,2845.093017578125,11935.609375,1241.4271240234375,359.5391540527344,240.98374938964844,310.2749938964844,1512.3126220703125,1458.6422119140625,812.73681640625,1487.8084716796875,1068.5714111328125,166.7521514892578,3666.58837890625,1354.48974609375,3370.456787109375,963.8132934570312,11574.2607421875,561.727294921875,239.41212463378906
2024-06-28,3174.156494140625,1464.7703857421875,6151.43310546875,2880.940673828125,1263.1947021484375,9138.1884765625,1587.3765869140625,707.1912841796875,1424.1416015625,271.0788879394531,5335.2763671875,1439.3271484375,416.00054931640625,4547.70361328125,1264.9097900390625,4562.58056640625,2650.5849609375,1350.5230712890625,830.6718139648438,593.4097290039062,5221.10791015625,684.5765380859375,2400.29638671875,1180.254150390625,1464.5,1472.7156982421875,377.10577392578125,921.7776489257812,359.69061279296875,3481.6552734375,5228.03515625,2823.131591796875,11793.6025390625,1250.197265625,360.68316650390625,247.01962280273438,309.7135009765625,1546.7474365234375,1487.048583984375,817.5034790039062,1492.322265625,1080.2354736328125,166.60853576660156,3638.628662109375,1352.6927490234375,3393.98583984375,981.3128662109375,11526.0546875,564.6949462890625,241.3103485107422
2024-07-01,3180.80029296875,1461.2027587890625,6106.4833984375,2891.5576171875,1259.8502197265625,9167.76171875,1579.430419921875,723.21240234375,1433.954345703125,271.61395263671875,5336.2021484375,1437.6746826171875,417.4512634277344,4553.29345703125,1255.2979736328125,4526.0634765625,2706.11865234375,1359.081787109375,841.2291259765625,599.0940551757812,5243.09912109375,680.9243774414062,2431.40380859375,1192.3065185546875,1456.9000244140625,1495.3223876953125,380.7889404296875,934.0482177734375,360.80810546875,3460.16748046875,5288.6640625,2832.192138671875,11866.91015625,1258.2572021484375,352.4847106933594,245.8935089111328,308.45013427734375,1541.5599365234375,1496.916015625,810.7627563476562,1491.5863037109375,1077.3812255859375,166.66598510742188,3707.642578125,1392.1761474609375,3421.154052734375,993.5079956054688,11759.9267578125,567.2669677734375,247.16909790039062
2024-07-02,3150.22900390625,1461.5496826171875,6063.82080078125,2889.384765625,1251.364013671875,9041.62890625,1578.980712890625,712.1655883789062,1399.3875732421875,271.4801940917969,5263.26953125,1446.957275390625,421.23193359375,4522.96875,1258.5677490234375,4516.4951171875,2722.545654296875,1370.1387939453125,853.7597045898438,588.1741943359375,5209.412109375,685.760986328125,2412.040283203125,1171.399169921875,1429.449951171875,1523.7567138671875,377.6382141113281,928.4572143554688,353.1253967285156,3558.236083984375,5314.39111328125,2821.654052734375,11802.177734375,1246.6695556640625,353.1043701171875,247.60513305664062,309.5730895996094,1546.525146484375,1489.9888916015625,795.5480346679688,1495.4622802734375,1087.6671142578125,167.11598205566406,3744.176513671875,1392.2235107421875,3389.449462890625,972.9348754882812,11709.8427734375,560.540283203125,252.2545166015625
2024-07-03,3187.943603515625,1497.02685546875,6158.39404296875,2889.33544921875,1277.9207763671875,9061.970703125,1593.373779296875,721.4284057617188,1400.275146484375,273.4422912597656,5309.50439453125,1442.194580078125,426.3753356933594,4510.798828125,1269.5625,4581.47314453125,2721.9501953125,1370.3238525390625,872.5310668945312,594.5067749023438,5221.2490234375,682.7011108398438,2436.499267578125,1182.2218017578125,1455.5,1529.7255859375,380.1232604980469,940.48046875,361.3269348144531,3546.31494140625,5307.0126953125,2834.259765625,11881.611328125,1250.1239013671875,355.2492980957031,247.47003173828125,313.64398193359375,1533.927001953125,1491.4342041015625,808.8368530273438,1505.176513671875,1128.3685302734375,168.86814880371094,3695.5732421875,1399.4581298828125,3350.167724609375,967.3330688476562,11727.771484375,565.98095703125,252.62945556640625
2024-07-04,3141.287353515625,1490.0899658203125,6190.564453125,2898.56982421875,1278.8193359375,9098.9482421875,1584.927734375,706.3464965820312,1403.4310302734375,270.2315979003906,5287.2392578125,1439.278564453125,430.41973876953125,4495.85888671875,1280.12255859375,4578.7392578125,2714.506103515625,1408.583740234375,852.0578002929688,602.2852172851562,5201.22412109375,682.8984375,2422.52294921875,1213.115478515625,1442.8499755859375,1551.5802001953125,380.7889404296875,934.4935302734375,365.946533203125,3506.037353515625,5300.31396484375,2858.732666015625,11848.2392578125,1247.0125732421875,355.5352783203125,249.58705139160156,313.5036315917969,1535.5079345703125,1502.796630859375,808.2108764648438,1528.6773681640625,1117.3934326171875,168.7915496826172,3747.48486328125,1379.929443359375,3325.990478515625,989.6907958984375,11617.0830078125,564.29931640625,248.7392578125
2024-07-05,3144.93408203125,1486.918701171875,6293.4912109375,2899.55712890625,1284.9593505859375,9267.20703125,1578.830810546875,709.4224853515625,1409.9892578125,273.48687744140625,5404.70068359375,1467.612060546875,432.1341857910156,4580.6005859375,1288.15380859375,4625.41015625,2727.55810546875,1405.854248046875,813.0598754882812,605.6758422851562,5200.94287109375,690.1041259765625,2472.07080078125,1213.509033203125,1434.25,1548.572265625,384.87152099609375,944.09228515625,369.70806884765625,3558.873779296875,5263.61669921875,2857.6416015625,11862.400390625,1261.2213134765625,362.0653991699219,259.6318359375,317.6212463378906,1569.6956787109375,1524.3756103515625,827.9033813476562,1538.98046875,1119.5589599609375,167.2787628173828,3738.95751953125,1382.0098876953125,3259.54052734375,985.1796264648438,11548.033203125,566.5250854492188,250.80152893066406
2024-07-08,3110.66650390625,1461.9957275390625,6282.453125,2862.274658203125,1285.7579345703125,9164.876953125,1569.3353271484375,705.4718627929688,1415.3642578125,267.1101379394531,5425.8935546875,1445.402099609375,433.716796875,4416.85595703125,1290.9493408203125,4642.1552734375,2721.75146484375,1418.8079833984375,806.7698974609375,619.1885375976562,5148.40087890625,688.1793212890625,2511.03955078125,1215.1324462890625,1438.050048828125,1561.9200439453125,393.7023010253906,929.3972778320312,369.807861328125,3563.632568359375,5232.54931640625,2828.624755859375,11783.5576171875,1275.552490234375,359.8251647949219,269.4964294433594,317.6212463378906,1581.824462890625,1509.9730224609375,824.5330200195312,1527.2054443359375,1132.748779296875,164.9521026611328,3721.62255859375,1387.92041015625,3146.72998046875,994.0532836914062,11442.087890625,561.2822265625,253.66062927246094
2024-07-09,3107.819091796875,1464.67138671875,6285.287109375,2869.0400390625,1287.305419921875,9169.396484375,1580.829833984375,702.4703979492188,1415.7587890625,267.7344055175781,5523.62451171875,1469.7020263671875,434.1563720703125,4503.67578125,1300.571044921875,4714.65185546875,2741.25537109375,1416.6796875,807.3372192382812,621.9309692382812,5230.044921875,697.8525390625,2513.951171875,1228.1195068359375,1434.25,1557.6900634765625,401.6899719238281,932.7881469726562,368.7402648925781,3597.0908203125,5220.365234375,2902.18359375,12571.6044921875,1290.1043701171875,359.44378662109375,267.96490478515625,319.25897216796875,1571.325927734375,1519.7408447265625,829.3959350585938,1555.6614990234375,1124.2835693359375,164.49252319335938,3714.446044921875,1386.1708984375,3205.5029296875,1006.2980346679688,11537.80859375,557.869384765625,253.56687927246094
2024-07-10,3093.0830078125,1474.3829345703125,6340.38037109375,2959.35791015625,1289.5518798828125,9177.4287109375,1581.7794189453125,701.16845703125,1425.1278076171875,267.8681945800781,5608.10302734375,1470.8197021484375,431.4747619628906,4587.77392578125,1302.4874267578125,4734.61865234375,2781.304931640625,1397.1103515625,802.2066040039062,631.005859375,5154.810546875,684.3297119140625,2533.654296875,1223.15087890625,1425.949951171875,1549.32421875,400.6693420410156,922.9147338867188,365.1483459472656,3581.3427734375,5219.4912109375,2710.225830078125,12517.7998046875,1281.946533203125,363.5907287597656,268.5955505371094,323.8445739746094,1565.3480224609375,1553.6790771484375,817.5515747070312,1568.5648193359375,1132.748779296875,160.83502197265625,3643.288330078125,1383.9012451171875,3215.323486328125,996.9285888671875,11492.8134765625,553.7640991210938,251.01248168945312
2024-07-11,3075.399658203125,1470.468505859375,6353.65576171875,2984.640869140625,1294.6435546875,9104.671875,1587.0767822265625,690.7676391601562,1418.1256103515625,273.4422912597656,5613.7060546875,1463.8212890625,439.6514587402344,4533.9013671875,1302.922119140625,4714.6025390625,2780.75927734375,1398.9146728515625,800.1345825195312,632.501708984375,5171.18603515625,687.2909545898438,2532.1015625,1218.4775390625,1429.75,1553.507080078125,407.0594177246094,922.5158081054688,368.0717468261719,3552.93798828125,5249.927734375,2676.54638671875,12461.349609375,1270.5550537109375,359.4914855957031,274.5412902832031,320.8030700683594,1561.815673828125,1553.6790771484375,824.9664306640625,1552.0799560546875,1113.653076171875,161.7350311279297,3656.849365234375,1381.3006591796875,3238.852783203125,1012.09814453125,11414.4765625,551.686767578125,250.3328399658203
2024-07-12,3062.5615234375,1473.2928466796875,6318.701171875,2962.0244140625,1316.1751708984375,9070.0,1596.47216796875,696.134521484375,1413.4903564453125,271.61395263671875,5638.79638671875,1469.7020263671875,436.2665100097656,4491.1591796875,1327.55908203125,4745.89599609375,2822.595703125,1443.60498046875,800.5292358398438,633.798095703125,5190.50927734375,683.095947265625,2545.107177734375,1213.01708984375,1434.550048828125,1609.0130615234375,407.4144287109375,931.8905639648438,365.7469787597656,3580.656005859375,5410.1650390625,2682.3994140625,12311.69921875,1278.29638671875,359.5391540527344,276.6583557128906,321.0838317871094,1577.69921875,1557.7156982421875,827.855224609375,1552.6214599609375,1134.176025390625,161.5148162841797,3899.399658203125,1423.3372802734375,3220.1591796875,1008.0827026367188,11461.2509765625,557.5726318359375,262.54248046875
2024-07-15,3087.48828125,1481.5675048828125,6401.58935546875,2919.90234375,1306.33349609375,9303.3193359375,1601.419677734375,702.0430297851562,1417.7803955078125,274.4679260253906,5660.8662109375,1474.7076416015625,437.6292724609375,4526.87646484375,1342.43603515625,4766.05859375,2782.893310546875,1452.302734375,800.2332763671875,636.2911987304688,5246.14013671875,691.041748046875,2543.214599609375,1210.1146240234375,1444.050048828125,1604.59521484375,411.2751159667969,929.1978149414062,367.8821716308594,3582.863525390625,5318.42041015625,2709.283447265625,12391.5234375,1276.385498046875,367.64227294921875,290.5318298339844,321.78570556640625,1578.1932373046875,1608.1494140625,848.7033081054688,1561.3819580078125,1130.7802734375,159.66690063476562,3885.65283203125,1417.6632080078125,3214.52587890625,1015.7169799804688,11689.7900390625,558.95751953125,262.3315734863281
2024-07-16,3106.370361328125,1485.531494140625,6417.9482421875,2937.6298828125,1302.886474609375,9346.5986328125,1608.7662353515625,701.5808715820312,1446.281982421875,281.7811279296875,5712.16748046875,1468.09814453125,450.5537414550781,4522.3251953125,1320.8330078125,4799.98779296875,2806.31787109375,1452.2564697265625,799.073974609375,644.9672241210938,5219.70458984375,681.862060546875,2609.359619140625,1219.9041748046875,1445.9000244140625,1622.454833984375,413.1832580566406,931.8406982421875,360.2493591308594,3568.0966796875,5400.1650390625,2734.778564453125,12387.2099609375,1283.0040283203125,362.68511962890625,290.6669006347656,320.4755554199219,1557.4681396484375,1616.0235595703125,848.0773315429688,1554.5902099609375,1157.799560546875,159.96372985839844,3894.273681640625,1433.8819580078125,3224.346435546875,1012.4451904296875,11516.9658203125,551.2910766601562,262.3315734863281
2024-07-18,3089.28662109375,1480.427978515625,6484.7265625,2895.26123046875,1308.281982421875,9257.9736328125,1650.4459228515625,706.6396484375,1463.195556640625,283.7431945800781,5721.0830078125,1464.453125,444.223388671875,4536.1767578125,1325.0960693359375,4824.39697265625,2771.0322265625,1475.38818359375,796.6319580078125,647.111328125,5148.68212890625,681.0231323242188,2657.840087890625,1230.1365966796875,1456.9000244140625,1652.5343017578125,417.3545837402344,928.948486328125,364.52972412109375,3587.376953125,5589.04248046875,2796.978759765625,12391.62109375,1292.72265625,360.1111145019531,298.8198547363281,319.3525695800781,1567.7689208984375,1654.34716796875,860.451416015625,1569.3062744140625,1160.2589111328125,159.28392028808594,4022.049072265625,1455.775146484375,3252.312255859375,1015.8162231445312,11505.6552734375,552.6265869140625,268.6590270996094
2024-07-19,3002.8681640625,1456.0498046875,6346.59619140625,2909.581787109375,1291.2464599609375,9027.009765625,1639.4512939453125,688.9786376953125,1441.597412109375,270.945068359375,5727.3681640625,1443.8955078125,429.0569152832031,4471.86572265625,1318.835693359375,4736.13232421875,2722.59521484375,1475.38818359375,792.9320068359375,634.1471557617188,5078.96826171875,654.4218139648438,2646.775634765625,1228.5130615234375,1432.449951171875,1685.339599609375,421.1708984375,887.061279296875,363.90045166015625,3550.38671875,5594.72216796875,2727.387939453125,12274.26171875,1278.3538818359375,347.6228332519531,287.96429443359375,310.88330078125,1536.61962890625,1642.286865234375,856.4069213867188,1544.106689453125,1155.0089111328125,151.05929565429688,4019.106201171875,1436.5587158203125,3249.2216796875,981.5607299804688,11121.43359375,536.7495727539062,261.1598205566406
2024-07-22,2998.022705078125,1454.1173095703125,6366.68359375,2897.977294921875,1281.4049072265625,9049.755859375,1630.355712890625,684.203125,1445.197265625,274.9138488769531,5737.01416015625,1448.26953125,431.8704528808594,4486.70703125,1345.645751953125,4742.625,2790.63525390625,1459.2421875,810.3218994140625,635.64306640625,5112.14013671875,663.6014404296875,2654.83154296875,1221.1341552734375,1423.4000244140625,1702.165283203125,414.0707702636719,886.1636962890625,351.1051940917969,3582.71630859375,5551.61669921875,2782.39599609375,12388.8759765625,1273.162353515625,356.0596008300781,289.00030517578125,316.87261962890625,1482.793701171875,1615.82421875,844.3218383789062,1562.51416015625,1171.34228515625,153.50083923339844,4005.047607421875,1440.55615234375,3244.68505859375,994.5986328125,11375.7041015625,539.56884765625,237.06861877441406
2024-07-23,2992.528076171875,1493.756591796875,6368.1259765625,2861.23779296875,1262.1712646484375,9023.5966796875,1618.0616455078125,668.5845336914062,1445.492919921875,272.9071960449219,5792.45654296875,1455.9482421875,428.1777038574219,4478.98974609375,1364.34716796875,4803.35546875,2802.0498046875,1490.2432861328125,798.407958984375,642.1749877929688,5159.3017578125,645.0447387695312,2684.968017578125,1206.96630859375,1413.199951171875,1726.6517333984375,436.8356018066406,891.5491943359375,353.3725891113281,3471.450927734375,5522.734375,2798.86376953125,12376.919921875,1270.3330078125,364.5917053222656,283.0094909667969,312.8017272949219,1470.1708984375,1589.610595703125,831.8997192382812,1576.5411376953125,1221.9954833984375,153.21359252929688,4019.060546875,1438.485107421875,3456.447998046875,993.2601318359375,11405.4375,534.5733032226562,234.60794067382812
2024-07-24,2967.901123046875,1471.4100341796875,6387.0205078125,2876.743408203125,1238.1917724609375,8905.974609375,1578.48095703125,656.6630859375,1435.1378173828125,280.8892822265625,5680.15869140625,1461.391357421875,434.1563720703125,4503.3291015625,1355.4337158203125,4799.2548828125,2786.019775390625,1476.5841064453125,791.3286743164062,670.9454345703125,5069.6572265625,643.1692504882812,2637.1181640625,1203.2767333984375,1396.6500244140625,1723.878662109375,438.47747802734375,878.9830322265625,348.8377990722656,3453.201171875,5499.9677734375,2783.14013671875,12237.951171875,1250.5758056640625,374.2677307128906,287.8742370605469,315.515625,1477.8779296875,1627.5853271484375,820.4404907226562,1594.11181640625,1197.057861328125,153.4912567138672,4022.703857421875,1476.91796875,3467.963134765625,1018.9392700195312,11314.162109375,531.2593994140625,234.39703369140625
2024-07-25,2970.698486328125,1473.5902099609375,6350.42431640625,2865.484375,1174.8958740234375,8923.333984375,1571.1844482421875,660.6981811523438,1429.171142578125,290.8780212402344,5680.2568359375,1458.0379638671875,434.33221435546875,4498.77783203125,1362.001953125,4784.90234375,2776.739501953125,1480.220458984375,797.5199584960938,681.2669677734375,5056.04296875,638.1846313476562,2627.55810546875,1178.58154296875,1379.0999755859375,1715.3248291015625,434.83868408203125,872.1514282226562,354.6211242675781,3551.0244140625,5434.67822265625,2788.992919921875,12259.462890625,1220.681884765625,373.8387451171875,302.513427734375,317.6680908203125,1474.6171875,1689.8302001953125,817.070068359375,1639.7366943359375,1189.6202392578125,150.69546508789062,4037.8828125,1473.7393798828125,3395.5810546875,1081.650146484375,11302.40625,523.7413940429688,237.5607452392578
2024-07-26,3077.59765625,1528.83740234375,6627.6298828125,2913.630859375,1176.3446044921875,9129.7734375,1585.6773681640625,674.81103515625,1493.5216064453125,293.2414245605469,5722.349609375,1530.888916015625,448.2677917480469,4739.79443359375,1367.0599365234375,4894.1103515625,2822.149169921875,1524.7406005859375,798.2846069335938,701.4111938476562,5126.87841796875,658.9622192382812,2631.294921875,1187.7314453125,1403.9000244140625,1766.1309814453125,445.7107849121094,898.1314697265625,362.3522033691406,3610.630859375,5619.6728515625,2864.7841796875,12410.8779296875,1218.8365478515625,377.7949523925781,298.72979736328125,322.11328125,1491.044189453125,1745.19775390625,830.50341796875,1687.4285888671875,1194.6129150390625,155.63597106933594,4098.9306640625,1484.479248046875,3483.666015625,1108.76708984375,11531.140625,538.2828979492188,245.9739227294922
2024-07-29,3086.439453125,1534.7337646484375,6644.63525390625,2918.124267578125,1169.0509033203125,9192.046875,1616.362548828125,677.0671997070312,1460.92724609375,301.3572692871094,5746.51416015625,1510.428466796875,450.28997802734375,4871.63134765625,1359.3885498046875,4845.04736328125,2807.161376953125,1521.943603515625,791.822021484375,694.9291381835938,5075.833984375,658.221923828125,2631.82861328125,1193.142822265625,1411.5,1758.799072265625,440.2525329589844,896.1368408203125,358.3668212890625,3703.8916015625,5617.87744140625,2909.623779296875,12496.974609375,1215.5888671875,375.5070495605469,299.9009094238281,320.3819885253906,1501.9871826171875,1740.961669921875,839.3143920898438,1696.287841796875,1182.5550537109375,155.94235229492188,4092.625,1469.2601318359375,3401.46337890625,1114.41845703125,11729.451171875,547.1858520507812,245.78643798828125
2024-07-30,3125.80224609375,1532.3057861328125,6604.2109375,2967.851318359375,1169.0009765625,9198.4892578125,1641.85009765625,678.17529296875,1450.078857421875,310.5433654785156,5692.53369140625,1486.0799560546875,456.6202697753906,4860.2529296875,1352.2537841796875,4834.89306640625,2770.138916015625,1519.9857177734375,797.001953125,695.2781982421875,5094.50146484375,651.9541015625,2612.22265625,1189.9451904296875,1429.699951171875,1764.4859619140625,434.7943115234375,899.6773071289062,356.8086242675781,3713.408935546875,5507.103515625,2898.810791015625,12616.63671875,1209.3638916015625,387.9476623535156,299.00006103515625,327.3539123535156,1495.1199951171875,1715.39599609375,840.469970703125,1674.9764404296875,1176.1571044921875,157.09132385253906,4077.91162109375,1481.4932861328125,3457.84375,1151.94580078125,11732.083984375,558.8092041015625,244.42721557617188
2024-07-31,3166.41357421875,1555.7425537109375,6578.65283203125,3046.2685546875,1165.104248046875,9294.5205078125,1650.845703125,676.5205688476562,1470.98681640625,312.19329833984375,5636.26318359375,1501.048583984375,459.1260681152344,4870.98828125,1341.5914306640625,4845.48681640625,2756.09423828125,1531.5003662109375,797.1005859375,713.5277709960938,5135.81494140625,660.9363403320312,2626.0537109375,1195.307373046875,1427.800048828125,1756.1201171875,439.6312561035156,925.757080078125,361.16357421875,3743.187744140625,5493.171875,2884.624755859375,12853.9521484375,1208.7242431640625,396.5751037597656,301.0720520019531,325.85662841796875,1487.4869384765625,1747.888916015625,840.0848388671875,1692.4488525390625,1170.30029296875,158.2977294921875,4096.59521484375,1497.2420654296875,3448.571533203125,1146.7901611328125,11812.3251953125,565.8820190429688,244.66156005859375
2024-08-01,3214.21875,1575.81005859375,6669.24755859375,3060.98388671875,1171.299072265625,9358.2841796875,1634.00390625,673.0121459960938,1484.7442626953125,311.3460693359375,5583.35400390625,1502.8955078125,475.1277770996094,4865.744140625,1368.908203125,4851.4423828125,2746.416748046875,1529.5889892578125,808.471923828125,711.6329345703125,5063.6103515625,664.7859497070312,2635.66259765625,1190.584716796875,1419.8499755859375,1741.409423828125,438.1668701171875,932.0401611328125,358.1170959472656,3708.159912109375,5513.31640625,2805.857421875,13092.345703125,1222.330322265625,403.6772155761719,307.87359619140625,337.9288330078125,1497.244384765625,1761.4442138671875,830.696044921875,1688.3636474609375,1189.39599609375,156.12428283691406,4107.57080078125,1487.657958984375,3457.943603515625,1134.64453125,11909.0126953125,554.4071655273438,244.4506378173828
2024-08-02,3157.921875,1573.6793212890625,6672.97802734375,3068.242919921875,1159.8587646484375,9248.357421875,1622.659423828125,668.3757934570312,1473.2056884765625,309.56231689453125,5573.80517578125,1498.5823974609375,461.1482849121094,4968.6259765625,1384.0521240234375,4615.06103515625,2686.664794921875,1500.4527587890625,818.5111694335938,705.4500732421875,4971.5634765625,639.6652221679688,2613.33935546875,1177.2532958984375,1404.300048828125,1711.8939208984375,434.08428955078125,897.1341552734375,360.2746276855469,3596.6982421875,5349.24462890625,2727.735107421875,12590.1328125,1227.79248046875,400.1023254394531,297.37847900390625,335.26171875,1481.4595947265625,1739.167724609375,816.4441528320312,1704.5562744140625,1174.9266357421875,151.4901580810547,4001.030517578125,1452.25927734375,3451.96142578125,1087.3016357421875,11690.3984375,531.8035278320312,235.3578643798828
2024-08-05,3035.33740234375,1480.3782958984375,6650.552734375,3055.107666015625,1132.5321044921875,9122.22265625,1566.9365234375,655.6244506835938,1445.492919921875,304.7463684082031,5624.19482421875,1485.104248046875,445.58612060546875,4805.07080078125,1353.8238525390625,4565.314453125,2592.81787109375,1456.724609375,797.1005859375,708.9404296875,4886.44482421875,606.3519287109375,2636.001953125,1153.689453125,1389.449951171875,1646.75341796875,431.3330078125,861.4801635742188,354.3215026855469,3461.590087890625,5232.93798828125,2657.5986328125,12070.208984375,1235.5672607421875,393.9535217285156,279.4961242675781,320.8030700683594,1430.0792236328125,1716.5421142578125,781.5850830078125,1693.43310546875,1180.5865478515625,143.4474639892578,3881.45849609375,1402.7974853515625,3365.820556640625,1007.7852172851562,11345.3349609375,522.603759765625,227.3196563720703
2024-08-06,3069.804931640625,1480.6260986328125,6620.818359375,3063.3544921875,1125.138427734375,9066.779296875,1563.3382568359375,649.8252563476562,1423.6484375,298.5033874511719,5778.76904296875,1501.62109375,439.2558288574219,4805.66748046875,1352.899658203125,4543.97998046875,2611.001708984375,1475.6983642578125,789.922607421875,677.7266845703125,4876.92431640625,602.4036254882812,2669.147705078125,1148.0322265625,1381.0,1646.0013427734375,431.5992736816406,881.6259155273438,353.7021789550781,3508.8828125,5301.52783203125,2611.96533203125,12001.2060546875,1234.3863525390625,395.6217956542969,275.7574768066406,318.8846740722656,1438.700439453125,1668.9989013671875,768.15185546875,1680.83349609375,1167.0028076171875,143.9261932373047,3896.54541015625,1428.8529052734375,3325.09326171875,1005.1082763671875,11253.9638671875,527.797119140625,229.42880249023438
2024-08-07,3182.9482421875,1529.8779296875,6683.12060546875,3063.05810546875,1135.829345703125,9336.8369140625,1570.634765625,659.6447143554688,1429.7969970703125,306.4854736328125,5761.2978515625,1522.84326171875,467.3028259277344,4924.07861328125,1376.539794921875,4538.3037109375,2627.49169921875,1486.746826171875,800.9238891601562,694.330810546875,4940.40966796875,615.6303100585938,2663.323974609375,1153.5418701171875,1345.1500244140625,1684.11767578125,437.2349853515625,904.015625,354.90081787109375,3569.764892578125,5405.16455078125,2659.483642578125,12239.0322265625,1241.423095703125,399.9935302734375,296.47760009765625,329.45953369140625,1447.3707275390625,1680.162109375,778.6962890625,1707.3125,1180.7833251953125,147.31561279296875,3923.86962890625,1419.46142578125,3316.269775390625,1016.559814453125,11470.4921875,540.805419921875,233.13153076171875
2024-08-08,3164.565673828125,1505.3016357421875,6505.65966796875,2968.197021484375,1137.17822265625,9272.49609375,1539.300048828125,654.1832885742188,1439.7637939453125,301.7140197753906,5670.33984375,1538.9189453125,460.2251281738281,4812.58642578125,1378.914794921875,4518.31298828125,2535.426513671875,1452.482421875,810.3958740234375,708.3919067382812,4862.87939453125,606.1051025390625,2652.79296875,1145.8184814453125,1347.300048828125,1638.5284423828125,439.0987548828125,885.1663818359375,354.1416931152344,3486.6591796875,5182.6484375,2661.566650390625,12088.0166015625,1224.840087890625,391.7304382324219,290.71197509765625,320.6627197265625,1431.85791015625,1700.694580078125,778.1184692382812,1709.8719482421875,1159.8175048828125,143.88787841796875,3897.806884765625,1412.5260009765625,3286.609130859375,1032.8695068359375,11187.087890625,541.8935546875,228.3976593017578
2024-08-09,3184.546875,1519.9681396484375,6551.35498046875,3002.96142578125,1141.774169921875,9392.37890625,1559.440185546875,657.7612915039062,1451.961669921875,306.868408203125,5666.0458984375,1543.624267578125,465.8080749511719,4808.05712890625,1393.85986328125,4768.765625,2563.4248046875,1482.4112548828125,814.0958251953125,700.4638671875,4908.408203125,618.365234375,2666.38134765625,1152.70556640625,1349.800048828125,1664.471923828125,440.119384765625,902.6692504882812,353.52239990234375,3524.4345703125,5216.8701171875,2727.239013671875,12093.3095703125,1232.516357421875,394.56488037109375,299.5856018066406,323.79779052734375,1456.7330322265625,1719.4326171875,793.7665405273438,1708.1492919921875,1167.544189453125,145.35279846191406,3950.305908203125,1451.2958984375,3321.703369140625,1058.994873046875,11229.1708984375,548.6201782226562,230.27244567871094
2024-08-12,3148.780517578125,1487.8603515625,6466.3779296875,3015.4052734375,1163.305908203125,9339.3857421875,1558.2408447265625,656.762451171875,1446.50732421875,306.868408203125,5572.71923828125,1554.8968505859375,460.664794921875,4868.830078125,1368.6300048828125,4747.24462890625,2561.78076171875,1478.0291748046875,818.9798583984375,700.5137329101562,5007.05322265625,624.7682495117188,2667.837158203125,1163.8199462890625,1350.8499755859375,1689.5224609375,438.96563720703125,914.8863525390625,354.10174560546875,3504.712890625,5242.986328125,2695.990234375,12141.833984375,1216.9666748046875,385.1487121582031,307.4682312011719,319.25897216796875,1443.220947265625,1699.398681640625,782.4998779296875,1706.721923828125,1152.4351806640625,145.5921630859375,3919.3857421875,1456.8828125,3310.885986328125,1066.976318359375,11231.6552734375,559.9755249023438,229.2178955078125
2024-08-13,3089.28662109375,1470.0721435546875,6552.896484375,2986.122314453125,1158.6097412109375,9301.63671875,1542.598388671875,642.5402221679688,1447.59814453125,296.0994567871094,5593.20068359375,1552.152099609375,458.73046875,4839.7626953125,1380.9219970703125,4740.7783203125,2510.11865234375,1484.928955078125,790.9092407226562,683.11181640625,4944.51025390625,616.8761596679688,2660.751953125,1159.4039306640625,1350.5999755859375,1689.5694580078125,434.883056640625,905.411865234375,350.0064697265625,3484.942138671875,5227.88916015625,2696.38720703125,12045.873046875,1222.6746826171875,380.6808776855469,302.6034851074219,315.3284606933594,1446.1851806640625,1676.8729248046875,768.0073852539062,1712.8741455078125,1160.3096923828125,142.5474395751953,3920.60009765625,1448.1175537109375,3373.39794921875,1044.4697265625,11200.205078125,547.0438842773438,229.8975067138672
2024-08-14,3037.23583984375,1448.7659912109375,6479.75341796875,2988.393798828125,1152.1153564453125,9376.6533203125,1528.4053955078125,641.8892211914062,1459.4986572265625,299.1828918457031,5585.94580078125,1532.8907470703125,443.7398681640625,4640.8681640625,1351.6376953125,4672.66162109375,2503.29345703125,1516.1629638671875,793.1786499023438,684.4580688476562,4781.39013671875,616.92578125,2641.97119140625,1152.7552490234375,1338.0999755859375,1713.821044921875,436.8356018066406,887.9089965820312,349.1773986816406,3478.46630859375,5269.2958984375,2723.370361328125,12074.9580078125,1217.7047119140625,380.8249816894531,295.6217956542969,312.0998840332031,1444.4312744140625,1686.5411376953125,773.2555541992188,1714.4000244140625,1149.236083984375,139.95269775390625,4012.427490234375,1468.34521484375,3391.94189453125,1053.2939453125,10933.296875,537.92724609375,232.0769500732422
2024-08-16,3105.870849609375,1479.98193359375,6660.0771484375,3010.417724609375,1165.8536376953125,9509.904296875,1549.145263671875,655.0480346679688,1471.25048828125,306.0400085449219,5655.53369140625,1544.947509765625,454.92877197265625,4612.8955078125,1350.1571044921875,4756.32666015625,2590.9248046875,1555.4154052734375,805.1666259765625,687.4996948242188,4833.84716796875,629.5333251953125,2667.400390625,1178.1591796875,1364.1500244140625,1747.378173828125,446.1101379394531,906.01025390625,355.0506286621094,3501.180908203125,5401.5244140625,2817.8115234375,12082.5263671875,1242.7271728515625,382.4584045410156,296.9280090332031,319.5072326660156,1460.5863037109375,1683.3515625,782.0184326171875,1715.4827880859375,1169.119140625,143.16021728515625,4125.27294921875,1527.005859375,3434.414306640625,1088.987060546875,11224.55078125,548.33203125,241.966552734375
2024-08-19,3099.626953125,1482.954833984375,6697.9248046875,3038.21923828125,1152.2652587890625,9396.8994140625,1550.3446044921875,657.577392578125,1457.4658203125,316.4407653808594,5658.34716796875,1544.359375,463.5425109863281,4648.732421875,1373.5587158203125,4751.68701171875,2588.981689453125,1564.97216796875,804.895263671875,683.8098754882812,4891.158203125,654.053466796875,2661.8681640625,1166.8961181640625,1347.5999755859375,1752.877197265625,445.04510498046875,915.2852783203125,355.8597106933594,3488.131103515625,5510.5986328125,2743.111572265625,12019.7060546875,1231.753662109375,387.31060791015625,302.0629577636719,321.1113586425781,1475.65625,1666.05859375,783.5592041015625,1720.453857421875,1158.9315185546875,147.41136169433594,4194.35400390625,1536.0120849609375,3454.4541015625,1078.4278564453125,11244.0771484375,555.5162963867188,243.6069793701172
2024-08-20,3067.7568359375,1479.0902099609375,6646.13330078125,3064.78662109375,1167.002685546875,9405.6025390625,1601.31982421875,668.0974731445312,1437.1357421875,321.59515380859375,5691.21630859375,1531.9593505859375,465.8513488769531,4701.7412109375,1384.29052734375,4820.74169921875,2627.142822265625,1572.664306640625,807.9292602539062,708.6412353515625,4943.47314453125,668.001220703125,2670.1181640625,1170.4189453125,1381.300048828125,1759.8328857421875,442.6932067871094,914.6869506835938,360.714111328125,3505.44873046875,5541.3740234375,2749.212646484375,12084.158203125,1239.3072509765625,390.3371887207031,297.37847900390625,321.3000793457031,1483.1416015625,1755.5137939453125,789.9146728515625,1738.71337890625,1152.8287353515625,147.3826141357422,4225.46142578125,1568.713623046875,3464.4736328125,1077.634765625,11278.2109375,561.0160522460938,245.90362548828125
2024-08-21,3112.764404296875,1489.9412841796875,6725.36474609375,3112.537841796875,1173.397216796875,9475.13671875,1620.16064453125,669.4044189453125,1451.317138671875,323.2519226074219,5761.8408203125,1563.081787109375,472.6002197265625,4878.58544921875,1403.5882568359375,4850.6533203125,2675.11865234375,1563.806884765625,802.0586547851562,722.5527954101562,4981.4609375,680.6087036132812,2709.086669921875,1165.8541259765625,1384.0,1760.302978515625,448.5508117675781,923.3136596679688,362.17242431640625,3528.359130859375,5546.859375,2747.32763671875,12090.0947265625,1255.6688232421875,392.93145751953125,295.2163391113281,317.6671447753906,1485.8433837890625,1794.6845703125,785.3406372070312,1737.0400390625,1159.0792236328125,145.45811462402344,4251.8046875,1545.644287109375,3549.717041015625,1075.9490966796875,11130.3486328125,563.146484375,246.7003936767578
2024-08-22,3096.130126953125,1478.8424072265625,6803.15087890625,3147.15380859375,1168.950927734375,9534.9580078125,1624.9083251953125,670.224365234375,1474.0272216796875,322.23944091796875,5761.2978515625,1554.4559326171875,469.6253662109375,4889.18798828125,1385.0260009765625,4870.3974609375,2745.16357421875,1562.78125,804.77197265625,723.998779296875,5024.1142578125,680.55908203125,2710.639892578125,1181.979736328125,1381.9000244140625,1767.39990234375,447.7964172363281,930.74365234375,363.8804626464844,3538.612548828125,5538.07373046875,2711.168212890625,12144.900390625,1255.2996826171875,387.55084228515625,292.19842529296875,315.1665954589844,1485.2979736328125,1789.3521728515625,789.9146728515625,1723.2591552734375,1186.8861083984375,147.5836944580078,4205.564453125,1552.001708984375,3593.585205078125,1059.3419189453125,11238.1650390625,573.8981323242188,243.25546264648438
2024-08-23,3073.45166015625,1477.8514404296875,6833.1806640625,3115.599365234375,1164.954345703125,10008.3779296875,1639.1014404296875,669.4541625976562,1494.2581787109375,324.1723327636719,5717.71875,1543.42822265625,478.5054626464844,4833.939453125,1382.13427734375,4835.4013671875,2738.587646484375,1549.075439453125,801.6885986328125,726.9905395507812,5075.9111328125,680.1123657226562,2732.769287109375,1194.2847900390625,1388.550048828125,1750.339111328125,448.9058532714844,938.522705078125,363.1812744140625,3530.812255859375,5477.10498046875,2737.0107421875,12170.5732421875,1244.5723876953125,386.20562744140625,289.52020263671875,317.2897644042969,1487.1322021484375,1783.421875,785.1480102539062,1747.9664306640625,1178.0272216796875,147.64114379882812,4169.97265625,1539.6240234375,3559.288330078125,1075.899658203125,11270.3603515625,568.49755859375,240.1620635986328
2024-08-26,3066.1083984375,1469.1802978515625,6752.80419921875,3132.093017578125,1169.30078125,10033.478515625,1685.3787841796875,673.6781005859375,1501.0018310546875,323.20587158203125,5721.9638671875,1562.4447021484375,477.8395080566406,4903.92041015625,1379.908447265625,4812.794921875,2726.680908203125,1603.1524658203125,809.0392456054688,723.6497802734375,5037.12255859375,706.6676025390625,2738.15576171875,1204.009765625,1384.5,1763.5460205078125,448.8171081542969,960.9124145507812,362.0825500488281,3573.345947265625,5572.58740234375,2770.839111328125,12112.69921875,1239.823974609375,398.6003723144531,297.6456604003906,319.17694091796875,1499.6490478515625,1790.3489990234375,784.859130859375,1744.7178955078125,1200.91259765625,149.0773468017578,4205.984375,1579.8388671875,3619.307861328125,1083.0877685546875,11265.689453125,572.2135620117188,243.7241668701172
2024-08-27,3064.210205078125,1465.0181884765625,6754.24853515625,3127.006591796875,1180.2413330078125,10099.8876953125,1718.162841796875,682.1507568359375,1510.12548828125,321.2729797363281,5689.7353515625,1566.4637451171875,471.88983154296875,4880.2783203125,1383.8135986328125,4806.52587890625,2690.11376953125,1595.8333740234375,807.9539184570312,737.5114135742188,5049.18798828125,698.37841796875,2685.50146484375,1216.9598388671875,1383.199951171875,1786.0584716796875,444.2907409667969,941.4647827148438,360.2546691894531,3633.001708984375,5583.8486328125,2758.636962890625,12363.08984375,1240.7587890625,393.6040344238281,298.5535583496094,316.4404602050781,1487.6031494140625,1832.9085693359375,785.677734375,1761.4027099609375,1190.62646484375,148.119873046875,4201.03369140625,1564.860595703125,3540.5947265625,1068.06689453125,11229.1708984375,577.6636962890625,242.3883819580078
2024-08-28,3025.14697265625,1456.5452880859375,6749.2685546875,3086.810302734375,1169.9500732421875,10249.1025390625,1712.66552734375,685.7684936523438,1543.4468994140625,320.4446105957031,5629.57421875,1586.21533203125,467.40533447265625,5007.8974609375,1391.037841796875,4883.52734375,2705.707275390625,1603.1524658203125,807.6332397460938,740.0543823242188,5006.62890625,699.9171752929688,2683.02685546875,1214.47900390625,1415.75,1822.7177734375,441.3619079589844,946.70068359375,357.8474426269531,3619.608642578125,5948.8857421875,2775.699951171875,12225.181640625,1226.5130615234375,393.02752685546875,297.6002502441406,315.5912780761719,1485.4715576171875,1837.6429443359375,779.41845703125,1783.50146484375,1182.3089599609375,147.16241455078125,4209.34716796875,1567.509521484375,3516.916015625,1065.3900146484375,11164.0341796875,572.80810546875,250.5671844482422
2024-08-29,3017.30419921875,1462.7388916015625,6829.69482421875,3077.280029296875,1174.3963623046875,10394.4228515625,1754.7950439453125,702.0231323242188,1552.9178466796875,328.0841064453125,5755.9677734375,1586.5584716796875,468.4709167480469,4989.8291015625,1377.49365234375,4852.9736328125,2666.499755859375,1633.361083984375,808.3485717773438,734.8687744140625,5066.1083984375,695.4002685546875,2703.31201171875,1212.5439453125,1417.449951171875,1817.3128662109375,448.2845764160156,937.1763305664062,355.0406799316406,3614.114013671875,5953.302734375,2735.621826171875,12320.451171875,1232.442626953125,393.84423828125,299.2344055175781,314.5060729980469,1507.90283203125,1837.6429443359375,784.3295288085938,1771.0494384765625,1179.6512451171875,146.4634552001953,4214.71826171875,1586.7740478515625,3522.598876953125,1112.0885009765625,11151.3154296875,572.5603637695312,252.48887634277344
2024-08-30,3016.50537109375,1468.5361328125,6899.712890625,3088.09423828125,1174.2464599609375,10474.921875,1782.1817626953125,715.5994262695312,1575.8758544921875,329.1885986328125,5779.50927734375,1622.18994140625,466.1621398925781,5070.810546875,1397.407470703125,4897.0029296875,2689.06787109375,1634.6663818359375,807.5346069335938,736.663818359375,5142.36572265625,696.2440795898438,2696.275390625,1219.7879638671875,1425.25,1827.0416259765625,445.4444885253906,938.5725708007812,355.7498474121094,3634.914794921875,5976.5537109375,2783.040771484375,12270.1953125,1230.57275390625,399.8974914550781,300.2784729003906,318.3748779296875,1496.6995849609375,1844.221435546875,785.3887939453125,1793.148193359375,1181.32470703125,146.26239013671875,4253.90673828125,1576.322998046875,3554.452880859375,1101.876220703125,11230.7119140625,592.9240112304688,252.3482666015625
2024-09-02,3039.28369140625,1481.0224609375,6852.45263671875,3111.9453125,1187.784912109375,10700.498046875,1839.65380859375,739.4423217773438,1558.322509765625,329.9249267578125,5845.5439453125,1614.10302734375,462.52130126953125,5014.01953125,1365.7681884765625,4849.07421875,2681.046875,1684.45458984375,802.6258544921875,743.24560546875,5258.11962890625,678.921142578125,2707.000244140625,1220.5322265625,1449.050048828125,1846.5933837890625,452.677734375,937.92431640625,355.63995361328125,3613.770751953125,5974.0791015625,2754.8671875,12294.333984375,1235.0751953125,393.9403076171875,296.147705078125,316.6291809082031,1503.267822265625,1882.5450439453125,791.6961669921875,1787.5374755859375,1180.8817138671875,146.37730407714844,4223.35986328125,1586.0999755859375,3576.785888671875,1083.335693359375,11352.9375,594.0635986328125,249.55947875976562
2024-09-03,3033.239501953125,1466.2073974609375,6817.39404296875,3115.79736328125,1190.58251953125,10621.203125,1864.6915283203125,730.8701782226562,1547.6617431640625,327.11767578125,5839.5224609375,1620.5235595703125,461.4112548828125,5043.037109375,1362.1312255859375,4803.5146484375,2697.038818359375,1669.350341796875,807.756591796875,756.6585083007812,5322.5009765625,673.9575805664062,2712.095703125,1238.1463623046875,1436.699951171875,1824.7388916015625,452.100830078125,928.4498291015625,356.3491516113281,3620.687744140625,5966.50634765625,2762.65478515625,12264.357421875,1245.335205078125,390.4813537597656,292.51617431640625,315.77996826171875,1496.203857421875,1922.31396484375,794.2479858398438,1783.1571044921875,1180.192626953125,145.6783447265625,4215.232421875,1583.6436767578125,3610.284912109375,1075.8499755859375,11388.6103515625,596.7391357421875,251.24679565429688
2024-09-04,3009.511962890625,1458.824462890625,6903.0986328125,3191.646240234375,1176.6943359375,10544.3115234375,1870.988525390625,725.4734497070312,1548.950927734375,328.8204345703125,5849.88671875,1619.2493896484375,447.2474365234375,5073.49853515625,1348.8851318359375,4771.677734375,2747.654541015625,1664.501953125,809.951904296875,756.7083740234375,5357.61279296875,661.9456176757812,2757.66455078125,1226.88330078125,1434.4000244140625,1807.0670166015625,449.3939514160156,930.544189453125,356.3491516113281,3582.07861328125,5894.1787109375,2727.685791015625,12204.1591796875,1247.303466796875,389.2322692871094,285.43475341796875,314.128662109375,1501.5823974609375,1905.91796875,786.2554321289062,1804.1729736328125,1176.206298828125,144.7495880126953,4184.31201171875,1584.799560546875,3596.875244140625,1071.2396240234375,11507.5078125,602.3378295898438,243.32577514648438
2024-09-05,3012.509033203125,1452.3336181640625,6906.48486328125,3198.16455078125,1179.5419921875,10440.490234375,1864.041748046875,720.0469360351562,1534.372802734375,331.99591064453125,5774.3271484375,1595.5765380859375,441.3421936035156,5097.68798828125,1330.71044921875,4738.65625,2731.662841796875,1669.4434814453125,811.7525024414062,749.7775268554688,5405.16845703125,665.0726928710938,2754.947021484375,1226.486328125,1422.9000244140625,1817.1248779296875,453.6983947753906,922.964599609375,355.18048095703125,3555.93017578125,5970.0009765625,2701.39697265625,12166.912109375,1232.6148681640625,387.4547424316406,282.7111511230469,312.5716857910156,1480.192138671875,1901.582275390625,788.422119140625,1797.9224853515625,1170.005126953125,145.26663208007812,4181.22900390625,1579.212890625,3711.679931640625,1060.0360107421875,11469.9453125,613.0894775390625,245.99734497070312
2024-09-06,2972.646484375,1429.3924560546875,6879.095703125,3233.17578125,1157.760498046875,10415.8212890625,1856.24560546875,727.2276611328125,1526.48876953125,324.12628173828125,5767.96044921875,1579.206787109375,433.8384704589844,5114.51123046875,1325.0264892578125,4691.6650390625,2683.089599609375,1637.323486328125,807.5592041015625,736.3646240234375,5414.17041015625,662.243408203125,2755.43212890625,1198.899169921875,1409.3499755859375,1787.7034912109375,445.2669982910156,930.2948608398438,352.42364501953125,3507.460205078125,5985.63134765625,2676.59619140625,12055.6669921875,1231.7783203125,379.3356628417969,280.3507080078125,311.20343017578125,1452.2830810546875,1890.0703125,753.514892578125,1796.0029296875,1155.437255859375,144.78790283203125,4163.29345703125,1563.5604248046875,3684.411865234375,1040.40478515625,11360.8369140625,604.2701416015625,244.00538635253906
2024-09-09,2961.357177734375,1422.950927734375,6833.1806640625,3240.138671875,1169.8502197265625,10432.65234375,1859.5439453125,730.2390747070312,1529.860595703125,320.1224670410156,5862.6201171875,1588.1268310546875,430.1976318359375,5150.0498046875,1322.790771484375,4686.5810546875,2700.526123046875,1628.6060791015625,812.2705688476562,733.7717895507812,5415.63134765625,653.7556762695312,2835.844970703125,1225.5435791015625,1428.0999755859375,1780.9356689453125,454.1865539550781,931.740966796875,357.61767578125,3510.943359375,5967.3798828125,2687.260498046875,12015.69921875,1238.446044921875,374.5796203613281,271.36279296875,310.0238952636719,1449.9283447265625,1895.5023193359375,755.2000732421875,1793.3450927734375,1173.351806640625,143.11233520507812,4156.5673828125,1521.130126953125,3673.494873046875,1029.845458984375,11421.94921875,598.919189453125,241.3103485107422
2024-09-10,2983.586181640625,1440.2930908203125,6893.7861328125,3254.261474609375,1186.1861572265625,10567.44140625,1823.611572265625,719.7438354492188,1564.7686767578125,318.4197082519531,5892.67626953125,1599.74267578125,436.1029052734375,5401.853515625,1321.697509765625,4676.5615234375,2692.75439453125,1658.76806640625,814.1698608398438,700.9625244140625,5344.36962890625,654.6987915039062,2813.327392578125,1227.8260498046875,1435.550048828125,1797.5263671875,455.8284606933594,936.2288818359375,357.9073486328125,3528.457275390625,6158.39306640625,2668.560546875,12132.08984375,1247.672607421875,380.7769775390625,268.36676025390625,315.30816650390625,1449.0113525390625,1847.3609619140625,753.6593017578125,1807.6181640625,1185.261962890625,143.064453125,4211.02880859375,1548.293212890625,3716.216064453125,1026.9703369140625,11468.35546875,613.5849609375,246.419189453125
2024-09-11,2935.08203125,1417.69873046875,6872.5712890625,3325.76513671875,1185.087158203125,10983.8779296875,1832.25732421875,730.0502319335938,1564.7191162109375,313.17327880859375,5930.9248046875,1596.164794921875,429.7536315917969,5414.64501953125,1314.1654052734375,4666.14599609375,2671.431640625,1658.441650390625,810.9879150390625,698.2200927734375,5329.99462890625,642.9846801757812,2818.714111328125,1226.88330078125,1421.199951171875,1795.50537109375,456.49407958984375,925.2584228515625,357.4378967285156,3470.371826171875,6115.62744140625,2633.095458984375,12111.51171875,1243.416015625,374.38739013671875,259.0157165527344,314.4117126464844,1439.0721435546875,1853.0423583984375,740.1296997070312,1816.8218994140625,1185.508056640625,141.8676300048828,4184.4052734375,1543.669677734375,3699.965087890625,967.9774780273438,11415.09375,605.4592895507812,241.0760040283203
2024-09-12,2988.181884765625,1459.3199462890625,7033.47314453125,3341.36962890625,1202.3223876953125,11275.0478515625,1853.94677734375,738.2744750976562,1633.097412109375,316.9010009765625,6030.2236328125,1624.4935302734375,440.14337158203125,5457.94775390625,1328.345458984375,4812.59716796875,2747.106689453125,1685.3404541015625,822.1865234375,712.580322265625,5470.162109375,671.2772216796875,2869.4267578125,1242.5623779296875,1443.3499755859375,1833.3865966796875,461.0648193359375,952.2357788085938,365.069091796875,3553.82080078125,6205.96435546875,2719.054931640625,12268.0673828125,1243.9080810546875,388.9920654296875,266.9595642089844,319.1297912597656,1467.1298828125,1869.7869873046875,758.5704345703125,1836.2137451171875,1203.5701904296875,145.28578186035156,4220.23046875,1582.8248291015625,3752.95556640625,977.7435302734375,11636.4892578125,609.2743530273438,248.4346160888672
2024-09-13,2965.55322265625,1439.0048828125,6990.99462890625,3316.48193359375,1216.410400390625,11288.17578125,1893.5274658203125,755.1900634765625,1620.8994140625,315.0601501464844,6053.76513671875,1626.8951416015625,435.3481140136719,5473.72607421875,1323.74462890625,4796.11083984375,2774.2578125,1690.188720703125,821.8658447265625,703.4556274414062,5463.2333984375,668.3486938476562,2846.666748046875,1240.7760009765625,1464.050048828125,1827.4178466796875,456.05035400390625,951.9864501953125,363.6507263183594,3544.990234375,6229.119140625,2717.269287109375,12184.17578125,1245.6549072265625,385.6771545410156,264.5991516113281,318.23333740234375,1460.016357421875,1840.433837890625,761.5555419921875,1824.7459716796875,1191.3154296875,146.96133422851562,4224.8076171875,1595.154296875,3755.697265625,983.6427612304688,11644.1416015625,605.855712890625,258.0663757324219
2024-09-16,2982.087646484375,1427.7076416015625,7003.14599609375,3294.507080078125,1229.9989013671875,11241.2412109375,1856.6954345703125,730.0701293945312,1621.89111328125,313.5414123535156,5984.57177734375,1626.60107421875,438.0121154785156,5454.513671875,1321.041748046875,4836.48779296875,2755.27685546875,1689.3028564453125,824.3324584960938,699.416748046875,5447.822265625,680.1620483398438,2782.75390625,1253.1802978515625,1470.199951171875,1833.1986083984375,453.60968017578125,968.3922729492188,365.8382263183594,3593.31298828125,6236.15771484375,2735.42333984375,12157.416015625,1254.6109619140625,394.99725341796875,265.5523986816406,319.17694091796875,1458.752197265625,1815.266845703125,756.451904296875,1833.802001953125,1199.3868408203125,147.65072631835938,4216.0732421875,1588.3634033203125,3729.42626953125,979.974365234375,11569.3154296875,608.23388671875,258.67572021484375
2024-09-17,2972.396728515625,1413.7347412109375,6979.93896484375,3271.791748046875,1231.0478515625,11493.171875,1847.7996826171875,732.0330200195312,1647.97314453125,311.47052001953125,6032.0,1638.756103515625,433.7940979003906,5427.48681640625,1317.97119140625,4788.11474609375,2744.86474609375,1691.074462890625,823.2718505859375,696.9735107421875,5619.14306640625,678.0277099609375,2788.9658203125,1258.39013671875,1466.3499755859375,1835.360595703125,450.636474609375,961.660400390625,368.9046630859375,3625.642822265625,6267.515625,2765.43212890625,12114.62890625,1253.2576904296875,399.9935302734375,267.50433349609375,317.9030456542969,1459.6942138671875,1813.1737060546875,753.9000854492188,1836.9027099609375,1201.109375,146.31983947753906,4208.9736328125,1590.8197021484375,3756.095947265625,966.6390380859375,11572.296875,605.1124877929688,258.67572021484375
2024-09-18,2953.5146484375,1415.9150390625,7007.677734375,3234.114013671875,1239.3907470703125,11314.6240234375,1887.2803955078125,758.4300537109375,1641.179931640625,309.3535461425781,6044.04248046875,1618.9552001953125,432.5508728027344,5444.359375,1305.28173828125,4788.2626953125,2712.831298828125,1637.696533203125,836.0984497070312,696.873779296875,5622.4892578125,680.2612915039062,2791.246826171875,1278.485107421875,1480.25,1778.585693359375,450.2814636230469,954.1306762695312,367.5162658691406,3660.229248046875,6180.673828125,2785.818603515625,12073.423828125,1278.0093994140625,397.9277648925781,263.6458740234375,315.4496765136719,1450.919921875,1836.3970947265625,763.3851928710938,1807.2735595703125,1182.013671875,144.19427490234375,4059.97607421875,1546.36669921875,3714.17236328125,953.8489379882812,11557.6396484375,599.61279296875,252.23109436035156
2024-09-19,2940.376708984375,1395.500732421875,7002.05029296875,3253.07666015625,1241.6387939453125,11414.01953125,1889.4794921875,754.3800659179688,1651.04736328125,298.6306457519531,6055.14697265625,1605.3299560546875,424.42559814453125,5404.5908203125,1292.31396484375,4802.62646484375,2729.022216796875,1619.04931640625,842.8571166992188,699.5663452148438,5661.4189453125,679.2189331054688,2826.090576171875,1282.107177734375,1484.75,1780.5125732421875,451.0802001953125,945.8529663085938,373.9588623046875,3614.359130859375,6191.2080078125,2775.203857421875,12219.24609375,1296.240966796875,407.34393310546875,258.9703369140625,316.0158386230469,1457.0916748046875,1834.9019775390625,760.6889038085938,1817.16650390625,1196.187744140625,143.17935180664062,4013.26806640625,1536.6861572265625,3769.60546875,958.7567749023438,11554.2607421875,589.4061889648438,249.98130798339844
2024-09-20,3005.66552734375,1425.7255859375,7054.23974609375,3266.01416015625,1243.9368896484375,11484.9013671875,1915.8665771484375,753.594970703125,1697.55859375,304.8434753417969,6130.212890625,1606.26123046875,435.9697570800781,5426.04296875,1301.97265625,4899.61865234375,2668.54248046875,1641.006591796875,858.989013671875,709.1398315429688,5668.2060546875,689.3447265625,2890.00341796875,1328.201416015625,1480.199951171875,1791.3695068359375,456.5384521484375,978.9139404296875,380.4613342285156,3722.48486328125,6187.275390625,2927.331787109375,12479.4306640625,1328.3985595703125,407.34393310546875,259.8782043457031,321.6303405761719,1473.2025146484375,1864.1058349609375,752.7445068359375,1836.558349609375,1197.7626953125,145.5538787841797,4002.759521484375,1562.404541015625,3785.806640625,962.5739135742188,11723.9853515625,581.7760009765625,252.6763458251953
2024-09-23,3041.08203125,1443.018310546875,7124.10888671875,3236.87939453125,1245.7353515625,11866.9541015625,1919.0150146484375,754.8521728515625,1735.937744140625,311.1944274902344,6130.85498046875,1625.3758544921875,444.5390625,5348.49609375,1322.5025634765625,4817.0888671875,2657.2333984375,1634.2470703125,868.1651000976562,725.4946899414062,5835.3330078125,685.522705078125,2939.454345703125,1311.7781982421875,1465.0999755859375,1782.627685546875,458.8016357421875,979.4624633789062,386.494384765625,3716.401611328125,6141.64599609375,3025.492919921875,12547.294921875,1340.995849609375,411.57159423828125,268.2306213378906,321.9134216308594,1480.5887451171875,1913.8419189453125,772.1480712890625,1833.5560302734375,1192.5457763671875,147.44007873535156,3987.43896484375,1548.052490234375,3808.63818359375,963.515869140625,11886.703125,587.42431640625,250.7078094482422
2024-09-24,3090.98486328125,1443.5137939453125,7093.43212890625,3208.18896484375,1238.4915771484375,11967.650390625,1903.7225341796875,750.7872924804688,1742.0863037109375,312.16082763671875,6122.9091796875,1605.1829833984375,447.8246765136719,5351.4326171875,1321.6876220703125,4814.47265625,2609.80615234375,1655.5047607421875,872.2350463867188,718.7134399414062,5774.76953125,712.6239624023438,2863.7490234375,1308.50341796875,1448.300048828125,1784.6484375,457.2928771972656,987.0420532226562,382.4989929199219,3720.228271484375,6159.12158203125,3049.7978515625,12602.201171875,1326.8485107421875,411.3313903808594,271.86212158203125,330.3116149902344,1476.6229248046875,1858.2252197265625,768.6814575195312,1838.871337890625,1192.644287109375,153.70188903808594,3990.05419921875,1576.9010009765625,3773.54345703125,968.9689331054688,11687.56640625,598.2750244140625,252.88723754882812
2024-09-25,3102.174560546875,1439.4508056640625,7104.83642578125,3204.583984375,1267.01708984375,11923.0244140625,1927.5609130859375,757.7145385742188,1745.8052978515625,312.75909423828125,6100.3544921875,1610.72119140625,448.71270751953125,5369.8486328125,1329.85595703125,4832.587890625,2652.351318359375,1661.8447265625,877.686279296875,714.5748291015625,5738.94970703125,713.2196044921875,2862.196044921875,1313.7132568359375,1439.5,1781.546630859375,459.3341064453125,980.010986328125,379.1528625488281,3722.43603515625,5924.6142578125,3066.414306640625,12648.4013671875,1327.31591796875,419.0179748535156,271.1812438964844,343.23907470703125,1481.15869140625,1857.4776611328125,763.7222290039062,1841.283203125,1170.9400634765625,154.78384399414062,3993.277587890625,1543.8140869140625,3726.03662109375,955.3857421875,11741.87109375,594.1130981445312,251.31712341308594
2024-09-26,3119.707763671875,1459.3199462890625,7139.09814453125,3236.484375,1276.009521484375,12138.8408203125,1981.83447265625,772.075927734375,1756.41650390625,317.6373291015625,6173.2001953125,1589.744384765625,449.82269287109375,5354.9169921875,1340.379150390625,4930.32080078125,2735.8974609375,1663.1968994140625,879.8323364257812,727.5390014648438,5704.21435546875,729.3016967773438,2898.25341796875,1318.87353515625,1452.699951171875,1786.1995849609375,463.9492492675781,1002.8494873046875,380.0218505859375,3691.33251953125,5984.3212890625,3155.74658203125,13240.4931640625,1355.9305419921875,417.5767822265625,268.003662109375,344.8432312011719,1485.12451171875,1892.063720703125,772.1480712890625,1868.6973876953125,1194.416015625,158.56582641601562,4009.8583984375,1547.8597412109375,3746.275634765625,984.6838989257812,11989.0048828125,595.6490478515625,253.98873901367188
2024-09-27,3127.350830078125,1443.563232421875,7204.98291015625,3269.767333984375,1272.0628662109375,12181.87890625,2009.7208251953125,770.8434448242188,1720.2191162109375,338.0706481933594,6187.70947265625,1639.442138671875,458.3032531738281,5433.16064453125,1341.47216796875,4997.7958984375,2773.06201171875,1686.086181640625,864.6376953125,728.187255859375,5615.51416015625,741.710693359375,2878.9873046875,1296.5953369140625,1462.699951171875,1792.3095703125,463.90484619140625,998.8602294921875,374.0587158203125,3635.89599609375,5957.1865234375,3158.276123046875,13351.095703125,1351.1080322265625,419.7866516113281,269.81939697265625,334.2747802734375,1513.10791015625,1876.465087890625,772.91845703125,1918.2103271484375,1182.7027587890625,159.46583557128906,4024.9921875,1550.0750732421875,3805.248291015625,984.53515625,11877.0146484375,605.1124877929688,253.9418182373047
2024-09-30,3132.895751953125,1435.1400146484375,7170.2724609375,3287.89013671875,1231.1478271484375,11873.6875,1972.4390869140625,765.5759887695312,1695.3768310546875,340.5097961425781,6256.16259765625,1621.40576171875,453.01959228515625,5418.6767578125,1341.8099365234375,4961.9111328125,2785.417236328125,1674.6180419921875,854.47509765625,716.0208740234375,5384.619140625,750.6947631835938,2871.271240234375,1263.252685546875,1447.5999755859375,1763.0291748046875,459.86663818359375,1027.28369140625,370.3630065917969,3606.36279296875,6062.27978515625,3070.2333984375,13096.25390625,1323.6744384765625,425.83990478515625,270.18255615234375,332.9537048339844,1463.9324951171875,1837.942138671875,758.71484375,1896.5545654296875,1178.1748046875,161.38076782226562,3987.43896484375,1519.20361328125,3812.476318359375,966.3416137695312,11727.662109375,607.58984375,253.77780151367188
2024-10-01,3183.098388671875,1454.2659912109375,7124.65625,3236.78076171875,1225.6025390625,11692.3984375,1974.2880859375,765.5759887695312,1684.61669921875,338.9450988769531,6362.6669921875,1631.943359375,451.5543518066406,5399.21484375,1341.3131103515625,4908.9970703125,2790.996826171875,1693.638427734375,851.5890502929688,708.2423706054688,5420.15625,756.0057983398438,2837.7373046875,1264.6419677734375,1409.699951171875,1790.0533447265625,458.1360168457031,1024.5411376953125,375.4471435546875,3584.727783203125,6090.53125,3140.270751953125,13025.025390625,1332.089111328125,422.8612976074219,265.0530700683594,331.019287109375,1452.2830810546875,1828.1741943359375,767.4296264648438,1889.91015625,1177.48583984375,159.9254150390625,4005.561279296875,1565.6314697265625,3764.620361328125,956.9721069335938,11762.5908203125,615.5668334960938,256.26190185546875
2024-10-03,3113.064208984375,1412.347412109375,6878.2490234375,3110.315673828125,1174.696044921875,11354.82421875,1912.46826171875,738.8260498046875,1659.5760498046875,321.0888977050781,6249.845703125,1623.8074951171875,446.0930480957031,5405.685546875,1338.64013671875,4721.28125,2756.123779296875,1658.25537109375,829.7838134765625,700.3142700195312,5337.818359375,741.6610107421875,2808.23193359375,1246.7301025390625,1387.75,1779.7606201171875,455.0740661621094,1036.309326171875,364.1401672363281,3431.8115234375,6003.5439453125,3104.905029296875,12511.927734375,1316.244140625,418.2973937988281,265.14385986328125,324.7442626953125,1394.928466796875,1799.618408203125,764.6851806640625,1880.95263671875,1134.6680908203125,159.87754821777344,3954.042724609375,1545.06640625,3663.923583984375,917.808837890625,11650.9482421875,599.9596557617188,248.4814910888672
2024-10-04,3107.71923828125,1400.9510498046875,6746.4296875,3034.466552734375,1177.393798828125,11324.0,1883.63232421875,716.7125244140625,1627.2960205078125,313.17327880859375,6125.72216796875,1591.214599609375,441.5198059082031,5400.95703125,1318.2891845703125,4646.55029296875,2735.150146484375,1656.43701171875,817.771240234375,706.84619140625,5204.06103515625,742.4552001953125,2764.94384765625,1230.2572021484375,1382.8499755859375,1803.0252685546875,446.9089050292969,1030.9737548828125,361.3833312988281,3428.180908203125,5935.82763671875,2993.40087890625,12470.7744140625,1278.50146484375,413.5893249511719,268.049072265625,319.7431335449219,1374.653564453125,1792.19287109375,767.1407470703125,1880.1651611328125,1112.668701171875,159.65733337402344,3972.259033203125,1557.01025390625,3659.088134765625,922.8157958984375,11378.126953125,593.8653564453125,250.07505798339844
2024-10-07,3015.156494140625,1342.9786376953125,6745.9814453125,3024.343505859375,1144.7216796875,11172.6689453125,1878.3848876953125,722.4818725585938,1648.2706298828125,308.341064453125,6041.13037109375,1592.5379638671875,426.6455993652344,5379.853515625,1313.648681640625,4608.19775390625,2710.63916015625,1656.7633056640625,798.1119384765625,703.904296875,5185.86767578125,725.9760131835938,2750.04541015625,1224.4520263671875,1350.8499755859375,1818.2059326171875,452.8109130859375,1016.0140380859375,357.6376647949219,3403.063232421875,6072.57080078125,3035.81005859375,12393.3623046875,1266.5438232421875,399.1768798828125,262.78338623046875,310.4013671875,1358.9888916015625,1782.076171875,742.1038208007812,1875.440185546875,1093.966796875,157.36898803710938,3991.502685546875,1559.033203125,3578.480712890625,919.9404907226562,11159.6123046875,575.0376586914062,249.0907745361328
2024-10-08,3157.721923828125,1405.757568359375,6896.52490234375,3049.823974609375,1152.3153076171875,11434.3115234375,1837.2548828125,714.2874755859375,1643.708740234375,311.1023254394531,6124.142578125,1608.2705078125,436.7689514160156,5521.90625,1322.8204345703125,4633.37109375,2728.27490234375,1668.4178466796875,814.5152587890625,708.142578125,5212.5439453125,716.5452270507812,2735.875,1227.13134765625,1359.550048828125,1831.6007080078125,450.81396484375,995.5192260742188,360.2646179199219,3465.9072265625,6190.86767578125,3140.6181640625,12397.7646484375,1270.4312744140625,404.46142578125,266.41485595703125,308.7028503417969,1385.3858642578125,1722.373046875,752.5037841796875,1887.154052734375,1101.496826171875,152.73486328125,3973.193359375,1569.1951904296875,3482.868408203125,911.9591064453125,11318.0576171875,571.5693969726562,246.98165893554688
2024-10-09,3150.778564453125,1395.451171875,6980.78564453125,3040.738037109375,1169.15087890625,11366.0283203125,1866.040771484375,725.5678100585938,1664.1875,311.8847351074219,6018.37890625,1647.283935546875,432.4176940917969,5962.60009765625,1324.5693359375,4648.623046875,2705.906494140625,1687.2982177734375,805.6845703125,715.32275390625,5235.8740234375,722.2533569335938,2687.491455078125,1234.62353515625,1341.550048828125,1835.548583984375,436.3918151855469,991.8291625976562,359.7452392578125,3421.460205078125,6252.7587890625,3127.870361328125,12624.0654296875,1238.076904296875,402.0593566894531,261.92095947265625,311.1562194824219,1362.8306884765625,1731.6923828125,767.8629760742188,1900.6397705078125,1100.2664794921875,152.29443359375,3972.912841796875,1597.8031005859375,3482.968017578125,931.1442260742188,11278.658203125,572.3621826171875,248.95018005371094
2024-10-10,3171.209228515625,1404.4195556640625,6927.1513671875,3021.232421875,1183.23876953125,11379.3974609375,1874.7864990234375,727.4810791015625,1664.1875,308.75531005859375,5924.5087890625,1586.9014892578125,433.4388732910156,5915.2158203125,1308.3223876953125,4637.76416015625,2712.58203125,1686.3193359375,820.114501953125,721.6552734375,5143.02587890625,724.83447265625,2673.66064453125,1233.978515625,1356.4000244140625,1803.8240966796875,436.7024841308594,1004.6945190429688,374.78790283203125,3395.2138671875,6161.0146484375,3168.84130859375,12805.5009765625,1236.3299560546875,406.1428527832031,262.1478576660156,315.49688720703125,1359.31103515625,1728.8018798828125,767.5740356445312,1858.2139892578125,1096.673583984375,152.92636108398438,3949.044921875,1560.1407470703125,3436.90673828125,920.5849609375,11358.0546875,579.1005249023438,246.0676727294922
2024-10-11,3134.244140625,1395.55029296875,6955.38818359375,2999.603271484375,1171.4488525390625,11422.6279296875,1875.486328125,725.721923828125,1673.4105224609375,310.7801818847656,5901.1650390625,1564.2091064453125,437.7457580566406,6114.40869140625,1311.5220947265625,4667.52783203125,2715.6708984375,1715.22265625,814.4905395507812,721.8546752929688,5162.06689453125,741.9091796875,2701.322265625,1213.635498046875,1347.5999755859375,1818.9580078125,433.2855224609375,1009.33203125,376.04644775390625,3416.995849609375,6224.02197265625,3109.369140625,12639.8447265625,1236.01025390625,405.9507141113281,265.5977783203125,311.4393310546875,1360.35205078125,1729.3499755859375,770.1259155273438,1872.19189453125,1095.64013671875,153.8263702392578,3875.99462890625,1586.4852294921875,3463.97509765625,922.7662353515625,11349.359375,577.7627563476562,247.6143798828125
2024-10-14,3098.17822265625,1397.5819091796875,7064.14990234375,3001.529052734375,1163.355712890625,11444.1220703125,1866.2906494140625,716.4590454101562,1681.54248046875,313.6335144042969,5900.720703125,1566.855712890625,442.49658203125,6186.6796875,1323.5855712890625,4718.61572265625,2717.015869140625,1730.37353515625,832.7931518554688,738.5585327148438,5236.5810546875,737.5908813476562,2707.048583984375,1222.3184814453125,1370.449951171875,1841.329345703125,441.0513000488281,1009.7808227539062,381.71990966796875,3488.131103515625,6260.525390625,3129.755126953125,12403.6005859375,1231.2125244140625,407.8723449707031,260.1051940917969,312.0527038574219,1360.7734375,1732.58935546875,775.3258666992188,1879.8697509765625,1096.0831298828125,151.58590698242188,3864.270751953125,1630.263916015625,3487.30517578125,920.3370971679688,11229.1220703125,573.4027099609375,257.5742492675781
2024-10-15,3101.77490234375,1407.49169921875,7111.50927734375,3029.13330078125,1152.86474609375,11080.7734375,1853.047119140625,697.3867797851562,1703.012939453125,320.9968566894531,5990.1982421875,1540.6834716796875,439.07781982421875,6079.02001953125,1313.996337890625,4661.654296875,2725.8837890625,1743.613037109375,830.81982421875,712.2811889648438,5189.732421875,721.65771484375,2699.623779296875,1245.8865966796875,1360.9000244140625,1841.70556640625,442.4713134765625,998.162109375,378.6034851074219,3485.0400390625,6272.4189453125,3130.648193359375,12313.4765625,1222.453369140625,409.89013671875,257.5631408691406,311.2506103515625,1332.5174560546875,1718.087158203125,774.8444213867188,1868.74658203125,1097.7564697265625,149.01031494140625,3845.727294921875,1613.7445068359375,3497.972900390625,909.4804077148438,11344.98828125,568.8939208984375,249.79383850097656
2024-10-16,3082.992431640625,1391.1405029296875,7042.935546875,3043.947509765625,1152.2152099609375,11172.5732421875,1861.143310546875,691.368896484375,1719.574462890625,322.83770751953125,6011.3212890625,1531.3221435546875,440.232177734375,6095.89306640625,1333.721435546875,4618.36572265625,2754.081298828125,1739.091064453125,838.565185546875,724.7965698242188,5088.4482421875,727.762939453125,2699.4296875,1233.6312255859375,1346.300048828125,1804.858154296875,437.7231140136719,986.6929931640625,374.83782958984375,3466.103759765625,6173.9267578125,3043.5478515625,12251.2998046875,1211.6275634765625,407.6321716308594,259.10650634765625,308.7500305175781,1342.4813232421875,1728.05419921875,775.61474609375,1868.7957763671875,1096.4766845703125,148.6369171142578,3825.31640625,1599.248046875,3460.58544921875,899.7144165039062,11250.9833984375,563.6915283203125,249.41888427734375
2024-10-17,3010.910400390625,1382.12255859375,6961.2646484375,3018.022705078125,1130.883544921875,9732.3564453125,1814.915771484375,685.7188110351562,1687.0465087890625,315.4283142089844,5911.03564453125,1527.891357421875,435.0373229980469,6049.8525390625,1332.3599853515625,4564.662109375,2696.04248046875,1741.4686279296875,825.4178466796875,724.0985107421875,4918.06982421875,729.4505615234375,2658.082763671875,1221.8223876953125,1347.3499755859375,1849.9771728515625,433.9067687988281,976.8694458007812,372.38067626953125,3503.093994140625,6208.00341796875,2940.97216796875,12013.720703125,1170.51416015625,401.38677978515625,255.65658569335938,312.477294921875,1344.811279296875,1696.4085693359375,781.0072631835938,1859.98583984375,1073.0501708984375,145.91769409179688,3838.441162109375,1636.52490234375,3393.138671875,883.99951171875,10947.904296875,548.6788940429688,247.82530212402344
2024-10-18,2999.171630859375,1392.9241943359375,6954.8896484375,2955.11083984375,1195.8280029296875,9678.9794921875,1819.0137939453125,685.7237548828125,1693.69091796875,315.2442321777344,5811.04638671875,1521.02978515625,437.0797424316406,5994.95263671875,1339.7232666015625,4704.64697265625,2750.942626953125,1732.0517578125,829.7098388671875,740.4034423828125,4916.8916015625,748.0144653320312,2637.166748046875,1254.8177490234375,1347.25,1766.7889404296875,431.9542541503906,989.9342651367188,373.779052734375,3510.45263671875,5816.99609375,2940.624755859375,11975.484375,1156.5145263671875,408.30474853515625,257.199951171875,313.3265686035156,1347.66162109375,1700.4453125,790.010986328125,1880.46044921875,1076.1014404296875,148.78053283691406,3860.9619140625,1625.8331298828125,3371.30419921875,902.3914184570312,10999.5771484375,550.21484375,257.1524353027344
2024-10-21,2934.882080078125,1363.0955810546875,6958.3759765625,3011.45458984375,1189.28369140625,10098.830078125,1757.543701171875,673.9315185546875,1678.517822265625,305.2576599121094,5703.5546875,1493.6322021484375,431.0412292480469,5898.1435546875,1331.038330078125,4748.87353515625,2708.3974609375,1718.9053955078125,852.8223876953125,743.7940673828125,4941.44677734375,734.215576171875,2614.3095703125,1249.4095458984375,1308.25,1741.5504150390625,429.2473449707031,978.814208984375,357.4278869628906,3518.10595703125,5769.8134765625,2974.30419921875,12045.52734375,1158.6796875,408.352783203125,251.1172332763672,312.477294921875,1357.476806640625,1706.2261962890625,783.7999267578125,1867.3192138671875,1001.0966796875,148.4358367919922,3820.508544921875,1638.6439208984375,3353.15869140625,895.5997924804688,10800.8369140625,540.5037231445312,256.8946228027344
2024-10-22,2821.1396484375,1350.5596923828125,6864.30517578125,2969.62939453125,1174.7459716796875,9971.7353515625,1721.7611083984375,663.6946411132812,1678.22021484375,297.2039794921875,5652.91845703125,1480.4970703125,415.90069580078125,5791.57861328125,1324.0823974609375,4698.13134765625,2645.7255859375,1710.599853515625,845.841796875,726.1927490234375,4878.8095703125,715.0064697265625,2602.80810546875,1257.7947998046875,1274.3499755859375,1740.4693603515625,427.60540771484375,961.06201171875,352.2239074707031,3445.793212890625,5705.30078125,2864.18896484375,11795.630859375,1156.5145263671875,399.4651184082031,245.85159301757812,304.55096435546875,1331.8482666015625,1692.5711669921875,761.1222534179688,1858.0172119140625,982.5916137695312,143.99319458007812,3760.2490234375,1634.1649169921875,3319.80908203125,872.002685546875,10756.96484375,525.5406494140625,255.65260314941406
2024-10-23,2832.87841796875,1328.3616943359375,6879.0458984375,2952.69140625,1159.4091796875,10181.7802734375,1738.852783203125,695.2897338867188,1671.82373046875,297.342041015625,5674.48583984375,1456.236328125,421.0067138671875,5701.63818359375,1313.2510986328125,4617.8720703125,2623.655517578125,1732.184814453125,856.3251342773438,721.7550048828125,4850.43701171875,711.87939453125,2581.0673828125,1242.0164794921875,1274.300048828125,1760.9610595703125,426.31854248046875,951.88671875,353.15283203125,3390.356689453125,5761.998046875,2771.235595703125,11828.1796875,1145.147216796875,392.306884765625,245.89698791503906,299.03082275390625,1327.0645751953125,1710.3626708984375,756.8851928710938,1810.5712890625,998.6359252929688,142.45167541503906,3807.77294921875,1672.1160888671875,3278.73291015625,870.16845703125,10685.318359375,526.927978515625,256.4728088378906
2024-10-24,2827.533447265625,1342.1859130859375,6926.25537109375,2935.21044921875,1166.3531494140625,9908.404296875,1741.2515869140625,699.7720947265625,1664.53466796875,295.8693542480469,5539.80078125,1462.803955078125,423.803955078125,5710.64697265625,1308.242919921875,4608.74072265625,2657.0341796875,1731.38720703125,863.15771484375,712.8795166015625,4820.1787109375,685.671630859375,2431.40380859375,1243.15771484375,1280.050048828125,1751.5142822265625,418.6415100097656,955.5269165039062,352.03411865234375,3377.8466796875,5796.26904296875,2803.823974609375,11637.740234375,1111.439697265625,395.7658996582031,244.30819702148438,301.1539306640625,1328.3287353515625,1629.927734375,765.1185302734375,1819.9718017578125,980.8198852539062,142.64317321777344,3790.58935546875,1671.9234619140625,3320.90576171875,872.4984130859375,10974.0380859375,530.1484985351562,256.33221435546875
2024-10-25,2690.912109375,1306.807861328125,6916.9931640625,2921.3837890625,1188.3343505859375,9815.69140625,1706.568603515625,686.7772216796875,1652.1878662109375,281.9249572753906,5596.0634765625,1459.4710693359375,409.46258544921875,5754.54736328125,1294.7286376953125,4532.8251953125,2605.720947265625,1738.3785400390625,860.0744018554688,707.4944458007812,4687.92919921875,673.8086547851562,2453.678466796875,1245.8370361328125,1041.5999755859375,1750.2923583984375,428.0491943359375,941.315185546875,353.3625793457031,3263.784912109375,5750.33984375,2699.164794921875,11379.6826171875,1112.4486083984375,383.27508544921875,239.72341918945312,297.99285888671875,1316.4808349609375,1611.4385986328125,752.0222778320312,1831.2919921875,957.786865234375,139.6558837890625,3799.626220703125,1653.3331298828125,3256.7490234375,856.9322509765625,10925.943359375,517.2168579101562,254.7152099609375
2024-10-28,2796.01318359375,1340.0057373046875,6898.51708984375,2964.69091796875,1170.599609375,9628.2958984375,1729.6072998046875,686.896484375,1649.559814453125,285.6986999511719,5648.27880859375,1473.4393310546875,392.1907043457031,5788.04443359375,1303.2347412109375,4660.22265625,2637.355712890625,1756.5849609375,855.5357055664062,716.2701416015625,4645.0400390625,687.8556518554688,2500.023681640625,1282.95068359375,1054.800048828125,1753.3941650390625,429.6910705566406,964.65234375,349.56695556640625,3277.9140625,5737.287109375,2758.83544921875,11360.29296875,1118.03369140625,388.0792541503906,239.0879669189453,300.3518981933594,1322.9251708984375,1600.624267578125,762.7111206054688,1873.126953125,960.5922241210938,143.0261688232422,3830.809326171875,1639.9443359375,3273.199462890625,870.9616088867188,11022.7294921875,526.9774780273438,261.81597900390625
2024-10-29,2845.916015625,1360.32080078125,6959.42236328125,2955.802490234375,1185.8365478515625,9474.0302734375,1765.839599609375,697.943359375,1623.5274658203125,286.6651611328125,5594.18798828125,1448.345458984375,395.6539611816406,5777.044921875,1266.6666259765625,4835.45068359375,2676.26416015625,1756.5849609375,864.2430419921875,740.3536376953125,4512.74365234375,688.5504760742188,2472.70166015625,1321.6519775390625,1038.1500244140625,1748.59326171875,433.0636291503906,956.2250366210938,351.63458251953125,3317.259033203125,5700.70947265625,2725.007080078125,10927.724609375,1115.7454833984375,396.006103515625,240.58592224121094,302.4750061035156,1328.52685546875,1655.89208984375,801.8554077148438,1842.316650390625,976.4888305664062,143.67723083496094,3816.200927734375,1636.043212890625,3273.54833984375,835.56591796875,11042.107421875,529.8016967773438,263.5033264160156
2024-10-30,2966.502197265625,1383.60888671875,6954.49169921875,2959.555419921875,1169.400634765625,9560.396484375,1751.5965576171875,691.2347412109375,1619.80859375,286.527099609375,5707.7001953125,1390.217529296875,398.850830078125,5859.91748046875,1241.97314453125,4806.9208984375,2662.863037109375,1725.6624755859375,855.7330322265625,725.0458984375,4627.6015625,683.3883666992188,2479.787109375,1302.1029052734375,1056.4000244140625,1713.227783203125,436.2586975097656,954.7290649414062,346.5205078125,3344.192626953125,5645.087890625,2686.119384765625,11135.921875,1120.125,392.49908447265625,237.54454040527344,300.4934387207031,1332.3935546875,1618.8143310546875,791.9850463867188,1823.1217041015625,1006.6581420898438,142.63360595703125,3825.003173828125,1622.9915771484375,3298.523193359375,833.0377197265625,11134.521484375,541.2964477539062,264.932861328125
2024-10-31,2944.47314453125,1363.54150390625,6994.5302734375,2899.310546875,1158.5599365234375,9460.037109375,1749.8974609375,684.749755859375,1599.2305908203125,286.0209045410156,5652.8193359375,1521.078857421875,401.4260559082031,5862.95361328125,1266.169677734375,4831.99560546875,2686.07861328125,1657.3885498046875,856.2757568359375,718.1649780273438,4703.24658203125,681.0554809570312,2453.87255859375,1282.355224609375,1055.5999755859375,1670.589599609375,433.81805419921875,961.06201171875,345.8212890625,3554.115234375,5562.970703125,2706.803466796875,10957.849609375,1113.5557861328125,394.57757568359375,241.62997436523438,302.7109069824219,1320.64501953125,1616.8209228515625,789.8184204101562,1819.9718017578125,986.8241577148438,142.24102783203125,3716.189453125,1563.4151611328125,3257.24755859375,826.9401245117188,10995.9501953125,548.62939453125,258.62884521484375
2024-11-01,2946.72119140625,1381.8251953125,7003.7431640625,2903.45849609375,1168.5513916015625,9498.1708984375,1753.845458984375,688.1139526367188,1603.048583984375,288.091796875,5619.4072265625,1528.724609375,403.29083251953125,5876.79052734375,1251.6617431640625,4890.19140625,2689.117431640625,1649.27099609375,857.0650634765625,721.7051391601562,4732.42041015625,685.8701782226562,2462.850341796875,1281.90869140625,1062.5,1674.011962890625,435.1492919921875,965.6995239257812,348.4782409667969,3558.089111328125,5583.18359375,2795.193115234375,10991.0400390625,1123.0775146484375,397.6711730957031,246.7140655517578,303.89044189453125,1327.1884765625,1623.4989013671875,790.7813720703125,1829.3232421875,988.349853515625,143.3804168701172,3730.9384765625,1558.555908203125,3283.8173828125,836.260009765625,11075.5947265625,553.3363037109375,258.41790771484375
2024-11-04,2894.669921875,1337.0823974609375,6930.48876953125,2879.21240234375,1138.2772216796875,9161.173828125,1711.666015625,680.1729736328125,1578.0576171875,279.30181884765625,5552.435546875,1553.279541015625,393.6559143066406,5874.9990234375,1260.3070068359375,4769.99951171875,2581.210205078125,1654.479248046875,845.6197509765625,708.8905639648438,4530.2763671875,669.3909912109375,2450.52392578125,1267.42041015625,1063.800048828125,1676.6739501953125,430.0904541015625,952.3355102539062,345.4716796875,3507.165771484375,5588.58984375,2860.96484375,10934.1064453125,1105.313232421875,387.6170349121094,240.85826110839844,297.6625671386719,1291.0009765625,1603.5147705078125,799.1109619140625,1780.5977783203125,978.9989013671875,140.69952392578125,3712.1630859375,1592.3287353515625,3212.33251953125,817.0748901367188,10932.5517578125,547.638427734375,253.47312927246094
2024-11-05,2912.802978515625,1317.36181640625,6938.3564453125,2851.55908203125,1170.699462890625,9497.1123046875,1734.8048095703125,688.7847900390625,1565.314208984375,283.4436950683594,5532.59521484375,1569.5513916015625,400.4232482910156,5784.9091796875,1264.182373046875,4837.07958984375,2641.34130859375,1664.4271240234375,867.2030029296875,715.2728881835938,4544.0859375,692.4717407226562,2447.175537109375,1286.7711181640625,1090.0999755859375,1667.68994140625,426.1853942871094,996.8157348632812,351.0252685546875,3507.50927734375,5571.73779296875,2876.34130859375,11050.49609375,1113.309814453125,389.69549560546875,242.76483154296875,298.74774169921875,1294.1240234375,1627.83447265625,817.7442016601562,1775.3804931640625,985.0524291992188,145.8123779296875,3718.905517578125,1586.7403564453125,3220.557861328125,828.5264892578125,11105.9521484375,553.9804077148438,254.83238220214844
2024-11-06,3043.3798828125,1357.645263671875,6940.1494140625,2861.43505859375,1165.50390625,9637.19140625,1747.848388671875,696.3233032226562,1585.5450439453125,291.77349853515625,5621.2333984375,1562.542724609375,401.25189208984375,5927.1611328125,1293.8939208984375,4854.20751953125,2636.359375,1725.287109375,865.9203491210938,706.7465209960938,4612.04833984375,703.0442504882812,2455.374267578125,1292.3779296875,1077.6500244140625,1733.7625732421875,426.9841613769531,1005.941162109375,352.114013671875,3576.829345703125,5835.0380859375,2911.16162109375,11232.6748046875,1119.780517578125,395.3026428222656,244.2627716064453,300.5406494140625,1314.002197265625,1598.6805419921875,823.13671875,1798.857421875,991.2536010742188,147.08580017089844,3876.507080078125,1645.927978515625,3167.517578125,832.5419311523438,11203.3857421875,562.1060180664062,264.3001403808594
2024-11-07,2967.3017578125,1340.897705078125,7395.0673828125,2807.6591796875,1158.9095458984375,9479.609375,1728.857666015625,686.2157592773438,1562.7357177734375,289.9326477050781,5615.31103515625,1544.99658203125,400.8376159667969,5932.93505859375,1279.23681640625,4815.55859375,2553.4111328125,1719.23388671875,861.62841796875,709.7382202148438,4539.6552734375,643.3817138671875,2430.630859375,1268.908935546875,1056.800048828125,1714.1309814453125,424.1440734863281,987.1417846679688,348.9776611328125,3577.90869140625,5733.5849609375,2868.305908203125,11179.154296875,1113.506591796875,390.3722229003906,240.76751708984375,295.3035583496094,1294.470947265625,1584.626953125,827.7589111328125,1762.928466796875,969.4017944335938,144.5293731689453,3887.0419921875,1604.5743408203125,3111.486083984375,812.7620239257812,10981.193359375,562.0069580078125,264.0657653808594
2024-11-08,2926.34033203125,1349.8165283203125,7391.630859375,2735.167724609375,1159.9586181640625,9531.3037109375,1738.90283203125,685.3659057617188,1556.8846435546875,285.7447204589844,5672.8076171875,1561.121337890625,390.43341064453125,5922.880859375,1275.5601806640625,4723.99609375,2535.6259765625,1724.4425048828125,865.525634765625,706.5470581054688,4495.2578125,645.7146606445312,2462.247314453125,1249.2109375,1053.800048828125,1739.704345703125,424.2772216796875,993.7240600585938,348.7579040527344,3591.399658203125,5773.47509765625,2951.18994140625,11181.9736328125,1129.646728515625,384.4267578125,238.3616485595703,298.41748046875,1272.758544921875,1564.792236328125,811.9182739257812,1781.2867431640625,977.3748168945312,141.29315185546875,3883.389892578125,1634.0709228515625,3176.68994140625,798.5839233398438,10973.7900390625,552.5435180664062,266.69049072265625
2024-11-11,2900.914306640625,1335.74462890625,7126.748046875,2511.61962890625,1170.0001220703125,9539.91015625,1716.6136474609375,673.7228393554688,1547.6121826171875,287.6776123046875,5364.35009765625,1522.1080322265625,388.1315612792969,5873.20703125,1279.783447265625,4732.09130859375,2510.36767578125,1752.4090576171875,871.3717041015625,703.4057006835938,4484.51220703125,650.5789794921875,2445.899169921875,1259.5810546875,1060.800048828125,1768.367431640625,423.30096435546875,976.3707885742188,348.3983154296875,3560.5419921875,5819.8916015625,2907.2431640625,11277.6376953125,1121.478271484375,379.4963073730469,233.23216247558594,311.20343017578125,1261.802978515625,1560.8553466796875,816.2516479492188,1766.5213623046875,960.6414794921875,138.84202575683594,3931.8037109375,1656.2298583984375,3196.97900390625,797.84033203125,10901.349609375,510.478515625,268.79962158203125
2024-11-12,2867.2958984375,1314.0419921875,6991.39306640625,2444.214599609375,1157.1611328125,9308.4658203125,1690.9261474609375,659.7490234375,1542.7528076171875,285.146484375,4962.515625,1495.0045166015625,381.22613525390625,5784.36181640625,1255.9346923828125,4677.54833984375,2512.0615234375,1757.617431640625,847.6424560546875,698.0704956054688,4453.12255859375,646.9059448242188,2416.884765625,1260.8709716796875,1059.550048828125,1776.638427734375,419.6621398925781,954.67919921875,343.8835144042969,3523.747802734375,5849.55224609375,2875.448486328125,11023.78515625,1110.2342529296875,367.6536560058594,232.55126953125,304.5038146972656,1263.33984375,1557.31689453125,796.0775756835938,1772.673583984375,952.3731689453125,138.0377655029297,3930.5859375,1639.5621337890625,3188.853271484375,778.1594848632812,10823.3935546875,522.9642333984375,267.4638366699219
2024-11-13,2814.046142578125,1276.2857666015625,6831.337890625,2439.91845703125,1138.1773681640625,9090.58203125,1663.639404296875,652.5732421875,1537.5958251953125,281.5108337402344,4981.220703125,1475.8409423828125,374.6429748535156,5743.94580078125,1237.15380859375,4529.96240234375,2493.827880859375,1750.0157470703125,829.463134765625,683.1616821289062,4260.26318359375,622.0382690429688,2420.272216796875,1244.100341796875,1036.699951171875,1776.2581787109375,419.0852966308594,933.4364013671875,337.1812438964844,3481.16455078125,5793.54150390625,2776.642333984375,10931.2861328125,1099.9251708984375,368.6687927246094,229.28294372558594,300.06884765625,1241.3299560546875,1541.61865234375,778.6962890625,1751.16552734375,937.8053588867188,133.2504425048828,3886.52734375,1628.4825439453125,3178.28515625,779.547607421875,10714.28515625,510.72625732421875,266.69049072265625
2024-11-14,2824.136474609375,1253.146240234375,6833.130859375,2452.41162109375,1139.7259521484375,9120.2041015625,1639.00146484375,650.8986206054688,1537.6453857421875,274.4696044921875,4852.01416015625,1470.1065673828125,377.26702880859375,5724.0361328125,1218.9691162109375,4821.18603515625,2514.801513671875,1744.572509765625,835.087158203125,692.0869750976562,4339.8193359375,622.7827758789062,2345.89501953125,1247.325439453125,1017.1500244140625,1772.5980224609375,413.5382995605469,936.528076171875,341.1866149902344,3459.873291015625,5839.421875,2784.826416015625,10888.2021484375,1074.115478515625,360.11309814453125,227.6941375732422,298.7287902832031,1256.746826171875,1557.16748046875,774.459228515625,1740.534423828125,910.4906005859375,132.11105346679688,3882.35986328125,1640.0479736328125,3174.1474609375,767.699462890625,10660.923828125,521.0319213867188,265.61248779296875
2024-11-18,2816.044189453125,1267.7633056640625,6714.8564453125,2452.955078125,1125.23828125,9152.4697265625,1615.2130126953125,652.76708984375,1524.25732421875,266.185791015625,4847.8193359375,1436.28857421875,380.5816650390625,5740.51123046875,1186.028076171875,4813.23876953125,2508.026123046875,1722.0960693359375,841.1797485351562,688.5966796875,4461.41796875,646.3102416992188,2378.984130859375,1243.852294921875,1004.5999755859375,1722.1165771484375,414.0707702636719,947.299072265625,344.1531982421875,3475.473876953125,5690.23779296875,2824.2099609375,10975.162109375,1089.07470703125,354.5059814453125,227.55796813964844,298.680908203125,1249.9554443359375,1557.466552734375,784.136962890625,1720.4044189453125,916.150390625,135.20367431640625,3763.99462890625,1614.098876953125,3162.78173828125,765.3199462890625,10563.9384765625,510.3473815917969,259.1209716796875
2024-11-19,2818.841552734375,1278.0198974609375,6660.0771484375,2457.15966796875,1132.981689453125,9180.552734375,1595.5726318359375,655.4853515625,1512.8526611328125,264.6210632324219,4829.41064453125,1442.4639892578125,379.5688781738281,5874.10302734375,1205.8026123046875,4901.8896484375,2499.058837890625,1708.5352783203125,859.507080078125,678.5245361328125,4501.76171875,635.3406982421875,2366.661865234375,1239.53564453125,1000.2000122070312,1734.7607421875,414.78082275390625,944.7559204101562,345.15203857421875,3439.906005859375,5733.53662109375,2925.44677734375,10841.953125,1089.5421142578125,354.5059814453125,230.67393493652344,301.5523681640625,1231.0189208984375,1517.89697265625,773.2555541992188,1749.4429931640625,902.7637939453125,133.52810668945312,3782.770263671875,1651.8563232421875,3215.0244140625,776.5236206054688,10701.71484375,519.7578125,263.4095764160156
2024-11-21,2181.592529296875,1104.5980224609375,6715.45458984375,2402.202880859375,1138.1773681640625,9141.41015625,1568.48583984375,642.599853515625,1512.505615234375,259.92694091796875,4741.21630859375,1436.5335693359375,373.8143005371094,5950.00732421875,1187.816650390625,4819.6064453125,2525.662353515625,1723.3631591796875,858.989013671875,672.5410766601562,4494.26806640625,643.3320922851562,2339.611083984375,1240.974609375,981.4500122070312,1743.6021728515625,405.7281188964844,941.6143798828125,347.0199279785156,3417.927734375,5777.46875,2912.847900390625,10745.1513671875,1088.090576171875,344.3067626953125,225.23263549804688,311.93756103515625,1212.528564453125,1473.0946044921875,751.8296508789062,1752.14990234375,897.3992309570312,134.2557830810547,3813.95361328125,1654.3831787109375,3168.913330078125,767.2532348632812,10885.84765625,528.2651977539062,261.13641357421875
2024-11-22,2225.900634765625,1126.498779296875,6907.2822265625,2445.782470703125,1141.424560546875,9118.9541015625,1600.0704345703125,664.2960205078125,1556.2896728515625,263.1023864746094,4785.63427734375,1457.1185302734375,381.22613525390625,5971.1611328125,1206.7962646484375,4922.3740234375,2589.230712890625,1781.595458984375,861.15966796875,686.302978515625,4519.01220703125,647.3526000976562,2400.92919921875,1268.2640380859375,998.2000122070312,1808.4388427734375,421.2596740722656,974.7252197265625,351.8843078613281,3535.6689453125,5974.87158203125,2988.9365234375,10945.1357421875,1105.854736328125,353.29754638671875,228.4416046142578,322.5141296386719,1254.565673828125,1480.27099609375,785.8220825195312,1767.2105712890625,930.373779296875,136.70689392089844,3974.786376953125,1698.3121337890625,3298.7724609375,784.257080078125,11303.6494140625,538.3884887695312,267.93255615234375
2024-11-25,2255.372802734375,1156.27783203125,7046.62060546875,2433.416015625,1154.9129638671875,9060.5751953125,1604.1185302734375,664.4400024414062,1565.6612548828125,272.95086669921875,4840.51513671875,1473.5865478515625,384.3566589355469,6110.6259765625,1201.6788330078125,4938.3173828125,2620.26806640625,1775.3074951171875,880.8929443359375,682.912353515625,4579.52783203125,655.0462036132812,2426.654296875,1290.9886474609375,1003.5,1796.5076904296875,423.1678161621094,950.7398071289062,357.737548828125,3682.35498046875,5956.89892578125,3021.32666015625,10907.0986328125,1110.6031494140625,356.1494140625,239.88229370117188,328.0656433105469,1275.9805908203125,1490.2879638671875,813.1701049804688,1770.754150390625,940.7090454101562,137.5590362548828,4040.804443359375,1683.8797607421875,3299.17138671875,789.809326171875,11385.2822265625,540.43212890625,272.9945068359375
2024-11-26,2148.4736328125,1118.669921875,7048.1640625,2478.23193359375,1143.822509765625,8787.919921875,1593.6236572265625,657.7364501953125,1564.1737060546875,270.46575927734375,4948.74658203125,1463.1959228515625,378.8782958984375,6044.974609375,1201.0328369140625,4868.62060546875,2607.713623046875,1782.6748046875,880.8683471679688,680.5189819335938,4561.052734375,661.2506713867188,2434.263916015625,1294.9580078125,1009.5999755859375,1829.2587890625,423.3453369140625,961.0121459960938,356.3092041015625,3632.90380859375,6065.9013671875,2961.40771484375,10826.767578125,1114.6876220703125,349.6239013671875,236.48727416992188,324.2848815917969,1284.6060791015625,1501.800048828125,808.3071899414062,1734.0377197265625,948.4359130859375,138.32501220703125,4076.0146484375,1696.31982421875,3317.51611328125,776.3253173828125,11051.0009765625,546.74658203125,276.06451416015625
2024-11-27,2395.541015625,1189.1287841796875,6954.69140625,2465.271728515625,1148.6683349609375,8838.7958984375,1599.2708740234375,666.4078979492188,1564.5704345703125,270.09759521484375,4919.67724609375,1461.6766357421875,384.08038330078125,5972.00732421875,1192.3380126953125,4854.55322265625,2612.396484375,1774.6976318359375,894.06494140625,678.674072265625,4591.7353515625,656.287109375,2441.82421875,1290.740478515625,1001.9500122070312,1829.5914306640625,423.30096435546875,966.248046875,356.22930908203125,3629.076904296875,6099.55712890625,2980.851806640625,10939.9423828125,1118.9686279296875,357.01947021484375,236.5338134765625,324.715576171875,1282.1275634765625,1500.4544677734375,803.2034912109375,1722.0777587890625,944.9907836914062,138.3824462890625,4057.145263671875,1707.3994140625,3281.7734375,777.2672119140625,11069.732421875,543.2288208007812,273.2054443359375
2024-11-28,2434.803955078125,1157.0704345703125,6813.6591796875,2431.78369140625,1131.532958984375,8668.7119140625,1574.2830810546875,646.947998046875,1547.46337890625,267.7965393066406,4859.9599609375,1463.2449951171875,382.2850036621094,5924.82177734375,1184.4381103515625,4754.056640625,2561.133056640625,1727.6334228515625,884.6176147460938,655.8870849609375,4509.02001953125,645.51611328125,2417.572021484375,1276.5003662109375,993.5999755859375,1765.0875244140625,421.4815368652344,951.5875244140625,351.434814453125,3597.041748046875,6000.24658203125,2875.59716796875,10832.6044921875,1100.417236328125,350.01055908203125,234.58050537109375,319.35552978515625,1259.91943359375,1423.90673828125,807.7775268554688,1707.1156005859375,926.288818359375,137.2909393310547,3975.06689453125,1665.1710205078125,3202.711669921875,772.8055419921875,10928.52734375,541.9406127929688,268.1903381347656
2024-11-29,2460.8291015625,1179.318115234375,6801.5078125,2453.103515625,1135.3297119140625,8688.0908203125,1579.1805419921875,653.5572509765625,1613.6600341796875,268.8550109863281,4877.2333984375,1503.5816650390625,383.3898620605469,6144.720703125,1194.722900390625,4769.99951171875,2596.80322265625,1734.34326171875,886.04833984375,655.9369506835938,4488.47119140625,651.4227905273438,2450.906494140625,1290.1451416015625,995.8499755859375,1766.2283935546875,423.1234436035156,963.4057006835938,352.6434020996094,3654.685791015625,6012.5693359375,2942.460205078125,10955.623046875,1099.6298828125,351.5573425292969,238.76614379882812,315.2875671386719,1281.1361083984375,1433.0267333984375,807.8739013671875,1753.035888671875,943.6128540039062,138.3920135498047,3999.36767578125,1664.150634765625,3239.25146484375,779.7459106445312,11131.5908203125,540.0578002929688,270.8385009765625
2024-12-02,2454.735107421875,1204.8358154296875,7037.45751953125,2452.55908203125,1136.1290283203125,8781.0908203125,1595.87255859375,660.9863891601562,1629.9735107421875,270.74188232421875,4843.77197265625,1477.8994140625,388.2697448730469,6226.99609375,1214.05029296875,4758.99267578125,2683.786865234375,1756.350341796875,890.3156127929688,638.435302734375,4475.98193359375,657.7761840820312,2434.214599609375,1294.6602783203125,990.9500122070312,1787.095947265625,423.5228271484375,987.1417846679688,350.3860168457031,3634.326171875,6052.45849609375,2992.359130859375,11118.955078125,1108.09375,346.28863525390625,239.55673217773438,313.8040466308594,1297.9410400390625,1417.3782958984375,805.4183959960938,1780.2532958984375,941.9887084960938,140.1824951171875,4004.79833984375,1696.8543701171875,3296.927978515625,783.315185546875,11575.177734375,550.0166625976562,273.978759765625
2024-12-03,2511.831298828125,1277.0289306640625,7097.9638671875,2443.01220703125,1159.509033203125,8811.337890625,1606.3173828125,663.451171875,1607.11474609375,270.8339538574219,4846.091796875,1503.5816650390625,388.6380310058594,6182.39892578125,1216.782958984375,4782.33984375,2704.162841796875,1774.416015625,900.9715576171875,632.2523803710938,4427.4833984375,662.6901245117188,2437.847900390625,1298.381591796875,998.3499755859375,1798.789306640625,419.3959045410156,996.1176147460938,349.57696533203125,3715.763916015625,6007.30908203125,3003.17236328125,11158.4775390625,1112.940673828125,355.23101806640625,244.0214080810547,315.5268859863281,1311.969970703125,1436.2161865234375,822.3182373046875,1771.88623046875,940.0200805664062,140.30694580078125,4029.23974609375,1700.3045654296875,3322.750244140625,794.4197387695312,11777.6943359375,557.99365234375,273.39288330078125
2024-12-04,2492.3994140625,1258.10107421875,7203.33935546875,2433.16845703125,1158.4599609375,8654.9111328125,1627.30712890625,669.8665771484375,1570.966796875,270.2816162109375,4788.79248046875,1471.1849365234375,383.6200256347656,6228.140625,1207.889404296875,4735.64501953125,2707.450927734375,1780.8916015625,917.6461791992188,648.4575805664062,4369.8427734375,658.222900390625,2419.830322265625,1305.9730224609375,998.8499755859375,1796.0799560546875,414.5589294433594,992.17822265625,351.09521484375,3718.560302734375,6060.3974609375,3007.5869140625,11010.6767578125,1111.0216064453125,360.3547668457031,242.48667907714844,311.1239318847656,1297.74267578125,1447.827880859375,827.855224609375,1772.0338134765625,946.122802734375,139.6463165283203,4077.60546875,1710.1204833984375,3354.355224609375,781.3817749023438,11692.68359375,562.7996826171875,275.5957946777344
2024-12-05,2520.17333984375,1265.5335693359375,7245.5693359375,2425.99609375,1165.404052734375,8551.8115234375,1643.29931640625,680.8388671875,1601.957763671875,273.3650817871094,4808.97802734375,1468.6363525390625,385.2313232421875,6068.5673828125,1232.0362548828125,4775.62646484375,2696.989013671875,1805.6202392578125,920.4335327148438,641.377197265625,4377.8544921875,665.9661254882812,2449.385009765625,1326.2664794921875,998.2000122070312,1839.4310302734375,414.9139709472656,996.5165405273438,354.6211242675781,3759.426513671875,6182.7939453125,3047.119384765625,11062.515625,1114.8104248046875,356.8744812011719,243.0447540283203,314.2826232910156,1310.7305908203125,1427.1461181640625,833.3922729492188,1785.0765380859375,951.2904663085938,140.81442260742188,4180.2861328125,1736.701416015625,3430.725341796875,785.7938842773438,11857.6376953125,553.1381225585938,280.56402587890625
2024-12-06,2504.038330078125,1247.6959228515625,7204.28564453125,2403.736328125,1183.53857421875,8751.806640625,1634.4036865234375,680.8289184570312,1584.6029052734375,276.448486328125,4807.84326171875,1448.1983642578125,384.08038330078125,6102.9609375,1245.7989501953125,4814.62060546875,2692.1064453125,1804.400146484375,915.5494995117188,634.7454833984375,4363.95068359375,665.271240234375,2438.780517578125,1318.5758056640625,990.3499755859375,1827.5950927734375,418.15338134765625,1001.1041870117188,354.9807434082031,3793.91455078125,6213.72216796875,3048.508056640625,11196.763671875,1115.9423828125,357.2128601074219,241.88209533691406,314.80902099609375,1300.320556640625,1443.791259765625,831.6589965820312,1776.6109619140625,959.1649780273438,141.98252868652344,4162.91552734375,1732.668212890625,3459.688232421875,809.837158203125,11773.869140625,557.5477905273438,278.736083984375
2024-12-09,2493.49853515625,1255.4254150390625,7164.99365234375,2366.291259765625,1162.2567138671875,8730.2158203125,1636.2528076171875,682.6228637695312,1589.263916015625,279.30181884765625,4731.0,1439.9644775390625,381.18011474609375,5932.63623046875,1247.2398681640625,4780.11865234375,2671.680908203125,1792.3878173828125,922.5302124023438,640.0308837890625,4332.23193359375,666.0158081054688,2357.23583984375,1312.1751708984375,982.5999755859375,1828.783447265625,412.6507568359375,1009.1824340820312,356.8385925292969,3872.99755859375,6223.60888671875,3026.931396484375,11159.021484375,1096.77587890625,357.5511779785156,240.81240844726562,315.00042724609375,1284.0609130859375,1464.47314453125,826.266357421875,1778.3829345703125,919.3002319335938,143.50489807128906,4169.142578125,1727.857421875,3457.7939453125,791.9410400390625,11740.380859375,550.363525390625,284.7354431152344
2024-12-10,2464.87548828125,1237.4886474609375,7229.18505859375,2363.37255859375,1152.6649169921875,8668.5185546875,1662.5899658203125,689.3662719726562,1565.5621337890625,279.3478088378906,4725.32421875,1426.4371337890625,381.22613525390625,5905.708984375,1232.5330810546875,4751.43994140625,2645.675537109375,1817.21044921875,921.5928344726562,631.5543212890625,4325.0205078125,664.0303344726562,2353.897705078125,1320.2626953125,984.2999877929688,1852.45556640625,413.09454345703125,1010.2296142578125,358.5266418457031,3849.3017578125,6408.9326171875,3042.45654296875,11078.2958984375,1089.689697265625,356.8744812011719,238.9521484375,313.85186767578125,1273.8489990234375,1457.0474853515625,835.3663330078125,1781.6312255859375,912.213134765625,143.9261932373047,4150.78857421875,1713.9595947265625,3465.3212890625,793.0812377929688,11671.8154296875,544.9629516601562,288.8131408691406
2024-12-11,2454.934814453125,1222.6734619140625,7311.35400390625,2391.468994140625,1146.2703857421875,8722.9052734375,1685.6787109375,707.1465454101562,1572.85107421875,282.9834899902344,4826.251953125,1425.35888671875,383.8962707519531,5901.080078125,1230.7445068359375,4740.482421875,2661.069580078125,1812.095703125,919.1261596679688,632.900634765625,4383.60498046875,665.6187133789062,2357.824951171875,1317.3353271484375,984.8499755859375,1876.79296875,412.9170227050781,997.5138549804688,358.5266418457031,3843.0224609375,6427.73291015625,3047.565673828125,11156.9931640625,1102.7791748046875,353.3458251953125,238.673095703125,313.516845703125,1267.2559814453125,1451.3662109375,829.684814453125,1785.617919921875,920.3829345703125,144.19427490234375,4146.0126953125,1713.2305908203125,3462.67919921875,792.2880249023438,11823.5537109375,546.9943237304688,289.6567687988281
2024-12-12,2501.74072265625,1232.781494140625,7198.1103515625,2364.015869140625,1144.6717529296875,8620.3837890625,1678.4822998046875,708.2100219726562,1597.1976318359375,278.1052551269531,4765.89306640625,1416.830810546875,376.6686096191406,5924.72265625,1237.55126953125,4746.109375,2650.408447265625,1817.069580078125,917.2268676757812,624.8229370117188,4295.28125,663.831787109375,2302.447265625,1319.0718994140625,997.9500122070312,1889.0091552734375,408.7900695800781,1003.0988159179688,353.3326110839844,3787.242431640625,6494.99462890625,3043.002197265625,11047.8251953125,1094.4136962890625,343.77508544921875,236.30126953125,315.0961608886719,1252.0870361328125,1427.7938232421875,822.0775146484375,1777.20166015625,906.7994384765625,144.36660766601562,4171.76513671875,1739.27685546875,3435.4111328125,779.646728515625,11782.265625,542.485595703125,289.7505187988281
2024-12-13,2525.168701171875,1248.587646484375,7230.33056640625,2381.922119140625,1147.169677734375,8676.3095703125,1678.8819580078125,713.8750610351562,1667.8072509765625,277.6910705566406,4787.361328125,1418.693359375,377.7734375,5850.0625,1238.4952392578125,4764.12548828125,2682.93994140625,1847.663818359375,923.3934936523438,630.806396484375,4312.908203125,657.27978515625,2346.77880859375,1334.6021728515625,986.6500244140625,1901.0828857421875,417.1327209472656,997.164794921875,360.714111328125,3813.83251953125,6540.58349609375,3056.841064453125,11151.8486328125,1108.905517578125,345.27349853515625,236.48727416992188,319.5469665527344,1261.9517822265625,1424.1060791015625,829.63671875,1785.0765380859375,915.116943359375,142.61444091796875,4189.509765625,1745.8857421875,3498.322021484375,783.5630493164062,12007.7861328125,545.2601928710938,290.54736328125
2024-12-16,2510.03271484375,1231.939208984375,7230.08203125,2376.579833984375,1149.917236328125,8654.140625,1672.8349609375,716.4193115234375,1648.7664794921875,274.239501953125,4783.80810546875,1419.820556640625,377.9115295410156,5829.904296875,1261.946533203125,4776.564453125,2675.417236328125,1834.14990234375,920.1621704101562,633.1997680664062,4278.5498046875,648.742431640625,2323.2626953125,1335.7928466796875,999.3499755859375,1882.4019775390625,417.2214660644531,987.6903076171875,360.4743957519531,3804.854736328125,6563.96142578125,3060.263671875,11156.251953125,1101.6473388671875,341.1648254394531,234.20846557617188,320.6476745605469,1257.4407958984375,1416.9796142578125,829.0589599609375,1781.4837646484375,905.9135131835938,141.5037841796875,4134.5419921875,1725.6220703125,3427.8837890625,778.1099243164062,11867.2763671875,542.9810791015625,289.84429931640625
2024-12-17,2485.25634765625,1220.7906494140625,7189.79443359375,2330.82421875,1135.27978515625,8554.7451171875,1642.349853515625,710.8934326171875,1601.908203125,269.6833801269531,4714.96044921875,1422.1732177734375,370.9600524902344,5820.89501953125,1239.787109375,4681.94140625,2590.277099609375,1830.583740234375,904.4002685546875,625.0223999023438,4161.75927734375,634.7947387695312,2320.41552734375,1323.5374755859375,975.6500244140625,1879.1221923828125,416.73333740234375,964.25341796875,356.3990783691406,3735.534423828125,6523.5361328125,3017.259033203125,10989.60546875,1084.0308837890625,337.4428405761719,230.11585998535156,315.67047119140625,1234.6378173828125,1405.0687255859375,819.044189453125,1761.0584716796875,890.7059326171875,139.48353576660156,4053.35302734375,1720.9569091796875,3395.88037109375,773.1029663085938,11700.7822265625,533.5177001953125,289.5162048339844
2024-12-18,2455.084716796875,1199.1376953125,7208.369140625,2320.38671875,1121.291748046875,8614.1318359375,1629.9559326171875,703.1064453125,1588.619384765625,265.3573913574219,4720.78369140625,1443.2972412109375,364.4229431152344,5823.234375,1267.3621826171875,4689.04931640625,2584.7470703125,1839.7337646484375,893.275634765625,622.8284301757812,4137.5810546875,628.3916625976562,2316.438720703125,1304.087646484375,965.2000122070312,1881.54638671875,417.5765075683594,944.30712890625,355.59002685546875,3687.407958984375,6403.81884765625,3026.8818359375,10884.6416015625,1076.698974609375,330.3856506347656,227.09291076660156,307.7738952636719,1242.5196533203125,1393.4072265625,807.103515625,1772.8704833984375,895.0860595703125,138.31544494628906,4071.47265625,1728.8779296875,3391.692626953125,749.2579956054688,11689.8515625,527.4234008789062,293.0314636230469
2024-12-19,2417.070556640625,1194.13330078125,7268.27783203125,2267.359619140625,1107.953125,8639.0419921875,1588.7760009765625,687.612060546875,1587.0325927734375,271.11004638671875,4723.84375,1476.7723388671875,360.878173828125,5794.3662109375,1317.245849609375,4710.86669921875,2529.846923828125,1815.2396240234375,884.790283203125,621.8311767578125,4154.0771484375,624.7682495117188,2317.077392578125,1277.0462646484375,964.4000244140625,1850.2213134765625,414.0707702636719,923.4632568359375,352.01416015625,3646.394775390625,6059.52099609375,2990.623046875,10838.044921875,1063.0927734375,326.1802978515625,224.95359802246094,307.8695983886719,1219.914794921875,1401.28125,801.95166015625,1794.7725830078125,892.8713989257812,137.16647338867188,4000.350830078125,1705.0181884765625,3346.778076171875,737.7073364257812,11597.2880859375,513.6494750976562,293.17205810546875
2024-12-20,2342.740478515625,1171.7864990234375,7222.61181640625,2257.961181640625,1070.9346923828125,8451.1162109375,1568.8856201171875,680.6251831054688,1565.0166015625,266.0476989746094,4637.32763671875,1442.9541015625,351.7169494628906,5820.248046875,1335.18212890625,4673.8955078125,2479.679443359375,1793.7486572265625,873.93701171875,622.0805053710938,4090.92138671875,618.1170654296875,2291.597412109375,1278.5347900390625,929.4500122070312,1827.3572998046875,412.3844909667969,914.8863525390625,348.30841064453125,3561.523193359375,5673.48291015625,2883.186279296875,10784.3271484375,1064.6182861328125,322.16827392578125,220.53546142578125,302.270263671875,1194.9803466796875,1395.998779296875,781.922119140625,1780.5484619140625,875.498291015625,134.69619750976562,3905.208251953125,1638.6387939453125,3346.1796875,717.8778076171875,11350.849609375,499.9250793457031,286.0946960449219
2024-12-23,2336.74609375,1181.05224609375,7235.95849609375,2254.8447265625,1078.228515625,8433.03515625,1562.638671875,682.4588623046875,1573.74365234375,266.09375,4643.4970703125,1446.8751220703125,352.59161376953125,5822.93603515625,1332.8966064453125,4689.740234375,2517.04345703125,1785.912353515625,888.4902954101562,620.8339233398438,4027.435791015625,629.5333251953125,2296.5068359375,1286.8704833984375,945.7000122070312,1829.4014892578125,420.9046630859375,934.533447265625,348.6679992675781,3571.972412109375,5582.0634765625,2886.11279296875,10706.123046875,1058.7625732421875,322.5549621582031,224.02346801757812,301.7916564941406,1211.834716796875,1400.683349609375,790.7332763671875,1786.20849609375,888.5896606445312,135.68240356445312,3893.971435546875,1664.247802734375,3386.757568359375,716.0435791015625,11400.3359375,503.0960693359375,288.62567138671875
2024-12-24,2370.214599609375,1171.538818359375,7210.95849609375,2259.593505859375,1077.978759765625,8442.2685546875,1563.7882080078125,676.644775390625,1570.7685546875,268.7629699707031,4682.73291015625,1446.5810546875,354.01873779296875,5756.14013671875,1342.3863525390625,4731.5478515625,2492.78173828125,1780.2344970703125,887.0596313476562,620.7841186523438,4014.710693359375,622.882080078125,2293.217529296875,1287.3170166015625,935.2999877929688,1814.9034423828125,424.63226318359375,919.374267578125,349.4071350097656,3571.236572265625,5577.43603515625,2905.358154296875,10621.6376953125,1066.1929931640625,324.15008544921875,222.25619506835938,296.8144836425781,1212.2808837890625,1382.443359375,781.9702758789062,1790.5396728515625,893.0682373046875,134.40896606445312,3913.82373046875,1656.958740234375,3343.338134765625,729.8250732421875,11318.6044921875,499.9250793457031,286.18841552734375
2024-12-26,2397.988525390625,1232.73193359375,7232.02392578125,2238.22412109375,1075.780517578125,8538.875,1558.540771484375,677.3951416015625,1586.2392578125,272.0765075683594,4700.0556640625,1461.0885009765625,355.9522399902344,5860.06689453125,1346.609619140625,4739.89013671875,2473.053466796875,1783.8006591796875,883.4336547851562,624.67333984375,4029.6982421875,624.172607421875,2290.46826171875,1287.4161376953125,931.9500122070312,1813.3348388671875,423.30096435546875,911.994140625,350.1562805175781,3561.1796875,5603.396484375,2951.933837890625,10779.3310546875,1057.9259033203125,323.5216979980469,223.4653778076172,297.0058898925781,1206.1339111328125,1404.4210205078125,782.35546875,1812.5399169921875,886.81787109375,134.3898162841797,3904.0849609375,1650.9329833984375,3313.079345703125,734.4849853515625,11388.4619140625,495.1190490722656,285.95404052734375
2024-12-27,2407.67919921875,1219.6014404296875,7217.2333984375,2247.128173828125,1076.5299072265625,8586.76953125,1578.531005859375,686.5387573242188,1586.5863037109375,270.1896057128906,4707.6064453125,1476.8212890625,350.3358154296875,5854.392578125,1380.693359375,4814.47265625,2471.309814453125,1775.5892333984375,887.1336669921875,620.185791015625,3994.774169921875,612.9052734375,2298.814208984375,1297.5382080078125,953.4000244140625,1822.2236328125,424.7653503417969,910.8472290039062,351.5746765136719,3540.1826171875,5530.97119140625,3025.145751953125,10823.8984375,1065.6517333984375,323.8600769042969,220.3494110107422,296.1444091796875,1210.595458984375,1400.683349609375,770.0296630859375,1832.1285400390625,893.7080688476562,133.0015106201172,3900.10546875,1663.5189208984375,3299.27099609375,744.1023559570312,11334.7021484375,497.4972839355469,289.7505187988281
2024-12-30,2589.90771484375,1207.511474609375,7284.9111328125,2263.798095703125,1069.036376953125,8444.046875,1575.93212890625,684.6007080078125,1573.74365234375,269.9595031738281,4737.36669921875,1491.3287353515625,347.94189453125,6017.599609375,1368.2225341796875,4793.642578125,2434.643310546875,1810.2657470703125,877.0943603515625,615.6981811523438,3947.313232421875,596.723876953125,2301.0234375,1284.7369384765625,963.5,1812.00390625,423.3453369140625,896.5357666015625,347.73907470703125,3511.5810546875,5497.36474609375,2978.966796875,10683.3203125,1062.8466796875,320.3797607421875,216.39633178710938,294.3736877441406,1200.3338623046875,1399.238037109375,759.1000366210938,1854.42431640625,889.3278198242188,131.057861328125,3894.439453125,1691.8978271484375,3247.57666015625,727.39599609375,11217.2470703125,496.2090759277344,284.6885681152344
2024-12-31,2526.267333984375,1219.997802734375,7267.0830078125,2256.971923828125,1063.790771484375,8462.0322265625,1567.3363037109375,678.1156616210938,1574.586669921875,269.17718505859375,4701.14111328125,1498.7784423828125,353.6964416503906,6071.1552734375,1379.7493896484375,4760.1767578125,2433.84619140625,1799.42626953125,874.6029663085938,615.34912109375,3921.862548828125,598.0640869140625,2284.67529296875,1271.83642578125,960.1500244140625,1787.2860107421875,429.2473449707031,899.0789184570312,356.7986145019531,3539.74072265625,5441.255859375,2983.13330078125,10742.1337890625,1067.8414306640625,322.2649841308594,222.5352325439453,295.4744567871094,1205.043212890625,1385.832275390625,765.5037231445312,1856.8358154296875,900.3522338867188,132.17808532714844,3834.50830078125,1658.22216796875,3243.388916015625,733.840576171875,11354.3779296875,496.4568176269531,282.95440673828125
2025-01-01,2552.44287109375,1207.7095947265625,7340.0888671875,2280.022705078125,1070.8848876953125,8406.203125,1575.63232421875,689.27685546875,1582.470703125,271.80035400390625,4732.7275390625,1498.87646484375,355.76806640625,6045.47265625,1360.372314453125,4822.76513671875,2433.298095703125,1794.3116455078125,879.4869995117188,615.4987182617188,3944.24951171875,588.6332397460938,2280.011474609375,1273.8211669921875,969.4000244140625,1789.6627197265625,429.5135803222656,903.018310546875,357.26806640625,3598.464111328125,5526.44189453125,3057.436279296875,11088.287109375,1067.44775390625,322.5549621582031,220.39593505859375,297.10162353515625,1210.7935791015625,1395.7994384765625,763.8185424804688,1860.3795166015625,905.8643188476562,130.92381286621094,3851.036376953125,1655.9381103515625,3244.087158203125,742.8629760742188,11374.8974609375,495.9613342285156,281.50140380859375
2025-01-02,2595.25244140625,1214.94384765625,7391.88037109375,2318.21044921875,1085.672119140625,8732.1875,1699.8218994140625,734.388427734375,1596.3546142578125,273.2730407714844,4725.8671875,1507.502685546875,361.7988586425781,6116.8974609375,1366.38427734375,5240.1533203125,2534.72900390625,1850.8544921875,884.9136352539062,618.4406127929688,4064.103759765625,594.6392211914062,2327.04296875,1280.7178955078125,991.3499755859375,1861.296875,434.0399169921875,910.0493774414062,367.0068664550781,3643.598388671875,5604.078125,3185.507568359375,11714.5087890625,1082.677490234375,326.76031494140625,228.8787841796875,301.6481018066406,1231.167724609375,1417.57763671875,771.522216796875,1848.61669921875,915.0677490234375,132.3025360107422,3910.312255859375,1678.3885498046875,3378.78173828125,758.5283203125,11723.388671875,504.8302001953125,284.78228759765625
2025-01-03,2562.18359375,1188.732421875,7269.0751953125,2310.98828125,1083.9736328125,8622.740234375,1700.2716064453125,736.182373046875,1585.5946044921875,272.8128356933594,4771.568359375,1481.37939453125,362.443359375,6020.88427734375,1344.1253662109375,5242.76953125,2500.902099609375,1826.876708984375,862.9356689453125,621.28271484375,3999.628662109375,586.8463745117188,2362.635986328125,1255.363525390625,997.9000244140625,1843.1387939453125,427.42791748046875,912.592529296875,367.3065185546875,3591.007080078125,5584.9365234375,3165.121337890625,11806.4638671875,1098.6702880859375,328.5487976074219,240.80316162109375,302.509521484375,1240.4376220703125,1442.9439697265625,764.0111694335938,1820.710205078125,924.7139282226562,132.47488403320312,3839.28369140625,1641.943115234375,3441.29345703125,783.6622314453125,11711.7626953125,524.7479248046875,276.0176086425781
2025-01-06,2472.118408203125,1152.5615234375,7399.35009765625,2242.923583984375,1062.491943359375,8486.3154296875,1683.7796630859375,730.4279174804688,1575.28076171875,262.18194580078125,4729.2724609375,1461.921630859375,348.7245788574219,5864.9443359375,1341.83984375,5182.89599609375,2451.631591796875,1832.8829345703125,843.84375,604.2797241210938,3961.640625,569.9204711914062,2333.130615234375,1254.4207763671875,970.0499877929688,1842.2830810546875,407.98931884765625,898.4805908203125,355.5201110839844,3535.37451171875,5582.93994140625,3080.947509765625,11629.7763671875,1075.197998046875,316.6094970703125,236.58961486816406,292.89013671875,1207.571533203125,1429.9368896484375,747.6408081054688,1818.495361328125,932.047119140625,126.55774688720703,3834.695068359375,1638.8817138671875,3459.987060546875,769.6328125,11431.140625,516.5726928710938,275.8769836425781
2025-01-07,2518.17529296875,1163.4127197265625,7406.919921875,2268.1015625,1066.5885009765625,8473.2841796875,1681.9305419921875,730.8850708007812,1577.660888671875,260.2950744628906,4769.7421875,1467.8519287109375,349.6912841796875,5881.1708984375,1343.0323486328125,5111.02734375,2458.30712890625,1798.0185546875,845.2744140625,618.141357421875,3923.229248046875,580.2447509765625,2347.46630859375,1269.454833984375,983.5999755859375,1835.62841796875,406.56072998046875,909.3512573242188,354.0018615722656,3574.7197265625,5607.876953125,3084.072509765625,11595.7939453125,1088.8040771484375,317.67291259765625,245.0817413330078,291.9808044433594,1230.2257080078125,1472.895263671875,749.9037475585938,1824.401611328125,940.0200805664062,127.70672607421875,3772.235595703125,1624.15771484375,3494.583251953125,786.4879150390625,11545.3671875,539.5128173828125,275.64263916015625
2025-01-08,2512.880126953125,1141.9085693359375,7113.9990234375,2309.405517578125,1074.0321044921875,8311.662109375,1696.173583984375,731.0291748046875,1585.941650390625,263.97674560546875,4797.03466796875,1465.3525390625,350.19775390625,5841.7998046875,1362.111328125,5097.1083984375,2426.92138671875,1813.3626708984375,835.8518676757812,616.2965087890625,3900.653564453125,582.379150390625,2357.481201171875,1254.073486328125,981.0499877929688,1837.81494140625,414.3490295410156,899.8767700195312,353.3226623535156,3528.653564453125,5729.54296875,3061.503662109375,11695.416015625,1092.37158203125,314.57928466796875,252.37399291992188,293.51226806640625,1254.664794921875,1458.34326171875,742.5853271484375,1808.996337890625,946.5164794921875,126.9981918334961,3847.24365234375,1616.9658203125,3473.596435546875,788.1734008789062,11331.7216796875,534.6572265625,278.9235534667969
2025-01-09,2475.565185546875,1122.1383056640625,7063.1044921875,2325.086181640625,1060.8433837890625,8497.8564453125,1689.4769287109375,723.281982421875,1593.7266845703125,257.7179260253906,4862.57568359375,1458.784912109375,342.6938171386719,5798.1484375,1362.9559326171875,5074.1064453125,2401.6630859375,1815.7557373046875,822.778564453125,610.5125122070312,3903.62255859375,584.960205078125,2391.257568359375,1252.73388671875,980.9000244140625,1822.74658203125,414.8559875488281,888.5572509765625,357.627685546875,3461.491943359375,5689.45849609375,3101.581787109375,11614.837890625,1110.1605224609375,309.6972351074219,244.7934112548828,292.1722412109375,1244.0068359375,1463.625732421875,732.2816162109375,1797.7747802734375,954.8831787109375,124.40345764160156,3782.114990234375,1596.60498046875,3476.58740234375,773.4500122070312,11188.876953125,540.5037231445312,274.002197265625
2025-01-10,2372.162841796875,1102.1700439453125,7008.52392578125,2295.950927734375,1039.811279296875,8428.7548828125,1700.4215087890625,724.33544921875,1602.5032958984375,255.55490112304688,4875.30908203125,1439.7684326171875,339.2871398925781,5745.18994140625,1345.8643798828125,4993.69921875,2355.53125,1872.345703125,817.3272094726562,606.9722900390625,3885.666015625,570.2679443359375,2397.787353515625,1240.2799072265625,937.5999755859375,1869.947998046875,410.0631408691406,897.6826782226562,350.8354797363281,3469.586669921875,5965.81201171875,3068.199951171875,11506.5595703125,1106.1497802734375,297.9996032714844,244.64456176757812,286.86004638671875,1231.266845703125,1473.443603515625,715.71875,1756.8748779296875,957.5408325195312,122.00980377197266,3994.497314453125,1657.6390380859375,3429.927734375,768.0465087890625,10796.7626953125,543.8728637695312,281.7357482910156
2025-01-13,2223.053466796875,1057.0308837890625,6812.1650390625,2228.578369140625,1048.404052734375,8267.421875,1673.334716796875,710.7095336914062,1583.958251953125,244.18771362304688,4863.31591796875,1410.75341796875,334.13104248046875,5706.51611328125,1326.6859130859375,4875.876953125,2279.856201171875,1866.9962158203125,804.5499267578125,598.0968017578125,3811.622802734375,559.6458129882812,2406.5751953125,1220.3338623046875,941.7000122070312,1865.4322509765625,404.67120361328125,881.3765869140625,347.27960205078125,3399.08935546875,5874.5869140625,2975.74267578125,11374.5888671875,1100.95849609375,288.2838134765625,237.86387634277344,275.2784729003906,1229.234375,1462.5792236328125,702.4780883789062,1719.56787109375,950.30615234375,117.70120239257812,4018.330078125,1612.9810791015625,3372.600341796875,744.5980834960938,10548.2880859375,528.8107299804688,273.58038330078125
2025-01-14,2378.30712890625,1107.02587890625,6679.947265625,2216.01416015625,1050.7520751953125,8281.80078125,1712.66552734375,729.0016479492188,1586.834228515625,248.6977996826172,4799.50244140625,1419.134521484375,339.9776611328125,5963.1474609375,1329.12060546875,4965.16845703125,2302.22509765625,1701.966064453125,812.3198852539062,598.7948608398438,3867.237548828125,586.5982055664062,2325.0302734375,1230.8031005859375,962.0999755859375,1844.374755859375,402.4130859375,903.61669921875,349.716796875,3397.421142578125,5602.9580078125,3025.1953125,11615.431640625,1091.953369140625,300.078125,242.1797332763672,277.8149108886719,1228.143798828125,1494.32470703125,720.437255859375,1743.14306640625,948.042236328125,121.53106689453125,3963.9697265625,1601.1728515625,3312.531005859375,763.9318237304688,10417.71484375,536.9363403320312,274.5177917480469
2025-01-15,2385.899658203125,1118.719482421875,6665.0078125,2205.873779296875,1025.9232177734375,8249.87109375,1670.8359375,713.3383178710938,1594.123291015625,245.75244140625,4813.91357421875,1418.59521484375,344.903564453125,5850.2119140625,1328.772705078125,5016.8486328125,2309.14990234375,1713.3682861328125,810.568603515625,592.5621337890625,3875.956787109375,587.243408203125,2329.989013671875,1228.7686767578125,962.4500122070312,1853.501220703125,403.1043395996094,901.6220703125,357.5078125,3435.49072265625,5686.3896484375,2936.65673828125,11819.4736328125,1082.406982421875,310.66400146484375,240.14273071289062,285.8550109863281,1241.478515625,1467.9117431640625,725.7816772460938,1729.362060546875,940.5614013671875,121.14807891845703,3979.468017578125,1628.82275390625,3313.528076171875,757.0906372070312,10455.376953125,541.9406127929688,274.3302917480469
2025-01-16,2425.562744140625,1140.3724365234375,6762.4150390625,2191.924560546875,1037.1136474609375,8253.6689453125,1696.5234375,721.5228271484375,1616.6846923828125,245.660400390625,4781.8828125,1414.9683837890625,348.816650390625,5889.23388671875,1294.539794921875,4983.18505859375,2342.179443359375,1681.9765625,815.0086059570312,639.6320190429688,3840.325927734375,598.2129516601562,2302.496337890625,1239.53564453125,975.3499755859375,1833.3466796875,398.95672607421875,904.3646850585938,360.6941223144531,3441.868408203125,5823.982421875,2956.8447265625,11962.8212890625,1067.4722900390625,314.6759948730469,244.7934112548828,284.8978576660156,1255.6065673828125,1508.62744140625,737.9149169921875,1735.711181640625,922.991455078125,122.3736343383789,3938.920166015625,1640.1937255859375,3306.94775390625,767.7490234375,10569.205078125,541.3460083007812,270.01824951171875
2025-01-17,2397.5390625,1153.007568359375,6800.71142578125,2236.83935546875,990.2037353515625,8253.140625,1679.83154296875,713.8054809570312,1614.007080078125,251.8272247314453,4791.60595703125,1413.7921142578125,356.91900634765625,5889.23388671875,1301.14794921875,4948.1396484375,2367.238525390625,1695.86474609375,807.4605712890625,640.4298095703125,3862.8544921875,612.5081787109375,2311.333251953125,1216.066650390625,970.9500122070312,1725.9193115234375,405.731201171875,906.1598510742188,351.31494140625,3501.474853515625,5737.77392578125,2894.0986328125,12006.3994140625,1091.04296875,315.30438232421875,247.9465789794922,289.63580322265625,1291.19921875,1535.439208984375,735.79638671875,1758.597412109375,939.4786987304688,124.73857879638672,3933.1982421875,1613.6129150390625,3347.326171875,773.1029663085938,10513.359375,546.6970825195312,264.3001403808594
2025-01-20,2440.498291015625,1138.3409423828125,6753.650390625,2256.180419921875,987.206298828125,8217.5556640625,1734.35498046875,739.447265625,1627.5439453125,255.23277282714844,4822.20458984375,1416.8798828125,356.3665771484375,5973.40087890625,1294.142333984375,4952.53271484375,2393.293701171875,1702.7850341796875,814.6138916015625,632.30224609375,3857.293212890625,613.6498413085938,2302.692626953125,1223.50927734375,970.7000122070312,1723.8756103515625,403.42694091796875,916.7313842773438,383.65765380859375,3525.36669921875,5674.45703125,2865.081787109375,11891.3447265625,1089.4683837890625,324.8751525878906,250.5416259765625,293.1294250488281,1294.272705078125,1494.773193359375,750.38525390625,1750.42724609375,945.2368774414062,126.05988311767578,3888.852783203125,1627.5106201171875,3372.101806640625,767.7490234375,10557.529296875,547.8366088867188,281.45452880859375
2025-01-21,2382.053466796875,1096.22412109375,6891.3955078125,2236.1962890625,969.37158203125,8144.60693359375,1716.163818359375,724.6932373046875,1612.6683349609375,257.9020080566406,4840.416015625,1399.7747802734375,351.3025817871094,5792.5244140625,1280.0318603515625,4906.33203125,2358.918701171875,1708.6627197265625,810.2479248046875,622.2799682617188,3793.854736328125,610.4730834960938,2298.077880859375,1186.9910888671875,960.4500122070312,1711.896728515625,403.2886657714844,924.36083984375,378.22393798828125,3474.443603515625,5609.28955078125,2798.814208984375,11756.455078125,1080.8323974609375,313.5158996582031,247.2303924560547,289.396484375,1262.7945556640625,1461.732177734375,730.9334716796875,1735.1204833984375,956.851806640625,124.18324279785156,3848.8466796875,1594.36962890625,3343.28857421875,754.2649536132812,10600.60546875,539.3145751953125,279.6734924316406
2025-01-22,2374.31103515625,1092.309814453125,6865.2509765625,2237.927490234375,958.4808349609375,8137.20068359375,1742.451171875,735.1785888671875,1618.2218017578125,255.5089111328125,4892.58251953125,1410.949462890625,349.1389465332031,5786.1533203125,1288.080810546875,4945.5732421875,2379.49365234375,1732.646728515625,821.9152221679688,616.4959716796875,3822.981689453125,608.9840087890625,2300.4833984375,1191.258056640625,970.9500122070312,1764.8973388671875,402.78173828125,916.930908203125,383.058349609375,3451.974609375,5698.419921875,2803.923095703125,11891.6416015625,1086.41748046875,311.6790771484375,245.60260009765625,284.8021545410156,1266.16552734375,1455.2535400390625,725.5409545898438,1770.8033447265625,952.2255859375,123.4364242553711,3964.002197265625,1636.59765625,3346.379150390625,736.4183959960938,10626.392578125,537.7786865234375,289.7505187988281
2025-01-23,2382.7529296875,1094.0439453125,6893.08935546875,2252.025390625,950.2379150390625,8078.63134765625,1745.2996826171875,739.7603149414062,1622.4366455078125,249.6642303466797,4947.75927734375,1422.46728515625,355.21563720703125,5824.42919921875,1281.2740478515625,5050.7099609375,2452.229248046875,1713.0233154296875,821.347900390625,619.2882080078125,3865.06982421875,603.8218994140625,2279.618408203125,1192.5482177734375,970.9500122070312,1773.4534912109375,405.731201171875,927.4026489257812,378.5335693359375,3437.30615234375,5846.6298828125,2863.44482421875,11916.7705078125,1082.0626220703125,312.8875427246094,244.67247009277344,281.7392578125,1252.8306884765625,1445.0869140625,718.2706298828125,1804.9111328125,968.466796875,124.82474517822266,3953.368408203125,1665.2197265625,3388.35302734375,746.0852661132812,11348.962890625,552.791259765625,297.81219482421875
2025-01-24,2312.9189453125,1084.2828369140625,6717.99365234375,2238.22412109375,947.6900634765625,8080.1220703125,1727.858154296875,739.2981567382812,1631.1636962890625,242.8070831298828,5035.55859375,1383.5029296875,352.6836853027344,5736.4794921875,1216.68359375,5139.65625,2481.721923828125,1699.609130859375,813.8986206054688,619.387939453125,3819.399658203125,602.4817504882812,2325.177734375,1199.941162109375,950.7999877929688,1782.96044921875,407.02154541015625,929.94580078125,376.8055419921875,3393.10400390625,5842.83154296875,2779.07275390625,11839.75390625,1086.466552734375,312.8875427246094,238.58941650390625,283.17498779296875,1235.6292724609375,1435.66796875,716.58544921875,1793.6895751953125,976.7841796875,124.22154998779297,3959.94873046875,1674.5982666015625,3391.94189453125,727.8421020507812,11214.7626953125,546.9943237304688,300.06195068359375
2025-01-27,2257.57080078125,1072.242431640625,6668.59326171875,2227.44091796875,947.2904052734375,8063.8681640625,1710.7664794921875,725.0709228515625,1589.3134765625,240.50601196289062,5109.29248046875,1368.5052490234375,345.9623718261719,5551.47216796875,1190.1021728515625,5078.6474609375,2449.140625,1622.91650390625,804.0319213867188,608.5180053710938,3785.512451171875,582.6273193359375,2349.47900390625,1218.547607421875,926.4500122070312,1732.146484375,405.6390075683594,916.8809814453125,375.8466796875,3392.564453125,5538.47265625,2809.0322265625,11865.42578125,1070.1541748046875,311.4857482910156,233.2597198486328,274.7041320800781,1218.82421875,1419.720458984375,721.4483642578125,1758.8927001953125,950.650634765625,120.99488830566406,3876.7890625,1607.392822265625,3309.390625,706.9715576171875,11168.705078125,537.4318237304688,288.6725158691406
2025-01-28,2283.89599609375,1070.9542236328125,6682.0390625,2217.844482421875,982.9598999023438,8077.14111328125,1768.0885009765625,755.9951171875,1604.932861328125,237.51467895507812,4995.28662109375,1392.5211181640625,341.2666931152344,5385.67724609375,1173.8055419921875,5040.0478515625,2402.56005859375,1605.189208984375,824.0612182617188,609.8642578125,3795.31591796875,569.6723022460938,2345.551513671875,1237.3525390625,934.1500244140625,1739.5142822265625,401.35308837890625,913.6896362304688,377.1152038574219,3349.637939453125,5518.69775390625,2847.721435546875,11993.9345703125,1061.0753173828125,307.6670837402344,231.30641174316406,271.7847900390625,1223.8310546875,1414.836669921875,724.5298461914062,1678.8155517578125,946.1719970703125,123.14917755126953,3853.090576171875,1601.998779296875,3315.920654296875,722.0419921875,11225.1962890625,533.765380859375,290.25
2025-01-29,2316.41552734375,1087.0576171875,6757.08642578125,2199.393798828125,982.560302734375,8295.8896484375,1789.5281982421875,771.206298828125,1587.1812744140625,241.22218322753906,4971.89306640625,1395.8048095703125,349.36907958984375,5594.67529296875,1173.755859375,5116.5556640625,2444.75634765625,1629.60009765625,827.4651489257812,626.617919921875,3838.7705078125,579.84765625,2340.740234375,1242.066162109375,948.2999877929688,1788.474365234375,399.41754150390625,935.0819702148438,383.6277160644531,3384.763916015625,5730.41943359375,2901.04296875,11849.6474609375,1073.08203125,310.56732177734375,233.83639526367188,275.5177307128906,1224.921630859375,1456.1005859375,730.355712890625,1708.198486328125,945.4337768554688,125.23645782470703,3909.833740234375,1633.8765869140625,3360.63623046875,746.0852661132812,11472.130859375,548.0843505859375,298.7108154296875
2025-01-30,2250.4775390625,1067.3370361328125,6797.27490234375,2225.808349609375,983.8591918945312,8413.1748046875,1744.35009765625,785.3191528320312,1627.147216796875,241.3629608154297,5009.69775390625,1428.6427001953125,354.525146484375,5709.900390625,1186.9720458984375,5098.24365234375,2482.66845703125,1624.0068359375,834.4705200195312,632.4019775390625,3938.075439453125,583.5703735351562,2365.0908203125,1245.98583984375,957.0499877929688,1768.2247314453125,402.0444030761719,948.29638671875,379.8620300292969,3356.55517578125,5689.01953125,2947.767333984375,11871.509765625,1091.1168212890625,312.2591247558594,238.7847137451172,282.6963806152344,1242.3214111328125,1468.061279296875,734.3519897460938,1711.889892578125,951.5364990234375,125.54283905029297,3910.07177734375,1623.13720703125,3358.293212890625,690.90966796875,11407.09375,561.8087768554688,295.4125061035156
2025-01-31,2285.64453125,1089.4359130859375,6783.181640625,2276.214111328125,985.2579345703125,8509.349609375,1735.2545166015625,783.67431640625,1612.8170166015625,245.07046508789062,5063.29541015625,1450.158935546875,369.89459228515625,5552.41796875,1209.677978515625,5127.8095703125,2499.756591796875,1635.714599609375,838.047119140625,636.2911987304688,4090.1669921875,589.973388671875,2424.052490234375,1243.2073974609375,991.2000122070312,1787.095947265625,412.4595947265625,942.4620971679688,379.82208251953125,3500.248291015625,5761.00634765625,2966.02099609375,12178.833984375,1138.28271484375,315.6691589355469,244.2632293701172,288.72650146484375,1254.2681884765625,1478.7259521484375,744.2705078125,1716.6639404296875,1008.5775756835938,128.8939666748047,3921.849853515625,1627.3648681640625,3479.77783203125,709.9955444335938,11415.09375,598.2750244140625,298.18499755859375
2025-02-01,2267.861328125,1074.323486328125,6813.6591796875,2326.02587890625,997.2977294921875,8805.375,1753.1458740234375,795.1038208007812,1609.7923583984375,239.95504760742188,5134.06787109375,1411.0474853515625,359.9908752441406,5593.08251953125,1197.356201171875,5321.15283203125,2431.9033203125,1605.9002685546875,834.1991577148438,623.7758178710938,4149.5517578125,582.1806030273438,2460.627197265625,1245.936279296875,1009.4000244140625,1760.0489501953125,426.3311462402344,931.740966796875,380.1816711425781,3382.60546875,5753.35888671875,3052.228271484375,12778.1962890625,1145.171875,309.5311584472656,239.55673217773438,277.4320373535156,1253.7724609375,1449.572021484375,737.6260375976562,1714.9412841796875,1053.0684814453125,127.31415557861328,3884.41845703125,1600.103759765625,3541.342529296875,700.5269775390625,11188.2314453125,598.5227661132812,291.3971862792969
2025-02-03,2259.71923828125,1075.0667724609375,6771.37939453125,2267.75537109375,988.55517578125,8585.0869140625,1793.9759521484375,837.4127197265625,1638.6510009765625,234.22955322265625,5039.5068359375,1392.47216796875,349.43310546875,5857.4287109375,1196.2630615234375,5415.03564453125,2464.683837890625,1604.004150390625,827.8104858398438,619.6871337890625,4040.67919921875,569.870849609375,2397.68896484375,1243.40576171875,1012.7000122070312,1771.4097900390625,418.7732238769531,931.4417724609375,376.4659423828125,3227.285400390625,5640.7041015625,3148.0087890625,12999.25390625,1140.2020263671875,303.2469787597656,231.60406494140625,271.6412048339844,1235.232666015625,1455.1536865234375,732.7631225585938,1713.3663330078125,1020.0448608398438,126.21308135986328,3880.126953125,1608.170166015625,3569.5576171875,681.58984375,11104.263671875,624.5347290039062,299.8102722167969
2025-02-04,2299.33154296875,1114.9537353515625,6764.955078125,2329.19189453125,1014.4330444335938,8570.517578125,1812.366943359375,842.3373413085938,1647.675537109375,240.2366485595703,4963.3056640625,1420.4088134765625,351.81561279296875,6068.6171875,1212.2615966796875,5380.33544921875,2475.69384765625,1642.4453125,848.9744873046875,624.1747436523438,3993.972900390625,579.6987915039062,2393.859619140625,1258.4893798828125,1047.1500244140625,1805.1590576171875,419.51055908203125,941.714111328125,385.2558288574219,3374.412353515625,5749.41455078125,3163.63330078125,12969.5751953125,1131.5166015625,310.8951416015625,236.34776306152344,273.4119873046875,1274.196044921875,1467.5628662109375,750.3370971679688,1737.630615234375,1017.9777221679688,127.74501037597656,3916.747802734375,1612.3980712890625,3586.9052734375,704.4928588867188,11446.59375,631.1244506835938,302.3437194824219
2025-02-05,2322.409912109375,1134.0301513671875,6916.79345703125,2250.887451171875,1012.4347534179688,8586.2900390625,1795.875,845.7264404296875,1646.683837890625,245.2112579345703,4868.84375,1408.40087890625,357.7017822265625,6095.74365234375,1219.8138427734375,5347.85693359375,2480.974609375,1623.7698974609375,857.311767578125,626.1193237304688,4025.36181640625,596.2275390625,2347.711669921875,1257.9931640625,1061.199951171875,1803.4952392578125,413.05865478515625,947.3489379882812,381.9096984863281,3319.515625,5868.69384765625,3153.415283203125,12946.6728515625,1106.66650390625,311.3822937011719,243.3702850341797,272.98126220703125,1267.2559814453125,1464.323486328125,737.6741943359375,1725.326171875,999.3742065429688,128.68333435058594,3901.53662109375,1614.293212890625,3480.42578125,710.9374389648438,11512.724609375,639.596923828125,303.1563415527344
2025-02-06,2310.271240234375,1153.5526123046875,6846.67578125,2239.213623046875,1019.8284301757812,8507.955078125,1787.1292724609375,845.5127563476562,1606.3212890625,246.4314422607422,4891.94091796875,1442.4149169921875,354.6653137207031,6091.9609375,1228.8564453125,5273.619140625,2489.942138671875,1633.8660888671875,860.29638671875,630.2080688476562,3987.3271484375,591.1150512695312,2329.694091796875,1262.6572265625,1065.550048828125,1821.177978515625,406.56072998046875,945.8529663085938,382.74871826171875,3289.63916015625,5790.9111328125,3114.924560546875,12934.009765625,1101.9918212890625,304.7571105957031,238.25454711914062,269.104736328125,1270.577392578125,1460.2867431640625,724.3853759765625,1725.07861328125,1007.2978515625,126.90243530273438,3893.573486328125,1622.6513671875,3400.516357421875,703.6005859375,11405.056640625,638.9032592773438,303.968994140625
2025-02-07,2336.596435546875,1135.764404296875,6763.3115234375,2246.732421875,1023.2255249023438,8645.533203125,1797.4742431640625,842.22802734375,1662.8487548828125,248.07400512695312,4807.49755859375,1443.150146484375,353.4039611816406,6112.71630859375,1232.582763671875,5303.7783203125,2478.58349609375,1635.9041748046875,854.8204345703125,633.9476928710938,4029.3681640625,602.9780883789062,2321.004638671875,1247.2760009765625,1079.0999755859375,1809.769775390625,397.1133117675781,978.1160888671875,385.4056396484375,3274.08740234375,5802.35693359375,3172.958251953125,12909.7724609375,1101.9422607421875,308.8004455566406,236.12008666992188,269.3468322753906,1255.8544921875,1466.1175537109375,709.8928833007812,1732.802978515625,1005.181640625,132.42701721191406,3842.695556640625,1644.5186767578125,3414.524169921875,700.7252807617188,11567.2783203125,635.5340576171875,304.0167541503906
2025-02-10,2288.641845703125,1133.8814697265625,6734.12890625,2245.8916015625,1010.8860473632812,8540.8466796875,1791.5272216796875,823.5979614257812,1679.013671875,243.9441375732422,4846.14111328125,1430.0150146484375,346.1630554199219,5911.880859375,1213.2552490234375,5267.0546875,2464.285400390625,1643.677734375,846.4337158203125,633.9476928710938,3955.655517578125,591.6610717773438,2318.648193359375,1252.9322509765625,1068.0,1787.5712890625,393.7491455078125,956.5740966796875,391.5785217285156,3265.99267578125,5647.7666015625,3112.24609375,12762.615234375,1099.9366455078125,302.5162658691406,230.00125122070312,260.1959228515625,1242.916259765625,1443.4422607421875,709.5076904296875,1715.2747802734375,1011.3828125,128.33863830566406,3849.89599609375,1651.2733154296875,3317.466064453125,690.06689453125,11459.66015625,629.192138671875,305.0205993652344
2025-02-11,2319.5625,1129.8184814453125,6292.009765625,2216.90478515625,1006.539794921875,8426.83203125,1744.000244140625,814.0966186523438,1682.6829833984375,239.48574829101562,4840.61328125,1424.4276123046875,335.4184265136719,5919.794921875,1202.1756591796875,4908.701171875,2482.41943359375,1633.58154296875,839.3544311523438,616.8948364257812,3851.118896484375,591.5121459960938,2273.28564453125,1243.15771484375,1054.1500244140625,1783.150634765625,385.5459899902344,951.9365844726562,383.2781066894531,3178.66796875,5530.67919921875,3061.354736328125,12588.103515625,1087.283447265625,297.74224853515625,226.6809539794922,253.17539978027344,1224.2772216796875,1414.33837890625,704.0187377929688,1683.239013671875,997.897705078125,124.5758056640625,3779.89697265625,1622.1654052734375,3271.953125,671.9724731445312,11229.0224609375,605.1620483398438,299.23663330078125
2025-02-12,2351.232666015625,1118.76904296875,6348.97998046875,2204.439208984375,1006.0402221679688,8378.359375,1787.828857421875,816.36767578125,1697.3603515625,239.9081268310547,4854.67919921875,1420.5556640625,336.67974853515625,5942.7900390625,1208.1875,4787.37451171875,2475.94287109375,1627.9884033203125,842.0184326171875,627.415771484375,3880.30029296875,594.5399780273438,2290.22265625,1242.2149658203125,1039.6500244140625,1771.26708984375,383.76715087890625,953.8314819335938,388.3422546386719,3227.726806640625,5557.7587890625,2963.391845703125,12520.041015625,1086.416748046875,298.3755187988281,225.21054077148438,248.9146270751953,1206.1339111328125,1447.37939453125,705.992919921875,1677.3963623046875,1013.5975341796875,126.65350341796875,3767.117919921875,1632.9532470703125,3245.68212890625,678.5162353515625,11406.19921875,614.8731689453125,296.5597839355469
2025-02-13,2242.5849609375,1101.5260009765625,6346.6396484375,2212.501953125,1007.339111328125,8358.884765625,1848.3494873046875,835.7431030273438,1700.3848876953125,240.04891967773438,4825.46240234375,1443.05224609375,337.8943786621094,5983.255859375,1215.888671875,4758.69580078125,2481.074462890625,1614.5269775390625,837.5291137695312,627.864501953125,3823.09716796875,598.1137084960938,2279.42236328125,1239.337158203125,1047.25,1752.3485107421875,383.57989501953125,967.1954956054688,394.1056213378906,3202.216064453125,5456.40380859375,2954.26513671875,12535.6220703125,1078.39404296875,298.8139953613281,222.8863525390625,250.9481658935547,1205.6876220703125,1465.6690673828125,700.6965942382812,1729.3863525390625,1006.7565307617188,130.45465087890625,3728.97119140625,1628.191162109375,3221.80419921875,678.0204467773438,11473.7216796875,624.0392456054688,294.9822998046875
2025-02-14,2150.62158203125,1053.116455078125,6254.18115234375,2207.456787109375,996.6482543945312,8181.10595703125,1840.4034423828125,834.083251953125,1702.814697265625,235.5905303955078,4875.7529296875,1430.6031494140625,330.9337463378906,5817.26171875,1189.5059814453125,4643.14453125,2422.487548828125,1622.2530517578125,836.1231079101562,624.473876953125,3732.122802734375,601.7868041992188,2276.329345703125,1250.451416015625,1024.4000244140625,1764.8499755859375,384.0948486328125,962.0094604492188,390.03033447265625,3176.70556640625,5368.8798828125,2919.1474609375,12544.4765625,1087.456787109375,292.6272277832031,218.6648406982422,249.2051544189453,1206.827880859375,1460.6356201171875,695.400390625,1683.981689453125,1006.5104370117188,128.75035095214844,3752.52685546875,1612.446533203125,3203.60888671875,674.8477783203125,11192.9013671875,612.7426147460938,294.5520935058594
2025-02-17,2221.604736328125,1073.13427734375,6283.80419921875,2226.7978515625,992.1021118164062,8210.5830078125,1893.92724609375,837.4922485351562,1661.65869140625,236.81072998046875,4899.4921875,1445.502685546875,336.4461669921875,5896.89892578125,1191.3939208984375,4684.458984375,2454.919677734375,1620.973388671875,847.2230834960938,621.5320434570312,3745.69873046875,606.4028930664062,2287.178955078125,1241.5699462890625,1048.25,1751.4451904296875,382.550048828125,970.9354248046875,388.6119384765625,3161.203125,5330.8896484375,2809.379150390625,12626.2412109375,1097.683349609375,294.5758056640625,221.653076171875,254.8699951171875,1214.4124755859375,1471.3502197265625,700.7447509765625,1697.548583984375,1007.199462890625,128.5780029296875,3723.5830078125,1618.1319580078125,3223.4990234375,680.7470092773438,11417.7255859375,626.467041015625,291.9230041503906
2025-02-18,2218.208251953125,1075.364013671875,6360.25439453125,2213.689208984375,993.3011474609375,8123.49658203125,1892.77783203125,841.398193359375,1655.0638427734375,237.2330780029297,4827.93017578125,1452.805419921875,337.3804931640625,5813.23046875,1189.853759765625,4658.98876953125,2454.271728515625,1635.7618408203125,850.0350952148438,617.243896484375,3710.96142578125,606.9985961914062,2254.384521484375,1233.531982421875,1024.0999755859375,1760.619384765625,379.4136047363281,976.1713256835938,392.2178039550781,3159.534912109375,5521.81494140625,2767.813232421875,12649.2919921875,1100.605224609375,303.1982727050781,224.45162963867188,258.5013427734375,1214.908203125,1470.503173828125,698.9151000976562,1685.071044921875,1010.8413696289062,128.81736755371094,3693.7333984375,1657.055908203125,3212.18310546875,676.5828857421875,11237.66796875,625.0797119140625,298.4718017578125
2025-02-19,2178.745361328125,1073.084716796875,6405.93505859375,2215.17333984375,1010.4863891601562,8155.1376953125,1874.436767578125,838.7693481445312,1631.560302734375,239.9081268310547,4774.92431640625,1435.2103271484375,338.50164794921875,5907.99853515625,1158.5025634765625,4749.021484375,2454.271728515625,1623.2484130859375,852.0823974609375,621.1331176757812,3748.307861328125,621.740478515625,2209.61083984375,1251.9896240234375,1035.800048828125,1721.498779296875,380.4902648925781,974.7252197265625,396.5428161621094,3214.2353515625,5328.455078125,2735.42333984375,12550.3134765625,1091.96337890625,306.7056884765625,226.0643310546875,254.72471618652344,1216.9404296875,1470.7523193359375,700.3595581054688,1660.3138427734375,1009.2173461914062,129.9854736328125,3608.761962890625,1638.395751953125,3200.667724609375,675.1947631835938,11220.4267578125,644.1551513671875,300.28826904296875
2025-02-20,2176.947021484375,1101.674560546875,6374.31787109375,2225.016845703125,1016.3314208984375,8300.07421875,1880.3338623046875,834.7938842773438,1629.8743896484375,242.7239532470703,4769.89013671875,1450.452880859375,343.7805480957031,5951.20166015625,1163.5704345703125,4825.82568359375,2444.80615234375,1599.785888671875,832.2998046875,618.2909545898438,3777.24755859375,634.1494750976562,2207.303466796875,1240.379150390625,1047.6500244140625,1735.14111328125,376.4176025390625,978.5150146484375,393.6561279296875,3214.137451171875,5255.54296875,2816.8193359375,12307.4423828125,1092.854736328125,316.7895812988281,229.4794921875,257.33929443359375,1222.4429931640625,1464.971435546875,702.6707153320312,1653.0848388671875,993.0745849609375,132.1685028076172,3604.279541015625,1611.231689453125,3181.874267578125,683.9197387695312,11216.501953125,641.3805541992188,299.5234375
2025-02-21,2131.09033203125,1073.4810791015625,6301.1083984375,2233.475830078125,1008.0885009765625,8180.67236328125,1878.434814453125,834.5205688476562,1625.65966796875,235.87210083007812,4769.39697265625,1446.5810546875,345.649169921875,5730.95458984375,1144.541259765625,4898.92822265625,2422.238525390625,1612.2515869140625,834.9638061523438,621.1331176757812,3722.6533203125,648.7920532226562,2201.01953125,1223.50927734375,1043.75,1725.4915771484375,375.3409423828125,979.2630004882812,390.16015625,3252.69775390625,5161.29833984375,2648.0751953125,12191.4970703125,1096.9156494140625,317.8612976074219,227.58218383789062,253.61114501953125,1217.634521484375,1490.4874267578125,695.255859375,1627.7830810546875,988.2514038085938,134.77281188964844,3610.57373046875,1603.1165771484375,3170.35888671875,667.4613037109375,11086.97265625,640.4887084960938,292.8790588378906
2025-02-24,2113.156982421875,1060.7470703125,6235.130859375,2222.197265625,1009.1875,8123.83349609375,1856.8953857421875,830.3711547851562,1588.0242919921875,235.5905303955078,4742.15380859375,1447.5611572265625,340.8374328613281,5676.70166015625,1157.2108154296875,4946.65869140625,2385.023681640625,1558.5478515625,827.366455078125,615.2992553710938,3753.815673828125,637.2269287109375,2200.822998046875,1209.0211181640625,1029.1500244140625,1677.101806640625,376.2771911621094,964.2035522460938,392.76715087890625,3196.378173828125,4916.74951171875,2687.607421875,12213.013671875,1099.6146240234375,311.86944580078125,222.31715393066406,250.9481658935547,1204.151123046875,1481.6165771484375,689.8633422851562,1623.57421875,986.676513671875,131.7950897216797,3505.289306640625,1568.3232421875,3163.4794921875,662.553466796875,10973.0947265625,639.3491821289062,282.075927734375
2025-02-25,2127.84326171875,1070.607421875,6235.0810546875,2200.9765625,1008.23828125,8095.89501953125,1874.1868896484375,843.674072265625,1627.7918701171875,233.1970977783203,4735.984375,1434.4261474609375,337.4272155761719,5700.443359375,1121.040283203125,4925.927734375,2370.676025390625,1551.01123046875,829.9564819335938,620.43505859375,3699.12451171875,614.9403686523438,2218.349609375,1214.7767333984375,1034.25,1680.524169921875,379.03912353515625,956.1751708984375,392.9969177246094,3165.176513671875,4834.6806640625,2755.71044921875,12342.7587890625,1114.4715576171875,310.5054016113281,221.03646850585938,247.65579223632812,1193.69140625,1466.9150390625,684.5670776367188,1597.9259033203125,989.088134765625,131.23977661132812,3461.373291015625,1549.1285400390625,3189.2021484375,655.9601440429688,10895.08984375,641.6282958984375,278.4908142089844
2025-02-27,2108.961181640625,1069.2198486328125,6169.103515625,2189.9951171875,1015.8318481445312,7917.44189453125,1924.6123046875,865.2012329101562,1636.71728515625,229.72422790527344,4720.931640625,1412.6649169921875,339.9498596191406,5590.3447265625,1118.4566650390625,4872.32275390625,2331.468505859375,1544.47021484375,839.0091552734375,616.6954345703125,3632.741943359375,627.349365234375,2204.259521484375,1213.0897216796875,1046.699951171875,1677.2919921875,375.9963073730469,972.3815307617188,389.0614318847656,3149.08544921875,4752.271484375,2704.8193359375,12248.0341796875,1128.2391357421875,307.58258056640625,219.13916015625,248.13995361328125,1196.7647705078125,1464.921630859375,677.8263549804688,1631.49658203125,992.188720703125,132.7908477783203,3445.160888671875,1543.5888671875,3213.429443359375,643.0214233398438,10381.8427734375,637.813232421875,281.5501403808594
2025-02-28,2094.025146484375,1059.756103515625,6036.84814453125,2156.45751953125,1014.6828002929688,7600.5947265625,1871.3883056640625,847.7987060546875,1557.18212890625,222.7316131591797,4536.005859375,1379.679931640625,345.0885925292969,5455.4091796875,1109.463623046875,4712.4951171875,2298.2890625,1493.136474609375,854.6477661132812,606.8226928710938,3556.93798828125,629.7318115234375,2150.55126953125,1194.8802490234375,990.0999755859375,1604.4696044921875,369.81707763671875,948.1467895507812,380.1517028808594,3104.294921875,4545.1279296875,2564.496826171875,11817.939453125,1084.38623046875,303.44183349609375,213.6844024658203,242.91087341308594,1189.82470703125,1425.800537109375,663.28564453125,1577.7735595703125,948.5836181640625,131.36424255371094,3321.851806640625,1446.011962890625,3068.016845703125,615.3592529296875,10064.6533203125,627.2102661132812,265.4410705566406
2025-03-03,2115.10546875,1043.5535888671875,6154.541015625,2143.25,1006.389892578125,7419.689453125,1837.65478515625,857.4938354492188,1582.5699462890625,227.52789306640625,4537.140625,1379.72900390625,336.67974853515625,5515.13720703125,1112.5440673828125,4843.79296875,2368.83251953125,1490.624267578125,839.428466796875,616.2965087890625,3508.2861328125,631.9158325195312,2137.39404296875,1196.964111328125,984.0,1624.3388671875,372.1109313964844,973.4287109375,382.4790344238281,3137.115234375,4709.021484375,2591.0830078125,11649.5126953125,1082.35595703125,306.31597900390625,213.57057189941406,244.50863647460938,1161.2216796875,1403.872802734375,669.544921875,1569.7027587890625,938.9373168945312,132.6759796142578,3331.197998046875,1451.06591796875,3072.752685546875,615.85498046875,10275.6650390625,611.1076049804688,271.08160400390625
2025-03-04,2142.779296875,1048.4093017578125,6172.04541015625,2109.31689453125,1000.944580078125,7052.78271484375,1789.42822265625,853.3295288085938,1562.2894287109375,234.57684326171875,4516.017578125,1374.0926513671875,339.9498596191406,5492.68994140625,1113.0906982421875,4753.4638671875,2385.97021484375,1455.643310546875,843.5971069335938,614.8006591796875,3396.29541015625,636.978759765625,2118.24755859375,1201.1319580078125,987.5999755859375,1605.0400390625,369.6766357421875,971.4839477539062,381.1205749511719,3152.519775390625,4563.68505859375,2592.521484375,11491.869140625,1063.0169677734375,305.6827087402344,215.1168670654297,245.96116638183594,1151.9517822265625,1388.5234375,689.5262451171875,1551.283447265625,939.5770874023438,133.4132080078125,3368.390869140625,1446.40087890625,3039.353271484375,613.921630859375,10304.7802734375,607.8375854492188,267.6877136230469
2025-03-05,2243.734130859375,1102.66552734375,6198.2265625,2141.024169921875,1013.5838012695312,7136.455078125,1800.922607421875,824.7806396484375,1604.833740234375,240.1333770751953,4661.06640625,1391.6878662109375,344.0608215332031,5491.54443359375,1119.30126953125,4924.44677734375,2382.981201171875,1491.1456298828125,833.73046875,619.4876708984375,3467.702880859375,652.5643920898438,2131.110107421875,1206.391357421875,971.8499755859375,1627.0958251953125,379.2263488769531,1000.0071411132812,386.17474365234375,3178.66796875,4649.89306640625,2704.868896484375,11492.95703125,1088.0262451171875,317.8125915527344,217.1849365234375,256.0320129394531,1165.534423828125,1416.0325927734375,703.2965698242188,1567.0784912109375,941.7918090820312,139.88568115234375,3382.695556640625,1494.8489990234375,3077.2890625,635.3374633789062,10398.2880859375,622.156494140625,272.5634460449219
2025-03-06,2250.7275390625,1125.95361328125,6257.77197265625,2243.467529296875,1033.2169189453125,7176.80029296875,1844.55126953125,835.9269409179688,1613.412109375,248.7686004638672,4641.7197265625,1432.8577880859375,357.4682312011719,5543.45849609375,1132.9149169921875,5029.1884765625,2384.973876953125,1502.9954833984375,834.3224487304688,616.5458374023438,3525.67919921875,676.9853515625,2178.73095703125,1208.7235107421875,971.7000122070312,1631.231201171875,379.83489990234375,1008.3845825195312,383.8973693847656,3198.53662109375,4698.20849609375,2720.54296875,11541.482421875,1090.106201171875,329.21173095703125,220.65701293945312,258.2108154296875,1199.2432861328125,1416.630859375,704.93359375,1598.322021484375,943.1206665039062,144.04107666015625,3434.718505859375,1461.17333984375,3111.7353515625,634.1973266601562,10427.4033203125,619.0350952148438,273.3282775878906
2025-03-07,2245.382568359375,1134.1788330078125,6199.9228515625,2245.7431640625,1036.7640380859375,7284.99755859375,1844.4014892578125,835.2958374023438,1617.1805419921875,245.2206573486328,4686.8291015625,1429.6229248046875,355.64630126953125,5553.462890625,1126.1080322265625,5035.408203125,2398.524658203125,1476.92578125,833.3604736328125,623.4766845703125,3529.302490234375,686.31689453125,2164.592041015625,1205.250244140625,936.75,1602.8533935546875,378.149658203125,1008.4344482421875,386.63421630859375,3183.623046875,4599.67822265625,2706.109130859375,11539.2568359375,1108.5535888671875,321.076416015625,220.93212890625,254.96682739257812,1239.0992431640625,1409.640380859375,705.6077270507812,1593.667724609375,946.9594116210938,145.11343383789062,3443.873291015625,1450.385498046875,3070.110595703125,642.7735595703125,10515.744140625,624.1383666992188,272.2766418457031
2025-03-10,2226.20068359375,1132.59326171875,6133.595703125,2254.25146484375,1034.9654541015625,7100.966796875,1839.4537353515625,829.143798828125,1617.428466796875,241.15646362304688,4676.41552734375,1433.837890625,350.507568359375,5489.25537109375,1113.1402587890625,4926.66796875,2375.30908203125,1468.7255859375,832.4971313476562,624.1747436523438,3462.001953125,684.1329345703125,2207.009033203125,1205.5478515625,900.5,1617.5413818359375,379.1795349121094,1010.7781372070312,383.9073791503906,3117.884033203125,4549.9990234375,2681.060302734375,11461.9921875,1113.481201171875,320.9302673339844,211.7301788330078,262.7136535644531,1227.796875,1417.4794921875,701.9003295898438,1595.8463134765625,942.283935546875,144.62513732910156,3423.32177734375,1445.0401611328125,3017.71826171875,642.6248168945312,10453.8359375,609.8689575195312,268.5481262207031
2025-03-11,2248.4794921875,1124.7645263671875,6118.833984375,2262.957275390625,1024.774169921875,7213.05859375,1804.5208740234375,828.9300537109375,1649.1630859375,248.33682250976562,4700.4501953125,1417.1739501953125,354.1513977050781,5521.1103515625,1109.6126708984375,4921.73193359375,2404.8017578125,1486.3106689453125,831.510498046875,635.1942749023438,3527.514892578125,690.4367065429688,2176.76708984375,1235.864013671875,655.9500122070312,1579.6566162109375,380.3030700683594,1015.914306640625,386.59429931640625,3135.300048828125,4533.92578125,2624.5146484375,11522.240234375,1114.966796875,321.80712890625,215.07891845703125,258.8402404785156,1236.62060546875,1415.2825927734375,702.8150634765625,1639.2208251953125,944.7939453125,144.337890625,3409.63671875,1437.6053466796875,3037.25927734375,642.525634765625,10373.4951171875,609.4725341796875,265.5366516113281
2025-03-12,2239.687744140625,1118.125,6127.7607421875,2227.242919921875,1010.3365478515625,7227.58056640625,1818.56396484375,843.2417602539062,1629.229736328125,249.97003173828125,4730.06201171875,1425.5550537109375,355.69305419921875,5641.4619140625,1098.1851806640625,4953.22412109375,2390.204833984375,1460.47802734375,844.1644287109375,630.2579345703125,3488.477783203125,684.8278198242188,2153.153076171875,1234.425048828125,684.7000122070312,1512.3956298828125,386.1077880859375,1007.6864624023438,396.0533752441406,3133.53369140625,4369.740234375,2632.153076171875,11515.462890625,1087.283447265625,321.6610107421875,212.87803649902344,258.64654541015625,1246.2872314453125,1407.0440673828125,696.2670288085938,1660.5615234375,930.6198120117188,143.9070281982422,3343.738525390625,1397.85546875,3009.891845703125,662.60302734375,10454.134765625,602.5360107421875,256.7412109375
2025-03-13,2219.00732421875,1109.10693359375,6089.759765625,2207.456787109375,1009.33740234375,7217.626953125,1806.56982421875,836.8809814453125,1618.965576171875,248.17724609375,4667.08740234375,1433.0047607421875,353.4506530761719,5594.97412109375,1100.9674072265625,4951.0517578125,2361.60888671875,1454.9322509765625,841.9197998046875,620.6843872070312,3410.113037109375,672.4187622070312,2135.38134765625,1240.4783935546875,672.3499755859375,1501.938232421875,385.78009033203125,998.5111694335938,396.5627746582031,3127.303466796875,4351.3779296875,2622.43115234375,11390.515625,1085.525390625,323.3659973144531,213.85516357421875,259.1791687011719,1237.2154541015625,1383.6265869140625,700.88916015625,1667.097412109375,931.2596435546875,144.46237182617188,3348.363525390625,1400.139404296875,3001.1181640625,649.9121704101562,10386.263671875,595.9959106445312,252.39129638671875
2025-03-17,2250.577392578125,1126.8951416015625,6140.62744140625,2195.832275390625,1033.2669677734375,7199.68994140625,1870.6885986328125,852.7728881835938,1625.560546875,245.37081909179688,4614.427734375,1463.097900390625,360.41131591796875,5645.1455078125,1143.447998046875,4985.60400390625,2390.6533203125,1464.79150390625,843.79443359375,628.06396484375,3375.279052734375,675.7940673828125,2131.8955078125,1259.2833251953125,677.4000244140625,1511.63525390625,381.9414978027344,1002.9990844726562,398.16094970703125,3113.714111328125,4246.90478515625,2683.58984375,11429.9892578125,1076.809326171875,323.1224365234375,217.94384765625,258.888671875,1228.242919921875,1432.259033203125,696.3633422851562,1687.744873046875,925.6983032226562,145.35279846191406,3335.632080078125,1399.6048583984375,3008.296630859375,655.4148559570312,10480.666015625,620.471923828125,248.42376708984375
2025-03-18,2250.577392578125,1126.8951416015625,6140.62744140625,2195.832275390625,1033.2669677734375,7199.68994140625,1870.6885986328125,852.7728881835938,1625.560546875,245.37081909179688,4614.427734375,1463.097900390625,360.41131591796875,5645.1455078125,1143.447998046875,4985.60400390625,2390.6533203125,1464.79150390625,843.79443359375,628.06396484375,3375.279052734375,675.7940673828125,2131.8955078125,1259.2833251953125,677.4000244140625,1511.63525390625,383.0181579589844,1002.9990844726562,398.16094970703125,3113.714111328125,4246.90478515625,2683.58984375,11429.9892578125,1076.809326171875,323.1224365234375,217.94384765625,258.888671875,1228.242919921875,1432.259033203125,696.3633422851562,1687.744873046875,925.6983032226562,145.35279846191406,3335.632080078125,1399.6048583984375,3008.296630859375,655.4148559570312,10480.666015625,620.471923828125,248.42376708984375
2025-03-19,2316.46533203125,1162.9173583984375,6410.82177734375,2256.32861328125,1051.1517333984375,7426.47021484375,1841.3529052734375,867.80517578125,1623.5770263671875,248.97509765625,4646.21142578125,1469.5185546875,369.8478698730469,5791.72802734375,1164.713134765625,5035.60546875,2449.289794921875,1464.1278076171875,860.4197387695312,662.7182006835938,3417.6982421875,693.4644775390625,2160.173583984375,1303.0455322265625,692.7000122070312,1508.307861328125,377.3538513183594,1030.5748291015625,403.8443908691406,3257.06396484375,4252.4091796875,2766.870849609375,11491.1767578125,1081.5882568359375,332.5243225097656,220.62855529785156,268.4269104003906,1236.471923828125,1482.8387451171875,717.5001831054688,1715.5223388671875,934.9508056640625,151.85400390625,3335.060302734375,1356.890625,3067.06982421875,676.4341430664062,10864.3837890625,640.4391479492188,254.01654052734375
2025-03-20,2337.095947265625,1166.83154296875,6457.50048828125,2262.75927734375,1053.44970703125,7617.04052734375,1850.9481201171875,862.64208984375,1691.1124267578125,255.42330932617188,4768.607421875,1482.16357421875,370.3617248535156,5795.7099609375,1179.718017578125,5162.41162109375,2459.203857421875,1480.7650146484375,872.5803833007812,672.4911499023438,3475.8193359375,700.8106079101562,2201.755859375,1311.5797119140625,684.0999755859375,1535.8778076171875,378.1965026855469,1047.429443359375,406.6611328125,3287.970947265625,4306.66650390625,2805.56005859375,11604.5986328125,1100.1842041015625,332.9627685546875,223.4934844970703,271.47723388671875,1258.283447265625,1496.27001953125,721.7853393554688,1733.24853515625,950.6998291015625,152.27528381347656,3398.04931640625,1370.8857421875,3183.519287109375,684.1676025390625,10879.1904296875,640.9841918945312,256.21539306640625
2025-03-21,2360.573974609375,1178.079345703125,6594.34326171875,2275.818359375,1069.2362060546875,7759.23486328125,1846.3504638671875,886.1420288085938,1711.4921875,262.49102783203125,4751.728515625,1493.730224609375,378.7705383300781,5771.072265625,1192.58642578125,5238.03076171875,2460.44921875,1485.2205810546875,873.3696899414062,677.7266845703125,3506.59521484375,690.2877807617188,2205.487060546875,1332.81591796875,686.9000244140625,1514.0120849609375,379.6944885253906,1055.856689453125,415.3211364746094,3351.6494140625,4403.20068359375,2779.519287109375,11607.1708984375,1123.6087646484375,342.2671813964844,229.97279357910156,274.14019775390625,1265.421875,1544.2532958984375,725.3001708984375,1767.165771484375,946.122802734375,150.5901336669922,3412.306884765625,1369.6221923828125,3153.21044921875,696.9577026367188,10907.609375,652.8753662109375,252.67807006835938
2025-03-24,2366.46826171875,1189.97119140625,6598.58251953125,2297.681884765625,1096.9124755859375,7814.7275390625,1893.2276611328125,903.430419921875,1704.5501708984375,263.22314453125,4734.80029296875,1493.9263916015625,379.3311767578125,5883.908203125,1202.6724853515625,5354.76708984375,2504.090576171875,1520.7230224609375,887.9969482421875,678.02587890625,3504.03466796875,696.3930053710938,2215.3056640625,1347.750732421875,669.4500122070312,1514.2020263671875,384.703369140625,1058.4996337890625,434.7287902832031,3416.30908203125,4500.75732421875,2752.58544921875,11794.5927734375,1120.9840087890625,357.5148010253906,231.31040954589844,282.61328125,1290.951416015625,1567.620849609375,751.8778076171875,1767.462890625,955.2277221679688,151.681640625,3460.80078125,1417.6331787109375,3069.861328125,707.417724609375,10981.5908203125,652.47900390625,257.5538024902344
2025-03-25,2318.163818359375,1171.7864990234375,6627.4072265625,2305.843994140625,1117.594970703125,7699.7509765625,1944.1029052734375,901.1643676757812,1716.153076171875,261.9747619628906,4782.52490234375,1481.330322265625,372.1369323730469,5814.17578125,1170.4766845703125,5361.72705078125,2560.13671875,1540.3939208984375,898.5789184570312,671.2445678710938,3505.58056640625,688.401611328125,2230.13232421875,1333.4112548828125,637.0499877929688,1548.1414794921875,383.6734924316406,1058.8486328125,433.50018310546875,3404.28955078125,4487.11962890625,2714.194091796875,11741.814453125,1116.675537109375,357.5148010253906,229.8115234375,281.7901611328125,1274.4439697265625,1555.0382080078125,744.2222900390625,1747.6075439453125,955.4737548828125,150.06353759765625,3488.266357421875,1414.57177734375,3044.53759765625,704.2449951171875,11349.2607421875,647.0784301757812,259.0834655761719
2025-03-26,2310.42138671875,1170.9442138671875,6502.83203125,2298.324951171875,1095.31396484375,7671.95654296875,1942.45361328125,881.167724609375,1724.136474609375,256.2492980957031,4786.966796875,1447.02197265625,368.8668212890625,5812.732421875,1157.260498046875,5334.13427734375,2572.24267578125,1548.4517822265625,891.2283325195312,666.5576171875,3522.9736328125,686.2672729492188,2205.241455078125,1325.6710205078125,655.2999877929688,1520.5716552734375,381.37969970703125,1053.61279296875,428.4859924316406,3379.95654296875,4500.1240234375,2720.394287109375,11608.6552734375,1111.02978515625,345.5310363769531,227.4114227294922,281.6448974609375,1262.150146484375,1539.160400390625,735.7001342773438,1741.8638916015625,944.5971069335938,149.1826629638672,3467.333251953125,1376.47412109375,3048.326171875,702.2125244140625,11330.2802734375,646.48388671875,255.64178466796875
2025-03-27,2361.12353515625,1185.9576416015625,6475.154296875,2313.115478515625,1097.412109375,7669.26318359375,2004.7733154296875,894.86328125,1710.401123046875,259.1120300292969,4778.57666015625,1453.5897216796875,370.7821960449219,5846.03076171875,1154.8756103515625,5277.3212890625,2609.208251953125,1545.3707275390625,900.5029296875,680.0203857421875,3644.8203125,688.3023071289062,2203.965087890625,1326.415283203125,673.5499877929688,1524.469482421875,383.3458251953125,1056.9039306640625,425.23974609375,3435.687255859375,4535.337890625,2711.2177734375,11596.4375,1110.3365478515625,351.37677001953125,229.7356414794922,286.14776611328125,1267.2559814453125,1542.75537109375,743.6926879882812,1714.631103515625,958.279052734375,148.8092498779297,3482.02001953125,1383.8603515625,3078.385498046875,662.8508911132812,11526.5361328125,650.4476318359375,260.230712890625
2025-03-28,2313.6181640625,1172.281982421875,6598.98193359375,2315.63818359375,1101.0589599609375,7577.46435546875,2006.3724365234375,889.0739135742188,1719.0291748046875,261.37408447265625,4873.03857421875,1413.694091796875,372.0435485839844,5749.271484375,1136.989013671875,5279.24658203125,2601.685546875,1509.678955078125,901.908935546875,683.8098754882812,3597.37646484375,677.481689453125,2217.90771484375,1338.025634765625,649.8499755859375,1493.1920166015625,383.626708984375,1060.3446044921875,433.7398986816406,3426.562255859375,4375.04931640625,2644.553466796875,11398.77734375,1114.64501953125,348.4051818847656,233.72947692871094,281.1607360839844,1264.1824951171875,1545.7012939453125,742.92236328125,1717.8494873046875,986.1843872070312,147.679443359375,3439.056884765625,1378.369140625,3054.15869140625,668.7006225585938,11437.0537109375,630.4803466796875,250.71823120117188
2025-04-01,2333.0498046875,1164.156005859375,6615.0390625,2291.25146484375,1084.6729736328125,7687.2958984375,1936.1566162109375,864.4857177734375,1709.8558349609375,267.12774658203125,4837.4052734375,1415.70361328125,371.5296325683594,5524.544921875,1144.9385986328125,5239.26513671875,2609.507080078125,1450.7611083984375,872.1363525390625,690.9900512695312,3635.157470703125,658.9178466796875,2193.361083984375,1308.3546142578125,682.7000122070312,1451.21923828125,380.724365234375,1053.413330078125,428.68572998046875,3372.10693359375,4311.9755859375,2616.875732421875,11358.166015625,1106.349853515625,343.0953369140625,235.33270263671875,280.1439208984375,1241.8751220703125,1543.1048583984375,743.1149291992188,1681.8526611328125,976.685791015625,146.60707092285156,3386.271728515625,1355.918701171875,2977.98779296875,666.1227416992188,11306.978515625,628.9939575195312,251.0528564453125
2025-04-02,2367.16748046875,1184.6693115234375,6714.62939453125,2282.00146484375,1083.52392578125,7764.14013671875,1930.0096435546875,861.6083984375,1740.0533447265625,269.1926574707031,4972.23828125,1423.6434326171875,371.3895263671875,5640.3173828125,1142.75244140625,5286.9462890625,2607.01611328125,1448.1068115234375,886.4676513671875,694.2310791015625,3656.31884765625,656.3864135742188,2197.33740234375,1321.056640625,702.4500122070312,1473.7030029296875,382.9713134765625,1053.0643310546875,430.42376708984375,3355.52490234375,4383.3779296875,2616.528564453125,11590.6494140625,1094.8109130859375,342.7055969238281,237.77073669433594,277.6746520996094,1240.4376220703125,1557.6845703125,747.20751953125,1697.0040283203125,1046.0306396484375,148.1103057861328,3379.739501953125,1383.0343017578125,3089.1533203125,666.17236328125,11180.0830078125,648.5153198242188,252.00889587402344
2025-04-03,2408.528564453125,1189.0792236328125,6653.98779296875,2324.294677734375,1088.9193115234375,7609.5390625,1919.5147705078125,854.1892700195312,1731.524658203125,269.1926574707031,5007.822265625,1466.13671875,370.96905517578125,5736.8779296875,1144.193359375,5310.29345703125,2642.287841796875,1393.64453125,885.456298828125,690.9900512695312,3626.7509765625,647.898681640625,2203.866943359375,1319.3697509765625,709.4000244140625,1422.6986083984375,383.29901123046875,1041.24609375,426.02880859375,3355.77001953125,4229.51806640625,2590.63671875,11562.94921875,1112.1192626953125,349.6717834472656,230.81710815429688,289.6337890625,1238.008544921875,1540.1090087890625,750.3370971679688,1752.806640625,1054.200439453125,147.08580017089844,3245.463134765625,1330.84423828125,3118.166015625,648.3753662109375,11533.4921875,645.3442993164062,245.0776824951172
2025-04-04,2332.4501953125,1137.9940185546875,6697.0751953125,2330.87353515625,1090.3681640625,7391.1259765625,1911.3687744140625,866.5380249023438,1728.9957275390625,262.2939147949219,4958.41943359375,1387.27685546875,359.7572937011719,5457.99755859375,1102.954833984375,5180.7236328125,2607.41455078125,1348.1409912109375,896.5316162109375,687.150634765625,3535.7763671875,595.5823364257812,2203.866943359375,1325.07568359375,682.0,1380.0606689453125,383.57989501953125,1003.0489501953125,425.89898681640625,3198.78173828125,4029.144287109375,2575.85546875,11359.056640625,1120.2906494140625,341.39031982421875,214.40536499023438,284.598388671875,1194.38525390625,1510.500244140625,739.0223999023438,1692.7457275390625,1070.7861328125,134.41854858398438,3146.5205078125,1283.80517578125,3066.969970703125,608.6171875,11426.22265625,631.9171752929688,235.4696044921875
2025-04-07,2210.615234375,1100.6341552734375,6665.90673828125,2316.330810546875,1047.0550537109375,7027.29638671875,1851.747802734375,851.5455322265625,1672.666748046875,256.89691162109375,4990.4501953125,1357.33056640625,352.7032165527344,5235.11279296875,1081.0439453125,5000.412109375,2500.005615234375,1302.6370849609375,867.1289672851562,664.1143188476562,3407.93896484375,557.7100219726562,2208.62890625,1277.6912841796875,675.9000244140625,1327.867919921875,380.1625671386719,927.8015747070312,407.10064697265625,3010.73974609375,3952.09228515625,2471.39453125,11208.4365234375,1113.7783203125,340.8057556152344,208.5521697998047,280.24078369140625,1155.71923828125,1458.772216796875,719.2335815429688,1650.1634521484375,1030.92138671875,123.97259521484375,3122.345458984375,1251.7818603515625,3013.132080078125,574.8079223632812,11121.1064453125,608.8780517578125,232.21908569335938
2025-04-08,2283.54638671875,1121.1474609375,6738.01904296875,2368.615966796875,1076.9295654296875,7211.23095703125,1902.273193359375,876.8145751953125,1706.1368408203125,268.3479309082031,5112.3525390625,1404.2349853515625,357.7017822265625,5362.88037109375,1100.9674072265625,5164.3857421875,2580.662109375,1330.365966796875,872.7777099609375,683.8597412109375,3453.59521484375,564.2123413085938,2247.7568359375,1289.9466552734375,679.6500244140625,1358.33740234375,386.2481689453125,952.0363159179688,410.556640625,3101.5966796875,4067.718994140625,2503.536376953125,11336.2041015625,1126.8525390625,343.8747863769531,215.02198791503906,279.8050537109375,1172.0780029296875,1485.934326171875,740.1296997070312,1671.9498291015625,1052.9700927734375,124.73857879638672,3140.369384765625,1277.439453125,3112.931884765625,583.830322265625,11199.4599609375,608.9275512695312,236.37782287597656
2025-04-09,2234.792236328125,1121.5933837890625,6816.314453125,2385.384765625,1060.7435302734375,7282.640625,1894.77685546875,868.2225952148438,1701.3271484375,270.2721252441406,5270.3818359375,1387.619873046875,349.99371337890625,5361.73583984375,1087.1551513671875,5190.99072265625,2548.479248046875,1308.2303466796875,870.7303466796875,682.912353515625,3489.105712890625,559.89404296875,2307.405517578125,1290.83984375,678.5499877929688,1334.4752197265625,389.75909423828125,943.0106201171875,410.0672302246094,2996.65966796875,4001.479736328125,2502.990966796875,11334.720703125,1161.2464599609375,340.36737060546875,210.5443572998047,284.11419677734375,1175.2010498046875,1479.59326171875,714.7076416015625,1636.15087890625,1072.6563720703125,121.77043151855469,3096.167236328125,1236.9605712890625,3164.6259765625,577.9310913085938,11325.2626953125,608.6798095703125,226.24391174316406
2025-04-11,2319.212890625,1154.048095703125,6763.302734375,2368.0224609375,1068.0372314453125,7471.67236328125,1945.352294921875,886.6389770507812,1742.0367431640625,275.1997985839844,5280.99267578125,1434.132080078125,366.34423828125,5563.96484375,1102.5076904296875,5282.4052734375,2641.64013671875,1318.231689453125,891.3269653320312,683.6602783203125,3542.34716796875,595.9297485351562,2323.2626953125,1301.606689453125,689.5,1339.941650390625,394.67437744140625,987.590576171875,421.75372314453125,3057.29638671875,4130.98681640625,2559.78466796875,11474.8525390625,1169.4425048828125,350.8409423828125,218.54150390625,294.4755554199219,1208.5133056640625,1519.787353515625,725.9260864257812,1671.1575927734375,1080.678466796875,127.74501037597656,3081.766845703125,1246.1934814453125,3225.19384765625,589.9774780273438,11430.197265625,633.0567016601562,229.20761108398438
2025-04-15,2415.92138671875,1199.8809814453125,6887.02978515625,2389.88623046875,1111.849853515625,7689.65234375,1967.0416259765625,908.4940795898438,1783.886962890625,276.32611083984375,5321.560546875,1452.511474609375,369.28729248046875,5708.5068359375,1147.62158203125,5458.2255859375,2708.74609375,1352.31201171875,920.01416015625,702.7575073242188,3675.595947265625,613.103759765625,2318.697265625,1339.8614501953125,735.9000244140625,1355.675537109375,393.59771728515625,1005.2929077148438,423.5516662597656,3196.2802734375,4205.79833984375,2624.911376953125,11728.0625,1172.6614990234375,353.17919921875,220.74240112304688,294.91131591796875,1229.4822998046875,1560.4307861328125,735.2186279296875,1688.43798828125,1086.09228515625,130.60784912109375,3097.69287109375,1265.0965576171875,3263.578369140625,616.8960571289062,11645.1845703125,652.0330810546875,233.27072143554688
2025-04-16,2413.32421875,1221.7816162109375,6987.26806640625,2433.61376953125,1160.3084716796875,7656.95263671875,1968.240966796875,900.095947265625,1807.489501953125,280.4090576171875,5346.138671875,1466.82275390625,373.0245666503906,5727.91845703125,1151.099609375,5543.6181640625,2693.00341796875,1357.2415771484375,926.476806640625,714.0762329101562,3654.337890625,605.4598999023438,2323.704833984375,1346.0140380859375,788.25,1343.4117431640625,397.3895568847656,1006.6891479492188,424.19091796875,3166.94287109375,4165.5673828125,2613.602294921875,11539.107421875,1180.2880859375,350.0614929199219,228.83441162109375,296.0733337402344,1228.689208984375,1563.2269287109375,743.1630859375,1676.6536865234375,1088.552978515625,131.14401245117188,3122.1064453125,1271.899658203125,3262.282470703125,610.7984619140625,11654.1279296875,653.6681518554688,236.76022338867188
2025-04-17,2415.822021484375,1248.042724609375,7055.09130859375,2441.528076171875,1189.783203125,7711.29150390625,2034.3089599609375,910.6309204101562,1873.438232421875,280.0335998535156,5384.0419921875,1485.251220703125,372.6508483886719,5614.43505859375,1156.2667236328125,5605.81201171875,2750.693359375,1363.2138671875,940.6353759765625,718.065185546875,3644.57861328125,605.062744140625,2331.95263671875,1395.9288330078125,794.7000122070312,1349.49609375,400.01104736328125,1004.4950561523438,437.11602783203125,3186.174072265625,4083.35302734375,2658.044921875,11569.775390625,1196.7794189453125,354.640625,230.98785400390625,299.2204895019531,1263.5877685546875,1605.9674072265625,767.9111328125,1734.486328125,1102.6287841796875,131.30677795410156,3146.043701171875,1270.05322265625,3317.51611328125,616.2515869140625,11826.0380859375,650.2494506835938,226.48292541503906
2025-04-21,2440.3984375,1231.8895263671875,7123.912109375,2418.873046875,1221.9556884765625,7932.01318359375,2102.4755859375,921.662841796875,1867.7855224609375,285.3836364746094,5323.4365234375,1481.2322998046875,374.19244384765625,5864.79541015625,1169.9798583984375,5736.1220703125,2746.9072265625,1404.92578125,950.6994018554688,710.2368774414062,3784.881103515625,617.4717407226562,2308.387451171875,1399.0052490234375,828.2000122070312,1379.442626953125,395.89154052734375,1031.2230224609375,447.7637634277344,3218.7490234375,4186.12109375,2741.970703125,11619.240234375,1188.2613525390625,355.1764831542969,236.95489501953125,309.8723449707031,1284.407958984375,1626.2393798828125,786.447998046875,1727.9505615234375,1103.416259765625,133.260009765625,3167.692138671875,1334.8775634765625,3326.09033203125,624.6790771484375,11858.830078125,665.0638427734375,227.96478271484375
2025-04-22,2443.19580078125,1222.078857421875,7070.05224609375,2406.011962890625,1215.760986328125,7829.5869140625,2075.988525390625,920.3707885742188,1836.8441162109375,287.3078308105469,5365.18896484375,1497.9942626953125,372.417236328125,5884.70458984375,1167.594970703125,5709.96142578125,2739.434326171875,1402.934814453125,967.7686767578125,710.5858764648438,3704.29443359375,615.5855712890625,2355.22314453125,1405.6539306640625,787.5,1352.63330078125,405.9561767578125,1041.3956298828125,453.2374572753906,3196.4765625,4208.52587890625,2794.647705078125,11608.3583984375,1192.173828125,350.987060546875,235.0575714111328,302.6581115722656,1280.1446533203125,1616.7525634765625,791.9369506835938,1730.42626953125,1118.869873046875,132.2834014892578,3160.82568359375,1337.793212890625,3327.38623046875,625.4722900390625,11883.6728515625,666.5997924804688,223.85385131835938
2025-04-23,2451.28857421875,1227.9256591796875,7123.4130859375,2426.88671875,1205.8695068359375,7945.4775390625,2099.777099609375,926.58251953125,1866.0003662109375,282.00469970703125,5472.58154296875,1503.385498046875,372.7442626953125,5897.6455078125,1178.525634765625,5666.52490234375,2675.86572265625,1511.100830078125,949.1207885742188,707.1453857421875,3807.58837890625,624.5200805664062,2379.8681640625,1413.493408203125,794.2000122070312,1402.1639404296875,403.3815002441406,1036.4090576171875,444.8870544433594,3238.863037109375,4419.224609375,2894.545166015625,11779.505859375,1205.0992431640625,354.44580078125,239.22218322753906,304.982177734375,1288.869384765625,1613.25732421875,783.3184204101562,1771.424072265625,1132.0596923828125,135.15579223632812,3254.85693359375,1399.1187744140625,3347.2265625,654.274658203125,11873.736328125,673.7344970703125,232.88832092285156
2025-04-24,2440.19873046875,1225.2501220703125,7140.8671875,2438.065673828125,1206.0692138671875,7887.7724609375,2103.974853515625,924.39599609375,1830.298828125,283.4595031738281,5391.24755859375,1521.02978515625,373.5851135253906,6187.32666015625,1192.9342041015625,5578.17041015625,2719.3076171875,1504.1805419921875,945.6181030273438,706.4473266601562,3821.1162109375,623.7755126953125,2283.1533203125,1391.95947265625,819.75,1398.8365478515625,402.6324768066406,1041.69482421875,444.0879821777344,3238.470703125,4416.3994140625,2878.275634765625,11766.6455078125,1205.0001220703125,353.8612060546875,236.56594848632812,304.4495544433594,1290.4556884765625,1605.9674072265625,783.2703247070312,1786.37744140625,1143.0841064453125,135.50048828125,3243.985107421875,1404.5614013671875,3372.450927734375,662.652587890625,12082.4130859375,677.9955444335938,232.07569885253906
2025-04-25,2352.081787109375,1182.241455078125,6934.90478515625,2405.6162109375,1165.30419921875,7726.6796875,2044.50390625,905.6119384765625,1802.13427734375,277.5462951660156,5350.3828125,1495.73974609375,367.32525634765625,5985.24658203125,1167.396240234375,5504.13037109375,2724.887451171875,1496.1224365234375,942.8554077148438,702.60791015625,3764.106201171875,617.571044921875,2289.92822265625,1394.04345703125,822.3499755859375,1407.2025146484375,400.52593994140625,1025.63818359375,440.3722839355469,3210.50732421875,4381.81884765625,2841.3720703125,11572.744140625,1195.244140625,347.2847595214844,233.68203735351562,296.7995910644531,1289.2659912109375,1692.746826171875,769.0667114257812,1770.0377197265625,1137.57177734375,132.9440460205078,3288.235107421875,1420.8890380859375,3355.102783203125,649.664306640625,12159.921875,655.84814453125,230.30703735351562
2025-04-28,2367.5673828125,1198.989013671875,7026.66552734375,2425.99609375,1191.781494140625,7786.30810546875,2048.701904296875,903.7235717773438,1806.6962890625,290.9683837890625,5358.57568359375,1524.362548828125,371.0625,5999.18359375,1191.1455078125,5550.03515625,2743.419921875,1485.6702880859375,947.29541015625,708.8905639648438,3779.760009765625,624.0733642578125,2276.574951171875,1417.8597412109375,830.5499877929688,1409.0087890625,401.4621887207031,1051.568359375,444.6073913574219,3264.668212890625,4370.52001953125,2907.2431640625,11719.1591796875,1191.5299072265625,352.20489501953125,237.73280334472656,298.78472900390625,1357.080322265625,1733.68994140625,787.073974609375,1823.7110595703125,1137.0797119140625,136.027099609375,3283.943603515625,1420.4029541015625,3358.9912109375,662.454345703125,12037.6962890625,672.1489868164062,229.9246368408203
2025-04-29,2328.404296875,1205.430419921875,6974.3017578125,2424.907958984375,1186.2862548828125,7769.4775390625,2065.893310546875,903.7235717773438,1808.6796875,292.56402587890625,5397.564453125,1511.0313720703125,363.5412902832031,6080.31396484375,1168.588623046875,5507.58544921875,2735.747802734375,1504.5611572265625,941.6715087890625,713.0789794921875,3722.749755859375,618.0177612304688,2279.618408203125,1418.85205078125,836.9500122070312,1423.6494140625,398.8406982421875,1032.8187255859375,440.49212646484375,3259.76220703125,4479.03515625,2886.410400390625,11714.212890625,1182.3680419921875,347.7719421386719,233.06539916992188,293.3619689941406,1387.7156982421875,1727.6982421875,782.4517211914062,1787.9617919921875,1150.5648193359375,135.48133850097656,3311.60009765625,1453.2525634765625,3368.462890625,659.926025390625,11794.240234375,663.5278930664062,230.78504943847656
2025-04-30,2299.1318359375,1205.5294189453125,6958.84228515625,2399.779296875,1183.9881591796875,7722.83251953125,1950.649658203125,858.15478515625,1849.042236328125,291.01531982421875,5368.544921875,1519.46142578125,359.9908752441406,6059.4091796875,1176.4388427734375,5495.7392578125,2727.57763671875,1503.122802734375,949.6633911132812,741.6500244140625,3698.30322265625,620.1024780273438,2299.64892578125,1416.073486328125,838.4000244140625,1426.12109375,398.6534729003906,1027.034423828125,441.1114196777344,3278.110107421875,4467.7353515625,2905.45751953125,12125.7578125,1182.7147216796875,345.4336242675781,231.8985595703125,297.71954345703125,1392.9703369140625,1763.3487548828125,759.4371337890625,1814.5015869140625,1147.5135498046875,134.12173461914062,3293.6708984375,1460.7359619140625,3369.559326171875,638.758056640625,11567.67578125,663.8251953125,230.8806610107422
2025-05-02,2296.933837890625,1251.709228515625,6909.9697265625,2384.2470703125,1182.3895263671875,7521.3466796875,1965.7421875,881.4112548828125,1832.8773193359375,292.2824401855469,5232.4287109375,1484.5650634765625,358.3091125488281,6051.943359375,1170.4766845703125,5370.36474609375,2714.12646484375,1507.821533203125,948.1340942382812,727.14013671875,3611.3388671875,625.909912109375,2276.574951171875,1419.149658203125,856.4500122070312,1432.5858154296875,402.1175537109375,964.9016723632812,435.8374938964844,3272.125,4454.4873046875,2893.94970703125,12272.173828125,1154.7835693359375,339.7340393066406,230.27638244628906,293.4587707519531,1407.6436767578125,1759.753662109375,767.1888427734375,1806.876220703125,1136.5875244140625,135.38558959960938,3272.02294921875,1452.0863037109375,3331.97265625,643.5667114257812,11539.8525390625,673.6849365234375,231.052734375
2025-05-05,2453.1865234375,1334.9517822265625,6955.85009765625,2410.859375,1172.1981201171875,7617.521484375,2025.2132568359375,887.7223510742188,1850.52978515625,301.3399963378906,5289.6787109375,1512.40380859375,360.2711486816406,6096.7392578125,1163.9183349609375,5390.6025390625,2745.114013671875,1504.177734375,955.4847412109375,736.86328125,3640.520263671875,628.788818359375,2306.031005859375,1418.455078125,846.75,1434.2020263671875,409.0926208496094,952.9338989257812,416.49981689453125,3267.513427734375,4501.537109375,2997.41845703125,12324.6064453125,1153.000732421875,339.6366271972656,226.9181365966797,298.4458312988281,1419.0452880859375,1767.443115234375,760.737060546875,1818.759765625,1143.281005859375,136.0366668701172,3294.243408203125,1452.572265625,3311.833251953125,655.9105834960938,11596.4931640625,680.274658203125,232.85964965820312
2025-05-06,2351.7822265625,1308.8890380859375,6990.75927734375,2392.16162109375,1160.4083251953125,7641.56494140625,2034.8087158203125,874.3547973632812,1885.2396240234375,292.3293762207031,5323.732421875,1481.5263671875,353.4039611816406,6133.07373046875,1153.0870361328125,5444.40478515625,2718.8095703125,1514.246337890625,952.9686889648438,720.608154296875,3741.978759765625,625.463134765625,2338.629150390625,1420.63818359375,831.7999877929688,1436.958984375,407.7818603515625,964.9016723632812,414.3222961425781,3271.241943359375,4419.12744140625,3043.944580078125,12446.2890625,1167.015869140625,333.0114440917969,224.83108520507812,297.86480712890625,1408.7342529296875,1723.60400390625,745.4259643554688,1801.4296875,1137.17822265625,138.29629516601562,3299.679443359375,1454.1273193359375,3289.400634765625,642.6743774414062,11619.3486328125,672.8922119140625,230.58428955078125
2025-05-07,2350.8828125,1326.132080078125,6964.82666015625,2309.158203125,1160.3084716796875,7548.75634765625,2029.3114013671875,893.138916015625,1881.074462890625,297.44476318359375,5281.7822265625,1478.977783203125,358.1222229003906,6120.1328125,1153.385009765625,5418.73779296875,2690.11376953125,1499.09521484375,959.8259887695312,721.9046020507812,3737.533935546875,631.6676635742188,2327.828857421875,1424.4091796875,833.7999877929688,1433.9168701171875,403.662353515625,963.5054321289062,418.49749755859375,3258.879150390625,4441.044921875,3095.0341796875,12497.732421875,1158.0521240234375,333.2550048828125,226.4153289794922,301.2540283203125,1393.9617919921875,1742.0782470703125,747.3518676757812,1763.996826171875,1128.0240478515625,139.78993225097656,3285.4697265625,1453.1553955078125,3328.8818359375,674.500732421875,11584.568359375,681.7610473632812,233.3089599609375
2025-05-08,2283.14697265625,1321.0780029296875,6833.6689453125,2277.99462890625,1171.198974609375,7429.0185546875,2005.023193359375,877.8333129882812,1859.35595703125,289.04425048828125,5321.2646484375,1457.41259765625,360.13104248046875,5933.482421875,1140.76513671875,5303.72900390625,2688.918212890625,1515.7806396484375,951.3900756835938,720.9572143554688,3672.310546875,615.6848754882812,2312.216796875,1424.5084228515625,826.7999877929688,1436.864013671875,403.1474304199219,950.6400756835938,422.0334167480469,3261.33203125,4481.08056640625,3008.92626953125,12259.3125,1159.191162109375,331.2577209472656,221.2451629638672,298.4942321777344,1394.9532470703125,1729.0963134765625,740.5149536132812,1750.0338134765625,1098.49462890625,137.5590362548828,3289.09326171875,1460.5416259765625,3359.190673828125,677.0289916992188,11557.7392578125,650.5466918945312,230.9475860595703
2025-05-09,2248.879150390625,1294.519775390625,6704.50634765625,2275.02685546875,1150.1170654296875,7388.62548828125,1969.0406494140625,859.9691162109375,1833.07568359375,288.01177978515625,5365.6826171875,1450.7469482421875,357.2813415527344,5998.18798828125,1148.6153564453125,5255.849609375,2625.25,1504.94482421875,932.248779296875,711.6329345703125,3723.909423828125,622.5842895507812,2290.615478515625,1378.2652587890625,818.2000122070312,1433.2513427734375,396.5469055175781,954.4298706054688,420.1355895996094,3379.072998046875,4501.92626953125,2958.332763671875,12118.8330078125,1151.614013671875,326.1427307128906,222.89584350585938,289.8274230957031,1365.408447265625,1697.4404296875,750.38525390625,1727.8514404296875,1096.2305908203125,136.70689392089844,3280.89208984375,1451.697509765625,3499.767578125,702.4603881835938,11292.4208984375,668.6312255859375,231.36822509765625
2025-05-12,2423.014892578125,1349.8165283203125,6907.97509765625,2331.2197265625,1201.9727783203125,7731.96923828125,2049.4013671875,897.5386352539062,1855.2900390625,290.0766906738281,5535.951171875,1481.722412109375,369.5208740234375,5915.06640625,1188.0650634765625,5449.3408203125,2732.8583984375,1601.7008056640625,965.5486450195312,732.5750732421875,3850.49072265625,647.2037353515625,2339.316650390625,1437.4088134765625,788.5,1546.66796875,407.73504638671875,1002.5004272460938,428.5059509277344,3519.67578125,4812.47119140625,3079.955322265625,12480.9140625,1180.5357666015625,339.5878601074219,231.4906463623047,299.2688903808594,1424.20068359375,1749.068603515625,771.9555053710938,1669.820556640625,1127.63037109375,145.18045043945312,3452.646728515625,1528.8648681640625,3552.209716796875,714.655517578125,11662.0771484375,670.712158203125,245.96678161621094
2025-05-13,2438.89990234375,1356.8524169921875,6899.49755859375,2299.759765625,1192.580810546875,7754.5703125,2017.2171630859375,899.87744140625,1805.506103515625,288.0587158203125,5414.048828125,1490.054443359375,369.19384765625,6048.95654296875,1199.49267578125,5349.6337890625,2698.8818359375,1553.0830078125,948.4794311523438,733.0238647460938,3926.536376953125,630.1289672851562,2317.224365234375,1419.6458740234375,770.0999755859375,1491.2430419921875,400.6195983886719,987.2415161132812,422.6327209472656,3499.85595703125,4792.1123046875,3029.461181640625,12348.3486328125,1173.800537109375,332.7191467285156,228.77749633789062,289.00439453125,1403.5787353515625,1737.5845947265625,772.0518188476562,1683.4866943359375,1101.0538330078125,143.0740203857422,3352.130615234375,1528.28173828125,3552.5087890625,701.6671752929688,11587.5498046875,637.0204467773438,240.5078582763672
2025-05-14,2459.580322265625,1359.4290771484375,6898.49951171875,2257.91162109375,1194.4791259765625,7792.5595703125,2019.4161376953125,903.7587890625,1818.993408203125,293.31488037109375,5413.0615234375,1465.2545166015625,376.62164306640625,6187.32666015625,1212.3114013671875,5376.78173828125,2727.278564453125,1570.4395751953125,942.5594482421875,739.655517578125,3930.014892578125,645.8139038085938,2307.896484375,1415.279541015625,781.3499755859375,1513.869384765625,401.7430725097656,986.6431274414062,417.9980773925781,3505.84130859375,4903.84228515625,3077.07861328125,12534.3359375,1173.8995361328125,329.8450012207031,233.3784637451172,286.5835266113281,1412.2042236328125,1752.763427734375,771.0407104492188,1691.60693359375,1102.82568359375,148.70391845703125,3384.26904296875,1558.118408203125,3576.835693359375,692.9917602539062,11598.48046875,631.1244506835938,241.81761169433594
2025-05-15,2517.625732421875,1393.5186767578125,7054.09375,2305.0029296875,1208.0675048828125,8007.51025390625,2040.9056396484375,914.4573974609375,1851.7197265625,297.53863525390625,5394.3076171875,1472.5081787109375,378.06982421875,6186.3310546875,1228.5086669921875,5396.0322265625,2814.561279296875,1626.345458984375,954.0047607421875,749.1293334960938,4179.11962890625,656.5352783203125,2312.51123046875,1439.6912841796875,780.5,1533.453369140625,405.0667419433594,1035.5115966796875,420.7948303222656,3550.092041015625,4903.5498046875,3119.23974609375,12813.31640625,1187.6175537109375,333.1576232910156,234.8963165283203,290.1664123535156,1441.7491455078125,1782.12255859375,777.82958984375,1723.1971435546875,1129.2052001953125,150.65716552734375,3414.0234375,1583.2900390625,3625.887939453125,721.8932495117188,11819.08203125,638.80419921875,245.28799438476562
2025-05-16,2552.5927734375,1394.7080078125,6996.7431640625,2328.449951171875,1207.767822265625,8158.02392578125,2032.609619140625,912.3176879882812,1798.9608154296875,300.4483337402344,5430.33544921875,1470.253662109375,378.2099609375,6251.03662109375,1222.94384765625,5438.97509765625,2794.035888671875,1591.7279052734375,954.44873046875,748.4811401367188,4198.734375,652.762939453125,2338.236328125,1442.86669921875,780.2000122070312,1511.49267578125,407.92230224609375,1019.0558471679688,421.1544494628906,3536.84619140625,4917.08984375,3110.609375,12855.8564453125,1192.9166259765625,334.2780456542969,234.5737762451172,290.6990051269531,1443.9302978515625,1770.938232421875,778.0751342773438,1718.0477294921875,1149.678955078125,150.84866333007812,3396.285400390625,1571.530517578125,3622.79736328125,724.4711303710938,11830.0126953125,638.3582153320312,243.1273651123047
2025-05-19,2538.206298828125,1385.6900634765625,6956.3486328125,2306.487060546875,1201.77294921875,8512.427734375,2037.3074951171875,921.1253662109375,1803.2252197265625,297.72637939453125,5448.1025390625,1462.11767578125,376.2479553222656,6550.17431640625,1211.317626953125,5459.212890625,2717.11572265625,1581.850830078125,956.4220581054688,748.8800659179688,4239.70458984375,653.55712890625,2339.512939453125,1437.905029296875,784.0499877929688,1482.876953125,407.5946044921875,1016.8617553710938,421.75372314453125,3532.43115234375,4890.107421875,3103.06982421875,12849.919921875,1192.42138671875,336.27532958984375,233.91920471191406,294.4271545410156,1428.4638671875,1767.5428466796875,780.9237670898438,1713.3931884765625,1131.2723388671875,150.86781311035156,3355.754638671875,1552.870361328125,3606.84521484375,723.2813720703125,11853.8623046875,639.6464233398438,240.67994689941406
2025-05-20,2499.2431640625,1372.113525390625,6894.01171875,2271.069580078125,1194.7789306640625,8237.3671875,2004.12353515625,903.5597534179688,1793.9031982421875,293.6903381347656,5357.7861328125,1425.6529541015625,381.2932434082031,6423.25244140625,1216.48486328125,5318.537109375,2710.938232421875,1571.01513671875,944.6807861328125,744.9907836914062,4098.53271484375,657.9251098632812,2298.667236328125,1427.1876220703125,782.25,1483.637451171875,407.17327880859375,1009.9802856445312,417.53857421875,3500.640869140625,4885.52880859375,3039.083740234375,12502.6787109375,1168.00634765625,333.7908935546875,236.46157836914062,288.4718017578125,1412.402587890625,1755.35986328125,771.7393798828125,1691.2108154296875,1110.798583984375,151.94015502929688,3336.20458984375,1531.683349609375,3569.856689453125,712.771728515625,11623.3232421875,622.998779296875,238.7296600341797
2025-05-21,2498.044189453125,1372.113525390625,6965.82421875,2287.68994140625,1196.7772216796875,8355.181640625,2036.3079833984375,915.3530883789062,1807.390380859375,296.4592590332031,5422.43896484375,1453.0994873046875,378.7238464355469,6522.30126953125,1216.981689453125,5339.76171875,2697.08837890625,1584.15234375,950.5514526367188,757.6058959960938,4119.98388671875,658.1732788085938,2321.053466796875,1433.637939453125,769.9500122070312,1491.14794921875,405.3944396972656,998.2119750976562,413.7829284667969,3521.44189453125,4903.45263671875,3066.06689453125,12479.9248046875,1184.893798828125,337.2496032714844,235.91136169433594,286.77716064453125,1416.963134765625,1761.451416015625,773.1636352539062,1714.977783203125,1120.93701171875,154.76467895507812,3362.430419921875,1553.259033203125,3569.7568359375,720.6043701171875,11592.5185546875,632.61083984375,239.8864288330078
2025-05-22,2485.25634765625,1359.03271484375,6936.40087890625,2274.630859375,1187.485107421875,8399.421875,2000.0255126953125,909.5310668945312,1816.2166748046875,293.83111572265625,5367.1630859375,1439.474365234375,372.6508483886719,6508.36474609375,1214.4974365234375,5318.04345703125,2664.90576171875,1565.9327392578125,947.1474609375,753.7664794921875,4132.0615234375,644.8211669921875,2288.45556640625,1431.057861328125,785.0,1471.18359375,398.934326171875,1002.8993530273438,412.6842041015625,3484.549560546875,4893.12744140625,2982.33984375,12311.7451171875,1169.591064453125,332.62176513671875,229.2613067626953,281.69329833984375,1397.332763671875,1756.8577880859375,771.346435546875,1702.0048828125,1109.0267333984375,154.4295654296875,3315.891357421875,1521.5758056640625,3530.37548828125,711.3341064453125,11606.4306640625,626.2193603515625,235.12542724609375
2025-05-23,2537.606689453125,1382.8162841796875,7046.11474609375,2290.7568359375,1209.066650390625,8406.634765625,2035.50830078125,919.9310913085938,1816.5140380859375,299.322021484375,5415.529296875,1454.8638916015625,375.1267395019531,6453.6142578125,1222.34765625,5330.876953125,2649.760498046875,1580.5084228515625,953.906005859375,778.2488403320312,4163.4658203125,645.3671875,2316.438720703125,1438.698974609375,793.4000244140625,1487.6304931640625,408.4840393066406,1005.7915649414062,419.6761474609375,3532.13671875,4959.57177734375,2988.688720703125,12319.6591796875,1195.6898193359375,335.7394714355469,231.6993408203125,288.66546630859375,1414.5838623046875,1796.2030029296875,776.5034790039062,1667.2459716796875,1122.90576171875,156.03811645507812,3351.749267578125,1535.8624267578125,3568.959228515625,712.1272583007812,11672.0146484375,624.782470703125,236.4829864501953
2025-05-26,2545.299560546875,1387.57275390625,7078.03125,2302.331787109375,1214.162353515625,8615.8154296875,2051.6005859375,922.5186767578125,1832.083984375,303.1233825683594,5453.53125,1454.8638916015625,376.2479553222656,6706.462890625,1233.0797119140625,5358.02490234375,2646.771484375,1604.865234375,957.1620483398438,777.8499755859375,4212.35888671875,656.6345825195312,2350.706298828125,1449.4161376953125,800.0999755859375,1502.5560302734375,414.6632385253906,1029.5277099609375,417.3787536621094,3580.01806640625,5024.24755859375,3055.650634765625,12288.001953125,1215.3011474609375,334.667724609375,233.3120574951172,287.30975341796875,1422.5152587890625,1799.0989990234375,780.33447265625,1659.8187255859375,1128.3194580078125,155.59767150878906,3373.397216796875,1556.369140625,3599.467529296875,722.7855834960938,11615.3740234375,626.3184204101562,239.23634338378906
2025-05-27,2537.90673828125,1391.536865234375,7055.09130859375,2302.727783203125,1194.5791015625,8620.142578125,2028.9114990234375,912.7157592773438,1828.513916015625,297.53863525390625,5425.39990234375,1451.237060546875,373.67852783203125,6667.6396484375,1235.3651123046875,5320.51123046875,2604.724365234375,1584.248291015625,950.3048095703125,773.6614990234375,4191.87451171875,654.649169921875,2337.058349609375,1435.324951171875,820.7000122070312,1492.6690673828125,406.2370300292969,1010.9776000976562,415.00152587890625,3571.48193359375,5020.4140625,3015.57275390625,12281.0771484375,1218.718017578125,329.8450012207031,231.9839324951172,285.227783203125,1409.9239501953125,1800.7967529296875,779.6468505859375,1667.0478515625,1120.5433349609375,154.78384399414062,3336.5859375,1547.6221923828125,3578.630126953125,710.3425903320312,11349.0615234375,624.6337890625,237.33384704589844
2025-05-28,2512.63037109375,1398.2755126953125,6938.39599609375,2278.58837890625,1193.6798095703125,8510.50390625,2021.4151611328125,922.3196411132812,1840.7117919921875,301.9500732421875,5402.2041015625,1439.474365234375,372.0435485839844,6605.92041015625,1234.7689208984375,5258.31787109375,2568.25732421875,1589.2347412109375,948.9234619140625,787.27392578125,4215.06494140625,645.2183227539062,2319.188232421875,1442.6683349609375,805.1500244140625,1494.2852783203125,400.65911865234375,998.3117065429688,414.3822326660156,3577.663330078125,5012.15771484375,2973.907470703125,12198.9658203125,1197.9678955078125,331.3064270019531,230.2099609375,281.9353942871094,1400.802734375,1804.8909912109375,782.4463500976562,1650.2130126953125,1103.8099365234375,154.3817138671875,3335.632080078125,1535.8624267578125,3563.974365234375,711.829833984375,11167.2138671875,625.0302124023438,236.54989624023438
2025-05-29,2538.40625,1425.6265869140625,6904.98291015625,2269.783447265625,1200.673828125,8535.0283203125,2009.9207763671875,916.0,1848.149658203125,299.5566711425781,5424.4130859375,1447.708251953125,372.0435485839844,6601.44091796875,1240.3336181640625,5310.1455078125,2564.271728515625,1596.330810546875,950.896728515625,778.7474975585938,4209.65380859375,645.2679443359375,2323.802978515625,1445.3475341796875,824.1500244140625,1507.4046630859375,399.2765197753906,1003.4977416992188,415.840576171875,3586.494140625,5040.56396484375,2985.01806640625,12259.3125,1205.8917236328125,330.62445068359375,230.5609588623047,283.8236999511719,1405.660888671875,1822.466552734375,783.232177734375,1683.28857421875,1100.488037109375,156.18173217773438,3336.01416015625,1555.008544921875,3577.53369140625,718.2744140625,11198.01953125,625.2779541015625,239.14073181152344
2025-05-30,2517.525634765625,1419.87890625,6862.59375,2234.959716796875,1191.181884765625,8277.7607421875,2016.4176025390625,918.0499877929688,1840.8109130859375,298.8526916503906,5439.21875,1436.7296142578125,371.2026062011719,6582.029296875,1243.314697265625,5265.22802734375,2536.572509765625,1569.3848876953125,959.4807739257812,774.7086181640625,4163.94921875,628.8880615234375,2305.736572265625,1434.7296142578125,816.9500122070312,1506.5369873046875,398.60906982421875,990.8318481445312,414.462158203125,3605.92138671875,4982.27734375,2953.074951171875,12187.0947265625,1186.6766357421875,325.3145751953125,227.10784912109375,280.5797424316406,1408.7342529296875,1809.684326171875,797.91748046875,1661.30419921875,1097.0174560546875,154.17105102539062,3302.921142578125,1529.642333984375,3544.33349609375,713.3665771484375,11139.390625,622.2060546875,238.69139099121094
2025-06-02,2516.4267578125,1454.761474609375,6897.50244140625,2242.478515625,1193.380126953125,8187.83740234375,2028.011962890625,911.8499755859375,1838.7283935546875,297.1632080078125,5532.49658203125,1441.140625,373.44500732421875,6509.3603515625,1239.836669921875,5292.3759765625,2514.951171875,1564.4942626953125,953.1660766601562,764.5866088867188,4089.546142578125,626.5054931640625,2328.6142578125,1439.3935546875,812.7000122070312,1497.9569091796875,399.8009338378906,976.1713256835938,412.24468994140625,3610.336669921875,4985.81591796875,3001.783447265625,12158.4052734375,1191.678466796875,323.9992980957031,226.07383728027344,283.7752685546875,1401.5958251953125,1799.997802734375,799.2435913085938,1658.3333740234375,1110.9991455078125,152.27528381347656,3289.95166015625,1505.5396728515625,3514.921875,705.533935546875,11124.4853515625,630.5794067382812,236.7888946533203
2025-06-03,2468.57177734375,1419.3834228515625,6794.7705078125,2231.595947265625,1180.4910888671875,8235.4443359375,1990.9300537109375,897.9000244140625,1826.0345458984375,290.7337341308594,5503.3779296875,1444.0814208984375,367.0449523925781,6500.40087890625,1240.4329833984375,5285.4658203125,2543.1484375,1563.4395751953125,949.466064453125,755.8109130859375,4066.6455078125,627.3989868164062,2309.6640625,1426.8900146484375,800.8499755859375,1487.5450439453125,397.5602722167969,971.1847534179688,408.4291076660156,3609.54443359375,4974.51220703125,3022.21923828125,11998.1396484375,1184.2994384765625,319.8098449707031,225.0872344970703,279.127197265625,1393.4661865234375,1772.8355712890625,795.4617309570312,1651.30224609375,1105.2476806640625,150.65716552734375,3247.41845703125,1500.3887939453125,3509.239013671875,697.8499755859375,10965.4931640625,629.5884399414062,235.3931121826172
2025-06-04,2487.054443359375,1423.248291015625,6837.15966796875,2224.967529296875,1170.0001220703125,8235.92578125,1955.1474609375,898.7000122070312,1859.851806640625,292.4232177734375,5470.3115234375,1442.80712890625,368.67999267578125,6588.00244140625,1244.0103759765625,5251.4072265625,2540.458251953125,1559.3160400390625,957.6553955078125,756.7083740234375,4058.915771484375,631.220947265625,2321.642822265625,1420.0428466796875,814.3499755859375,1495.4503173828125,397.60791015625,965.9488525390625,408.7886962890625,3591.42138671875,5064.93994140625,3029.064208984375,12032.7646484375,1187.3204345703125,320.7841491699219,225.82717895507812,279.4176940917969,1411.31201171875,1773.4346923828125,792.2201538085938,1648.7276611328125,1114.965576171875,151.45184326171875,3252.90234375,1512.926025390625,3489.299072265625,709.1500244140625,10963.505859375,636.7232055664062,236.00497436523438
2025-06-05,2502.040283203125,1443.563232421875,6858.10498046875,2219.5263671875,1158.0103759765625,8230.154296875,1943.0533447265625,893.4000244140625,1863.2236328125,290.7806701660156,5527.56103515625,1460.3533935546875,368.9602355957031,6598.45458984375,1282.4664306640625,5240.54833984375,2545.14111328125,1565.3572998046875,961.7993774414062,759.5006713867188,4037.947509765625,632.6107788085938,2333.3271484375,1443.66064453125,803.2000122070312,1498.43896484375,399.6102600097656,966.1483154296875,407.5101623535156,3607.36572265625,5092.95263671875,3017.3583984375,11996.1611328125,1189.202392578125,320.1995544433594,225.56155395507812,284.93731689453125,1430.0501708984375,1772.3363037109375,791.72900390625,1666.750732421875,1102.5704345703125,151.25079345703125,3243.4736328125,1518.8544921875,3493.486572265625,710.1500244140625,11088.7119140625,641.0337524414062,237.0374755859375
2025-06-06,2531.812255859375,1458.4281005859375,6924.43212890625,2221.2080078125,1193.5799560546875,8306.61328125,1989.0308837890625,937.1500244140625,1854.6949462890625,297.2570495605469,5534.9638671875,1474.468505859375,372.7442626953125,6514.83544921875,1312.575439453125,5324.95361328125,2565.068603515625,1570.4395751953125,976.1552734375,753.0185546875,4124.0419921875,645.4168701171875,2346.484375,1448.5230712890625,822.8499755859375,1507.5975341796875,401.4695739746094,1002.2012329101562,414.2024230957031,3620.93310546875,5115.068359375,3081.740966796875,12328.5634765625,1197.0765380859375,324.2915954589844,227.73397827148438,286.4382629394531,1431.1407470703125,1778.128173828125,798.6541748046875,1662.888671875,1106.2393798828125,154.30775451660156,3256.07763671875,1526.921142578125,3549.21875,711.0,11182.1201171875,637.0204467773438,237.6588897705078
2025-06-09,2579.667236328125,1453.8695068359375,6913.95947265625,2223.879150390625,1218.8583984375,8310.4599609375,2016.4176025390625,960.75,1849.63720703125,300.7298889160156,5623.30615234375,1476.8212890625,374.6595764160156,6602.93408203125,1310.7867431640625,5321.9921875,2599.045166015625,1580.6043701171875,976.2539672851562,758.3040161132812,4202.6962890625,646.0620727539062,2349.822509765625,1423.8138427734375,836.6500244140625,1516.3704833984375,403.3765563964844,1005.2929077148438,427.14752197265625,3643.314453125,5168.14599609375,3062.793212890625,12501.689453125,1196.135498046875,328.43231201171875,230.33328247070312,290.989501953125,1436.3953857421875,1788.3140869140625,805.5302734375,1677.9410400390625,1111.7923583984375,154.1411895751953,3292.350341796875,1534.6961669921875,3523.296630859375,717.7999877929688,11189.076171875,633.304443359375,240.2401580810547
2025-06-10,2610.63818359375,1460.5091552734375,6900.49462890625,2215.4423828125,1231.747314453125,8296.0341796875,1997.126953125,949.75,1841.7034912109375,300.4483337402344,5593.6943359375,1480.938232421875,373.3048095703125,6643.74853515625,1340.2996826171875,5308.6650390625,2698.1845703125,1599.591064453125,969.5447387695312,760.3483276367188,4231.2978515625,653.55712890625,2351.786376953125,1412.0048828125,845.0499877929688,1538.6402587890625,407.14288330078125,1000.4060668945312,429.72454833984375,3644.205810546875,5292.9755859375,3043.052001953125,12385.9423828125,1204.1087646484375,330.47833251953125,232.1167449951172,291.5220642089844,1426.1834716796875,1783.0213623046875,802.5833740234375,1672.3955078125,1105.7435302734375,152.5343017578125,3331.798095703125,1565.6019287109375,3513.625732421875,732.25,11319.2509765625,633.7999267578125,243.66275024414062
2025-06-11,2578.76806640625,1443.26611328125,6909.4716796875,2205.358154296875,1230.3485107421875,8385.4765625,2011.9197998046875,942.5,1844.77783203125,313.35418701171875,5576.91455078125,1491.6226806640625,375.6873474121094,6688.54443359375,1342.5850830078125,5283.4912109375,2712.3330078125,1651.181640625,962.194091796875,762.093505859375,4261.5419921875,650.4300537109375,2333.3271484375,1420.0428466796875,836.2999877929688,1572.4786376953125,406.3323974609375,1004.3953247070312,428.5658874511719,3649.157470703125,5301.82177734375,3056.146728515625,12318.669921875,1198.0670166015625,329.4066162109375,234.62120056152344,286.09930419921875,1436.4945068359375,1796.80224609375,800.6187744140625,1674.177978515625,1095.0341796875,153.24957275390625,3340.45751953125,1591.453857421875,3530.9736328125,736.4000244140625,11391.791015625,630.0839233398438,247.53468322753906
2025-06-12,2541.303466796875,1432.76171875,6978.29150390625,2215.941650390625,1211.8643798828125,8239.291015625,2027.8121337890625,936.8499755859375,1828.910400390625,299.0873718261719,5497.45556640625,1473.0963134765625,366.9048156738281,6694.51708984375,1354.1119384765625,5247.45849609375,2679.35302734375,1631.331787109375,958.74072265625,752.4202270507812,4215.64404296875,646.3102416992188,2290.419189453125,1414.2872314453125,829.9000244140625,1550.7874755859375,401.4219055175781,992.97607421875,424.8701171875,3569.039794921875,5322.46240234375,2995.13671875,12257.333984375,1181.42724609375,325.1197509765625,235.15245056152344,279.8534240722656,1429.257080078125,1763.5484619140625,791.679931640625,1671.009033203125,1075.9952392578125,149.80068969726562,3304.1845703125,1598.1600341796875,3442.34033203125,715.3499755859375,11251.6787109375,626.665283203125,248.19430541992188
2025-06-13,2506.779052734375,1399.103515625,6976.296875,2210.749755859375,1204.7703857421875,8139.75048828125,2010.020751953125,933.0999755859375,1825.1419677734375,293.1271667480469,5497.94921875,1475.4488525390625,365.50335693359375,6636.7802734375,1353.913330078125,5250.91357421875,2654.144775390625,1625.6741943359375,946.0127563476562,750.7747802734375,4187.62255859375,637.1276245117188,2276.967529296875,1405.2569580078125,816.8499755859375,1544.4246826171875,394.6520690917969,984.5986328125,420.99462890625,3552.699462890625,5336.2236328125,2982.0419921875,12275.1416015625,1177.0692138671875,323.41473388671875,238.59605407714844,276.4642639160156,1415.67431640625,1752.763427734375,778.3206787109375,1671.4051513671875,1069.3515625,149.05604553222656,3315.2490234375,1612.349365234375,3411.6328125,712.0499877929688,11153.302734375,626.7643432617188,248.76792907714844
2025-06-16,2542.863037109375,1394.7220458984375,7095.48583984375,2241.302001953125,1214.3621826171875,8203.2255859375,2027.2122802734375,938.0,1845.8687744140625,296.9754638671875,5488.572265625,1496.818115234375,368.4464416503906,6657.18701171875,1338.312255859375,5296.32470703125,2695.095703125,1652.2364501953125,954.7940673828125,768.4259643554688,4217.287109375,644.8707885742188,2285.215087890625,1415.9742431640625,821.25,1565.441162109375,398.7521057128906,1001.1041870117188,427.30731201171875,3593.599853515625,5356.37353515625,2999.501953125,12395.8349609375,1183.5072021484375,325.1197509765625,243.60498046875,279.5145263671875,1425.4896240234375,1795.3043212890625,778.4680786132812,1668.929443359375,1074.3095703125,151.05482482910156,3363.93359375,1646.26806640625,3427.7841796875,686.6500244140625,11422.595703125,637.9122924804688,251.33009338378906
2025-06-17,2487.387939453125,1386.4569091796875,6988.265625,2261.27099609375,1214.0623779296875,8169.564453125,2002.324462890625,923.0,1839.422607421875,293.5964660644531,5496.46875,1473.782470703125,365.5967712402344,6508.36474609375,1310.48876953125,5272.63232421875,2661.717041015625,1658.5653076171875,951.9327392578125,771.816650390625,4223.56787109375,637.0283813476562,2286.3935546875,1412.302490234375,809.1500244140625,1580.962646484375,397.98931884765625,996.96533203125,426.8678283691406,3587.261962890625,5420.26220703125,2983.232421875,12460.138671875,1169.73974609375,326.5811767578125,239.35498046875,279.4176940917969,1418.946044921875,1797.700927734375,778.2716064453125,1634.1702880859375,1062.6085205078125,149.5165557861328,3382.214111328125,1670.2734375,3395.4814453125,674.75,11311.30078125,640.240966796875,251.34922790527344
2025-06-18,2458.0009765625,1366.8394775390625,6915.45556640625,2277.844970703125,1219.9573974609375,8144.078125,1980.4351806640625,919.0,1850.4306640625,296.4592590332031,5500.4169921875,1468.4892578125,364.70916748046875,6519.31494140625,1305.0234375,5323.96630859375,2665.70263671875,1645.427978515625,954.0540771484375,764.0880126953125,4210.90966796875,640.6517333984375,2255.660888671875,1401.78369140625,850.5,1574.214111328125,396.5590515136719,983.7010498046875,425.9888610839844,3566.6630859375,5357.3564453125,3016.8623046875,12611.5009765625,1159.24072265625,323.8531494140625,237.505126953125,278.2072448730469,1417.85546875,1794.705078125,777.8787231445312,1631.99169921875,1056.26220703125,149.0364532470703,3320.7333984375,1662.5955810546875,3457.39501953125,670.25,11334.15625,632.4622192382812,250.08724975585938
2025-06-19,2419.518310546875,1332.384765625,6991.2578125,2264.4658203125,1216.4603271484375,8171.00732421875,1966.641845703125,900.5,1861.4385986328125,294.20660400390625,5486.1044921875,1454.6678466796875,359.0098571777344,6463.56884765625,1317.74267578125,5423.18017578125,2683.438232421875,1643.5101318359375,954.7447509765625,759.7499389648438,4236.41943359375,636.6808471679688,2252.616943359375,1400.4937744140625,837.5,1560.2352294921875,396.6544189453125,993.375,428.78564453125,3586.07373046875,5276.265625,3070.13427734375,12668.8798828125,1148.3951416015625,321.5635681152344,238.64349365234375,277.3841857910156,1421.0281982421875,1786.916015625,771.1990356445312,1631.5955810546875,1079.16845703125,147.94888305664062,3294.370849609375,1636.6463623046875,3494.882080078125,672.2999877929688,11348.068359375,625.2283935546875,253.90179443359375
2025-06-20,2447.3056640625,1343.6373291015625,7045.1171875,2282.13818359375,1219.6575927734375,8254.8271484375,1985.2327880859375,905.0,1920.6435546875,294.2535095214844,5514.7294921875,1470.0574951171875,363.4945068359375,6562.1201171875,1316.94775390625,5454.27685546875,2702.76806640625,1668.4422607421875,969.2486572265625,778.9500122070312,4192.1640625,644.4241333007812,2264.399658203125,1416.1727294921875,840.25,1564.573486328125,399.0858154296875,1002.8494873046875,433.4602355957031,3626.577880859375,5284.62060546875,3159.02001953125,12654.0400390625,1168.947265625,326.5811767578125,238.95655822753906,283.8236999511719,1453.6463623046875,1808.3861083984375,782.053466796875,1648.9256591796875,1090.968505859375,148.89927673339844,3305.6279296875,1648.4061279296875,3508.44140625,676.2000122070312,11385.828125,627.7552490234375,254.81959533691406
2025-06-23,2470.895263671875,1349.1142578125,6989.26318359375,2260.572021484375,1213.063232421875,8171.5,1996.627197265625,915.5,1920.2469482421875,294.20660400390625,5497.45556640625,1469.469482421875,366.7179260253906,6605.92041015625,1309.5943603515625,5481.4248046875,2713.82763671875,1633.24951171875,961.2073364257812,774.1500244140625,4109.64453125,656.5849609375,2257.35498046875,1409.226318359375,839.9000244140625,1527.071533203125,394.6520690917969,994.3224487304688,436.31695556640625,3549.03515625,5236.4580078125,3110.013916015625,12563.025390625,1168.303466796875,324.0480041503906,238.4727325439453,281.06390380859375,1444.326904296875,1816.075439453125,776.2088012695312,1646.350830078125,1100.0914306640625,149.3499755859375,3265.1220703125,1634.50830078125,3495.181396484375,671.25,11376.8857421875,633.0567016601562,251.66468811035156
2025-06-24,2504.480224609375,1383.6685791015625,6987.76708984375,2271.754638671875,1220.1572265625,8260.744140625,2008.2215576171875,916.5,1917.5693359375,299.6505126953125,5544.34130859375,1472.704345703125,366.8580627441406,6535.740234375,1328.8721923828125,5556.94580078125,2770.8203125,1622.31787109375,967.3740234375,779.7000122070312,4147.7158203125,664.5267333984375,2245.44873046875,1413.1956787109375,831.9500122070312,1524.7576904296875,395.0811462402344,1004.2955932617188,444.2078552246094,3569.93115234375,5245.30419921875,3124.99365234375,12475.9677734375,1171.62158203125,321.4661560058594,231.39576721191406,276.8999938964844,1438.3782958984375,1840.4415283203125,781.3167114257812,1645.55859375,1098.4056396484375,151.66229248046875,3262.042724609375,1629.9404296875,3515.42041015625,673.6500244140625,11506.06640625,638.60595703125,253.31863403320312
2025-06-25,2526.070556640625,1387.25341796875,7023.67333984375,2276.34716796875,1212.2640380859375,8273.0703125,2010.8203125,928.0,1949.303955078125,299.97900390625,5634.1640625,1480.154052734375,366.0171813964844,6556.64501953125,1333.14501953125,5504.6240234375,2821.535888671875,1646.57861328125,976.8953247070312,785.0999755859375,4155.7353515625,667.7530517578125,2260.9267578125,1414.8826904296875,829.7999877929688,1556.8609619140625,396.9881591796875,1021.6986694335938,439.1536865234375,3584.7861328125,5343.10400390625,3189.872314453125,12630.2978515625,1190.7374267578125,322.343017578125,229.48899841308594,281.257568359375,1454.737060546875,1840.1419677734375,785.8843383789062,1653.3818359375,1117.0479736328125,153.22996520996094,3314.383056640625,1657.055908203125,3641.24169921875,674.5,11659.0966796875,644.79931640625,257.5633850097656
2025-06-26,2585.044189453125,1423.3016357421875,7083.0185546875,2286.23193359375,1232.44677734375,8315.966796875,2052.60009765625,951.5,1997.600341796875,309.5058898925781,5752.61181640625,1483.8790283203125,368.2595520019531,6586.01123046875,1313.171630859375,5539.66943359375,2872.84912109375,1653.2911376953125,997.41796875,799.4500122070312,4133.70458984375,685.5723266601562,2263.010498046875,1428.080810546875,836.0999755859375,1557.9215087890625,400.7544250488281,1029.7769775390625,440.27239990234375,3624.201171875,5281.18017578125,3190.169921875,12578.8544921875,1204.1087646484375,328.48101806640625,232.1641845703125,284.2110290527344,1482.497314453125,1858.2169189453125,782.9375,1653.5799560546875,1135.789306640625,157.29611206054688,3311.4970703125,1642.6719970703125,3683.6142578125,682.75,11875.7236328125,630.7280883789062,256.7125244140625
2025-06-27,2645.117431640625,1434.15576171875,7289.4794921875,2355.0244140625,1224.0538330078125,8318.92578125,2044.0,947.0,2010.2940673828125,312.5563659667969,5719.544921875,1488.436279296875,368.2595520019531,6627.82080078125,1292.8009033203125,5587.548828125,2850.729736328125,1652.5240478515625,1004.9491577148438,806.9500122070312,4174.57763671875,692.273193359375,2288.90673828125,1451.00390625,857.7000122070312,1550.208984375,399.18115234375,1026.1368408203125,441.0714416503906,3643.611572265625,5202.54736328125,3177.76953125,12506.6357421875,1217.628662109375,329.6014404296875,230.3617401123047,289.779052734375,1502.4251708984375,1848.031005859375,791.1396484375,1671.20703125,1114.866455078125,158.18772888183594,3310.8232421875,1627.31640625,3655.19970703125,686.9000244140625,12136.0732421875,639.0518798828125,253.3950958251953
2025-06-30,2618.229248046875,1444.11376953125,7223.15283203125,2337.4521484375,1198.1759033203125,8259.7578125,2056.0,936.5,1992.939208984375,311.5708312988281,5775.314453125,1491.9036865234375,366.2040710449219,6778.63427734375,1275.2125244140625,5584.09375,2834.189697265625,1657.6064453125,998.2658081054688,814.2999877929688,4094.184326171875,687.8059692382812,2276.702880859375,1434.7296142578125,872.0999755859375,1544.2318115234375,397.08349609375,1017.7593383789062,432.2016906738281,3634.302490234375,5226.13720703125,3157.829833984375,12267.2265625,1220.897216796875,326.28887939453125,231.6708984375,290.4084777832031,1487.7518310546875,1835.7481689453125,805.824951171875,1659.4227294921875,1089.6795654296875,156.53187561035156,3330.93212890625,1639.5621337890625,3679.127685546875,688.0,12016.8291015625,655.2536010742188,254.2842254638672
2025-07-01,2620.62841796875,1440.92724609375,7476.49169921875,2365.807861328125,1172.2982177734375,8282.4384765625,2053.800048828125,936.6500244140625,2002.657958984375,311.6646728515625,5669.205078125,1501.612548828125,364.1485290527344,6825.42138671875,1268.75341796875,5642.33837890625,2837.77685546875,1647.7296142578125,1003.5526123046875,809.9000244140625,4083.458740234375,689.2454223632812,2277.595703125,1421.03515625,879.0999755859375,1549.0521240234375,395.7962646484375,1026.8348388671875,436.2170715332031,3631.232421875,5213.35986328125,3150.786376953125,12308.77734375,1193.5604248046875,324.0480041503906,230.87400817871094,288.13287353515625,1515.3138427734375,1859.91455078125,805.7758178710938,1651.0052490234375,1086.4071044921875,156.8258056640625,3299.85498046875,1624.206298828125,3689.39697265625,683.7999877929688,12133.091796875,664.9647216796875,252.91708374023438
2025-07-02,2629.0244140625,1437.84033203125,7421.634765625,2415.6298828125,1174.2965087890625,8240.5283203125,2007.9000244140625,923.0,2016.4427490234375,311.4300231933594,5715.103515625,1483.6807861328125,361.48577880859375,6828.40771484375,1262.791259765625,5649.24853515625,2839.470703125,1648.0172119140625,990.5350341796875,789.7000122070312,4100.56201171875,693.2659301757812,2289.10546875,1416.867431640625,857.6500244140625,1552.619140625,393.74627685546875,1057.0535888671875,433.3204040527344,3562.008544921875,5213.85107421875,3139.97314453125,12486.849609375,1182.61572265625,325.1684265136719,228.69212341308594,285.518310546875,1505.7960205078125,1854.222412109375,798.5068969726562,1661.205078125,1086.6055908203125,162.52821350097656,3293.697509765625,1629.9404296875,3696.874267578125,688.5499877929688,12357.66796875,666.55029296875,255.2593536376953
2025-07-03,2610.032958984375,1425.093994140625,7545.3125,2427.112060546875,1170.0999755859375,8266.16796875,1980.699951171875,910.1500244140625,2002.558837890625,311.1484680175781,5719.544921875,1494.6776123046875,361.0653381347656,6844.8330078125,1283.1619873046875,5642.83203125,2807.387451171875,1641.59228515625,991.0836181640625,785.8499755859375,4165.205078125,687.8059692382812,2295.356201171875,1414.98193359375,862.4000244140625,1560.5244140625,394.1276550292969,1043.29052734375,424.8302001953125,3548.242919921875,5233.50927734375,3149.099853515625,12615.4580078125,1182.813720703125,325.99658203125,231.51910400390625,284.4047546386719,1504.8046875,1807.68701171875,792.8095092773438,1663.3837890625,1080.25927734375,162.5576171875,3272.049072265625,1624.8865966796875,3667.662353515625,690.4000244140625,12319.908203125,677.9459838867188,255.30715942382812
2025-07-04,2597.9384765625,1418.422119140625,7533.84228515625,2420.42236328125,1177.5999755859375,8315.966796875,1994.4000244140625,925.2999877929688,2000.4761962890625,324.94598388671875,5696.8427734375,1499.2349853515625,360.73834228515625,6875.1943359375,1299.1605224609375,5556.94580078125,2795.7294921875,1655.017333984375,992.1809692382812,785.0999755859375,4198.44482421875,694.35791015625,2321.05419921875,1431.7525634765625,856.25,1581.7337646484375,393.3648376464844,1038.603271484375,425.4694519042969,3559.830078125,5225.154296875,3162.5,12510.5927734375,1189.9752197265625,326.8734436035156,232.64801025390625,284.6951904296875,1514.223388671875,1797.20166015625,797.4754028320312,1660.016845703125,1080.556640625,159.71620178222656,3290.329833984375,1638.048828125,3675.837646484375,689.0499877929688,12427.2275390625,675.1217651367188,258.1752624511719
2025-07-07,2574.94873046875,1429.5750732421875,7596.17919921875,2438.99365234375,1175.0999755859375,8346.0439453125,2006.4000244140625,924.6500244140625,2017.037841796875,328.98199462890625,5807.88720703125,1496.4609375,359.0098571777344,6857.27587890625,1302.240966796875,5609.7607421875,2769.02685546875,1640.1539306640625,991.2332763671875,789.4500122070312,4161.7265625,687.0614013671875,2391.599609375,1424.706787109375,854.4500122070312,1568.526123046875,396.79742431640625,1039.7999267578125,429.46484375,3546.757568359375,5258.57373046875,3160.199951171875,12385.9423828125,1204.5465087890625,328.7732849121094,229.11900329589844,286.5350646972656,1528.3016357421875,1805.789794921875,792.56396484375,1669.05810546875,1092.654296875,159.1185302734375,3282.53662109375,1607.0732421875,3655.10009765625,688.8499755859375,12267.2412109375,674.081298828125,255.97637939453125
2025-07-08,2590.141845703125,1442.4210205078125,7545.3125,2480.728515625,1165.4000244140625,8223.7646484375,2018.300048828125,927.6500244140625,2013.1700439453125,333.7688903808594,5763.4697265625,1474.46728515625,357.7017822265625,6906.5517578125,1275.7093505859375,5606.79931640625,2810.57568359375,1637.9483642578125,998.2159423828125,794.1500244140625,4155.34912109375,680.6087036132812,2374.03759765625,1430.9586181640625,850.2999877929688,1579.8056640625,397.7986145019531,1045.0,444.38763427734375,3571.515625,5277.24853515625,3157.89990234375,12281.0771484375,1202.457763671875,334.37548828125,230.75070190429688,288.3265380859375,1524.4349365234375,1814.3778076171875,798.2612915039062,1661.7059326171875,1090.671142578125,158.6972198486328,3277.24462890625,1618.4541015625,3441.300048828125,693.2000122070312,12366.611328125,667.1943359375,257.7928161621094
2025-07-09,2581.845703125,1436.944091796875,7449.56201171875,2495.006103515625,1164.699951171875,8244.9658203125,2026.4000244140625,940.5999755859375,2002.9554443359375,327.1047668457031,5805.9130859375,1477.8355712890625,361.9996643066406,6951.845703125,1261.4000244140625,5622.1005859375,2787.758544921875,1605.248779296875,1003.1036987304688,786.2999877929688,4186.9462890625,669.0435791015625,2404.498046875,1420.93603515625,840.75,1574.9852294921875,399.9440002441406,1040.4000244140625,445.3465270996094,3545.073974609375,5238.423828125,3176.300048828125,12336.4775390625,1207.3812255859375,335.1548767089844,230.85504150390625,290.1664123535156,1505.9942626953125,1812.380615234375,796.5913696289062,1658.6259765625,1088.6878662109375,155.7872314453125,3255.69287109375,1598.0675048828125,3432.10009765625,692.7999877929688,12482.875,658.7218627929688,256.024169921875
2025-07-10,2579.846435546875,1437.0435791015625,7339.84814453125,2447.38037109375,1164.300048828125,8170.02099609375,2039.4000244140625,947.6500244140625,1948.213134765625,329.4043884277344,5801.96484375,1464.06494140625,358.8229675292969,6813.4755859375,1262.5999755859375,5579.6513671875,2765.04150390625,1595.371826171875,1000.6099243164062,771.25,4175.5439453125,670.1355590820312,2389.615234375,1413.1956787109375,852.8499755859375,1557.7286376953125,397.46490478515625,1043.300048828125,440.2524108886719,3540.122314453125,5229.0859375,3162.39990234375,12514.5498046875,1194.2520751953125,332.67047119140625,230.6083984375,289.779052734375,1504.2095947265625,1807.68701171875,793.693603515625,1651.7703857421875,1079.763427734375,157.4136962890625,3253.9609375,1583.519775390625,3419.800048828125,695.5999755859375,12437.1640625,655.6500244140625,253.3950958251953
2025-07-11,2557.556396484375,1425.69140625,7170.78955078125,2435.399169921875,1173.800048828125,7955.04638671875,2017.199951171875,933.5,1905.96630859375,323.6788635253906,5684.0107421875,1471.1978759765625,355.9266052246094,6804.0185546875,1254.699951171875,5540.65673828125,2751.98876953125,1571.01513671875,989.3878784179688,759.0,4076.40478515625,666.0654296875,2499.947998046875,1411.0125732421875,858.8499755859375,1537.579833984375,397.4172058105469,1037.199951171875,443.6085510253906,3506.352294921875,5117.0341796875,3073.199951171875,12439.3642578125,1195.29638671875,333.8883056640625,229.3466796875,289.1011962890625,1482.3980712890625,1832.65234375,794.3321533203125,1661.2091064453125,1067.7650146484375,156.61026000976562,3142.3525390625,1585.8948974609375,3361.60009765625,681.7999877929688,12416.296875,652.7999877929688,246.94190979003906
2025-07-14,2580.146484375,1426.986083984375,7201.2099609375,2397.85791015625,1172.699951171875,7975.26171875,2003.5999755859375,918.8499755859375,1904.974609375,323.2565002441406,5703.2587890625,1470.2071533203125,358.63616943359375,6747.77490234375,1250.5999755859375,5469.57861328125,2774.3076171875,1553.2750244140625,989.0387573242188,764.75,4108.2919921875,661.6478271484375,2496.971435546875,1412.1041259765625,867.5999755859375,1513.8638916015625,399.8962707519531,1038.9000244140625,440.2524108886719,3462.08447265625,5069.8544921875,3092.10009765625,12380.0068359375,1190.02490234375,333.30377197265625,231.6803741455078,288.7623291015625,1470.9964599609375,1848.7301025390625,794.528564453125,1671.74072265625,1062.806884765625,157.19813537597656,3100.691650390625,1560.3621826171875,3404.699951171875,674.5,12437.1640625,659.5,243.07000732421875
2025-07-15,2597.038818359375,1439.0352783203125,7341.34423828125,2389.770263671875,1165.9000244140625,8195.66015625,2036.5,928.4000244140625,1918.164306640625,326.6824035644531,5710.66162109375,1477.0430908203125,361.0653381347656,6759.22265625,1260.9000244140625,5519.43212890625,2768.52880859375,1502.068115234375,995.2732543945312,756.8499755859375,4303.76806640625,665.9661254882812,2507.19091796875,1419.844482421875,881.0,1528.614013671875,402.4707336425781,1035.0,437.11602783203125,3460.202880859375,5160.77392578125,3128.60009765625,12401.7705078125,1201.662109375,333.206298828125,231.1586151123047,288.6170349121094,1472.6820068359375,1822.266845703125,801.9940185546875,1716.3509521484375,1072.7230224609375,155.7872314453125,3129.171142578125,1562.638427734375,3415.0,684.4000244140625,12423.2529296875,673.7999877929688,246.0814971923828
2025-07-16,2607.334228515625,1450.5865478515625,7333.365234375,2406.743896484375,1168.4000244140625,8187.27783203125,2036.0,921.75,1920.54443359375,326.49468994140625,5711.6484375,1462.08349609375,361.0653381347656,6800.03662109375,1259.4000244140625,5554.4775390625,2752.38720703125,1498.6158447265625,995.6722412109375,755.9500122070312,4275.26318359375,661.89599609375,2497.963623046875,1415.4781494140625,879.75,1550.112548828125,404.8544616699219,1029.800048828125,435.3780212402344,3469.908203125,5235.96630859375,3196.5,12429.470703125,1223.394775390625,333.644775390625,230.38072204589844,287.6486511230469,1472.8802490234375,1826.560791015625,816.9739990234375,1690.02197265625,1072.425537109375,154.15097045898438,3121.2548828125,1591.239013671875,3417.300048828125,679.0,12374.5615234375,671.4500122070312,251.24403381347656
2025-07-17,2615.4306640625,1446.4041748046875,7331.3701171875,2395.161865234375,1159.800048828125,8214.396484375,2026.5,923.2999877929688,1913.9000244140625,325.46221923828125,5732.376953125,1468.6220703125,360.55145263671875,6759.72021484375,1263.0999755859375,5577.6767578125,2756.273193359375,1480.491943359375,990.98388671875,751.7999877929688,4293.71923828125,669.63916015625,2490.224365234375,1407.8370361328125,865.0999755859375,1526.5894775390625,404.2347106933594,1034.199951171875,433.6600036621094,3440.396484375,5105.73095703125,3195.0,12342.4130859375,1217.9739990234375,333.839599609375,231.34832763671875,287.21295166015625,1463.7591552734375,1800.29736328125,814.32177734375,1692.406494140625,1096.5216064453125,156.66903686523438,3098.181640625,1547.4969482421875,3433.300048828125,681.7000122070312,12416.296875,692.6500244140625,249.1407928466797
2025-07-18,2594.93994140625,1437.0435791015625,7284.49267578125,2378.6875,1099.300048828125,8231.6533203125,2029.5999755859375,942.0,1901.0,322.4117431640625,5661.30810546875,1468.5230712890625,362.9806823730469,6700.98779296875,1257.5,5555.46484375,2718.6103515625,1496.824951171875,976.2705078125,739.5,4248.40087890625,670.9793701171875,2470.181884765625,1414.8826904296875,870.0499877929688,1529.0960693359375,403.09051513671875,1034.4000244140625,428.1000061035156,3431.285400390625,5036.43603515625,3192.39990234375,12286.0234375,1229.4619140625,333.30377197265625,233.66305541992188,284.8404541015625,1463.362548828125,1785.9173583984375,808.7717895507812,1682.669677734375,1086.7047119140625,159.08912658691406,3079.54931640625,1532.850341796875,3402.89990234375,680.25,12419.2783203125,686.8499755859375,255.21157836914062
2025-07-21,2618.329345703125,1444.41259765625,7235.6201171875,2371.698486328125,1099.5999755859375,8321.390625,2053.89990234375,948.4500122070312,1909.199951171875,321.5670166015625,5608.0068359375,1460.2010498046875,361.392333984375,6657.68505859375,1259.300048828125,5486.8544921875,2731.961669921875,1479.0423583984375,997.7670288085938,752.2999877929688,4259.51318359375,677.7298583984375,2445.674560546875,1454.576416015625,858.7999877929688,1527.36083984375,400.5637512207031,1034.800048828125,433.0400085449219,3468.91796875,5065.9228515625,3246.699951171875,12272.173828125,1229.660888671875,332.76788330078125,232.45826721191406,287.6002502441406,1416.3682861328125,1802.1947021484375,809.6068115234375,1681.378173828125,1081.1517333984375,159.72601318359375,3048.94580078125,1527.80322265625,3433.0,687.4500122070312,12497.7802734375,713.75,248.90179443359375
2025-07-22,2586.6435546875,1414.7376708984375,7227.64111328125,2361.514404296875,1098.0,8179.88232421875,2039.5999755859375,952.5499877929688,1906.800048828125,319.45513916015625,5634.65771484375,1450.7894287109375,363.5412902832031,6583.02490234375,1240.0,5369.87109375,2712.831298828125,1469.0880126953125,1001.058837890625,763.2999877929688,4195.9326171875,685.0263671875,2460.359130859375,1462.316650390625,843.2000122070312,1514.4423828125,396.6544189453125,1030.699951171875,432.0400085449219,3431.08740234375,5087.05517578125,3257.199951171875,12358.2421875,1215.1890869140625,332.0859069824219,233.7579345703125,288.37493896484375,1400.70361328125,1806.48876953125,800.5697021484375,1667.17041015625,1075.6978759765625,159.74559020996094,3050.29736328125,1531.16796875,3472.39990234375,673.4000244140625,12373.5673828125,722.8499755859375,248.28036499023438
2025-07-23,2613.33154296875,1414.8372802734375,7354.310546875,2371.698486328125,1104.800048828125,8280.466796875,2060.5,968.2999877929688,1943.800048828125,323.3034362792969,5645.51513671875,1459.8048095703125,365.0829162597656,6622.84375,1247.4000244140625,5371.845703125,2699.28076171875,1478.462646484375,1009.6375122070312,762.5,4216.51416015625,690.3374633789062,2431.28759765625,1477.2017822265625,851.1500244140625,1517.9129638671875,395.65325927734375,1033.800048828125,434.0799865722656,3451.19091796875,5207.46240234375,3268.800048828125,12491.796875,1219.6649169921875,334.2292785644531,232.9420928955078,289.779052734375,1412.402587890625,1806.988037109375,806.1196899414062,1671.641357421875,1053.68408203125,159.48106384277344,3069.122802734375,1530.5740966796875,3471.39990234375,690.0999755859375,12294.0712890625,727.3499755859375,249.9055938720703
2025-07-24,2607.234130859375,1405.67578125,7344.33642578125,2348.43505859375,1095.0999755859375,8173.47216796875,2032.300048828125,958.9500122070312,1936.0999755859375,320.4406433105469,5599.61669921875,1474.071044921875,360.22442626953125,6588.5,1265.5,5398.99365234375,2725.9833984375,1456.620849609375,1004.5999755859375,757.2999877929688,4219.65283203125,690.5359497070312,2418.785888671875,1472.0416259765625,847.9000244140625,1496.70361328125,390.8857727050781,1033.800048828125,428.4200134277344,3443.862548828125,5117.0341796875,3260.89990234375,12422.5458984375,1154.8150634765625,330.1860046386719,232.25904846191406,289.8758850097656,1390.888427734375,1791.110107421875,801.25732421875,1681.080078125,1063.798583984375,160.17669677734375,3039.0986328125,1483.071533203125,3484.39990234375,700.5,12226.5,726.5499877929688,250.33583068847656
2025-07-25,2548.96044921875,1390.4400634765625,7449.06298828125,2332.5595703125,1086.0999755859375,7963.42822265625,1985.800048828125,913.75,1937.9000244140625,312.4624938964844,5521.638671875,1518.2564697265625,355.7864685058594,6616.5,1277.9000244140625,5363.45458984375,2698.782470703125,1440.0948486328125,1002.2999877929688,762.3499755859375,4149.814453125,688.401611328125,2396.560546875,1465.789794921875,823.7000122070312,1461.2261962890625,390.361328125,1026.9000244140625,424.9200134277344,3409.59716796875,5008.9140625,3246.39990234375,12271.1845703125,1131.192626953125,324.6325988769531,227.95216369628906,282.8553771972656,1379.7841796875,1829.556640625,792.269287109375,1688.034912109375,1045.5528564453125,158.16812133789062,3027.32080078125,1446.7518310546875,3462.800048828125,687.4000244140625,12250.0,722.2000122070312,247.8023681640625
2025-07-28,2521.1728515625,1370.2252197265625,7337.3544921875,2355.92333984375,1073.5999755859375,7977.23388671875,1977.800048828125,880.5,1890.300048828125,312.9317932128906,5551.744140625,1557.3892822265625,353.49737548828125,6584.0,1287.4000244140625,5317.05615234375,2717.31494140625,1416.900146484375,1004.25,761.2000122070312,4209.0595703125,684.3314208984375,2422.556396484375,1477.00341796875,802.0499877929688,1461.515380859375,390.83807373046875,1028.800048828125,393.32000732421875,3389.097412109375,4960.75146484375,3209.800048828125,12207.869140625,1108.6641845703125,324.3890075683594,227.69602966308594,282.6616516113281,1375.71923828125,1847.93115234375,783.0357666015625,1691.214111328125,1051.0067138671875,156.4534912109375,2972.775390625,1435.56884765625,3393.0,682.9000244140625,12240.0,729.8499755859375,243.75680541992188
2025-07-29,2546.76123046875,1390.041748046875,7436.595703125,2397.7578125,1064.199951171875,8014.70654296875,1972.5999755859375,886.5499877929688,1918.300048828125,314.3866882324219,5553.224609375,1559.3707275390625,358.4492492675781,6676.5,1299.800048828125,5400.474609375,2733.0576171875,1422.98876953125,1010.7999877929688,756.3499755859375,4242.5078125,687.6571044921875,2434.462890625,1474.8201904296875,808.2000122070312,1459.2979736328125,389.45550537109375,1034.9000244140625,394.5400085449219,3461.78759765625,4970.08935546875,3199.39990234375,12335.48828125,1105.879150390625,325.99658203125,229.04312133789062,283.8236999511719,1404.9666748046875,1830.8548583984375,785.0494384765625,1699.460693359375,1052.6925048828125,158.42288208007812,2950.28125,1438.73583984375,3379.199951171875,692.3499755859375,12221.0,726.0499877929688,245.46275329589844
2025-07-30,2531.767822265625,1388.149658203125,7430.61181640625,2412.03564453125,1073.300048828125,7931.87255859375,1959.800048828125,884.8499755859375,1932.5999755859375,316.35772705078125,5672.65966796875,1544.906494140625,354.945556640625,6650.0,1292.0999755859375,5410.83984375,2748.601318359375,1426.951171875,1012.9000244140625,757.4500122070312,4170.02001953125,683.7854614257812,2418.388916015625,1471.04931640625,801.9000244140625,1464.40771484375,388.6450500488281,1037.9000244140625,391.94000244140625,3629.64794921875,5051.67041015625,3208.89990234375,12482.892578125,1109.75830078125,330.08856201171875,229.39410400390625,279.8050537109375,1398.026611328125,1836.5469970703125,787.4560546875,1722.6103515625,1064.095947265625,158.09954833984375,2947.964599609375,1448.038330078125,3376.5,668.4500122070312,12268.0,721.9000244140625,243.90301513671875
2025-07-31,2429.613525390625,1367.33740234375,7478.486328125,2392.366455078125,1068.4000244140625,7896.865234375,1948.0,881.2000122070312,1914.300048828125,313.7376708984375,5696.34912109375,1540.1510009765625,351.6287841796875,6595.5,1270.300048828125,5398.5,2736.4453125,1418.6397705078125,1009.0999755859375,755.5,4179.24072265625,678.0773315429688,2501.535400390625,1470.0570068359375,798.9000244140625,1454.76708984375,392.79278564453125,1048.300048828125,395.7200012207031,3601.324462890625,5018.7431640625,3203.10009765625,12473.0,1117.814697265625,325.6556091308594,228.62570190429688,281.7901611328125,1378.2969970703125,1838.1446533203125,782.4463500976562,1695.6851806640625,1064.195068359375,154.7486572265625,2931.74560546875,1448.5330810546875,3347.300048828125,665.9500122070312,12249.0,703.7999877929688,242.05084228515625
2025-08-01,2349.849365234375,1341.446533203125,7332.36767578125,2427.2119140625,1062.4000244140625,7932.8583984375,1916.300048828125,875.5999755859375,1884.4000244140625,302.82879638671875,5723.0,1488.83251953125,348.0316467285156,6361.5,1220.5999755859375,5528.0,2712.3330078125,1403.369873046875,1006.0999755859375,741.7000122070312,4229.16748046875,667.5545043945312,2533.781982421875,1460.3319091796875,783.7000122070312,1416.782958984375,397.08349609375,1027.800048828125,398.4800109863281,3552.6005859375,4931.755859375,3159.300048828125,12302.0,1132.137451171875,322.3917236328125,224.63185119628906,282.0322265625,1381.76708984375,1793.7064208984375,779.9415283203125,1619.18212890625,1061.418701171875,149.9182586669922,2899.11474609375,1423.8912353515625,3316.0,648.8499755859375,12113.0,665.1500244140625,236.64051818847656
2025-08-04,2362.543701171875,1383.0711669921875,7288.98095703125,2445.982666015625,1068.5999755859375,8073.8740234375,1933.5999755859375,885.2999877929688,1914.5999755859375,302.82879638671875,5787.0,1501.0181884765625,350.087158203125,6489.5,1225.0,5621.0,2777.6953125,1424.921630859375,996.0,739.7999877929688,4449.17919921875,682.6934814453125,2523.85986328125,1451.9962158203125,804.0499877929688,1427.291259765625,397.46490478515625,1055.9000244140625,399.3999938964844,3595.976806640625,5002.03369140625,3200.199951171875,12365.0,1132.5849609375,323.46343994140625,222.77252197265625,278.8367004394531,1399.4146728515625,1828.95751953125,781.6113891601562,1631.0052490234375,1063.60009765625,156.33590698242188,2968.044677734375,1459.716064453125,3356.300048828125,653.5999755859375,12257.0,711.7000122070312,239.8574676513672
2025-08-05,2327.159423828125,1352.400390625,7255.0693359375,2433.0029296875,1070.800048828125,8116.27734375,1939.4000244140625,891.9000244140625,1931.800048828125,300.2087707519531,5635.5,1485.8603515625,354.57183837890625,6409.0,1214.800048828125,5681.0,2787.061279296875,1432.943115234375,988.7999877929688,738.5,4459.87060546875,682.0978393554688,2514.93017578125,1433.3402099609375,819.1500244140625,1407.8173828125,394.89044189453125,1053.4000244140625,400.6000061035156,3617.26904296875,5043.80712890625,3212.199951171875,12537.0,1127.5621337890625,325.0223083496094,222.4404754638672,276.94842529296875,1379.7841796875,1854.422119140625,786.4246215820312,1621.566650390625,1055.667236328125,156.3946990966797,2957.907958984375,1470.00830078125,3418.199951171875,654.5999755859375,12298.0,720.4500122070312,239.7209930419922
2025-08-06,2299.27197265625,1361.362548828125,7170.78955078125,2487.318115234375,1071.0,8064.9990234375,1924.0,876.6500244140625,1929.699951171875,300.82806396484375,5402.5,1472.882080078125,357.2738037109375,6133.5,1196.699951171875,5668.0,2755.775146484375,1414.097412109375,992.6500244140625,752.5499877929688,4389.34521484375,679.8641967773438,2515.8232421875,1432.54638671875,803.3499755859375,1385.0654296875,392.8404235839844,1052.5999755859375,400.4800109863281,3593.302734375,4949.44775390625,3227.5,12524.0,1110.6534423828125,323.56085205078125,221.76693725585938,275.7863464355469,1380.874755859375,1851.7259521484375,790.8941040039062,1584.90478515625,1043.96630859375,155.4541015625,2927.401123046875,1443.8818359375,3417.699951171875,652.8499755859375,12226.0,705.2999877929688,233.92074584960938
2025-08-07,2248.794677734375,1339.753662109375,7151.34033203125,2502.59423828125,1076.199951171875,8114.7978515625,1914.0,879.0999755859375,1922.5999755859375,295.6832275390625,5476.5,1477.1422119140625,359.8335266113281,6131.5,1200.800048828125,5681.5,2733.755126953125,1425.9847412109375,997.7000122070312,755.7000122070312,4571.59326171875,681.7999877929688,2497.8642578125,1429.271728515625,807.3499755859375,1385.25830078125,394.36602783203125,1064.800048828125,398.4200134277344,3606.375244140625,4951.41357421875,3211.10009765625,12632.0,1111.300048828125,321.2712707519531,221.91873168945312,276.51263427734375,1377.5040283203125,1858.516357421875,790.8941040039062,1588.0841064453125,1043.96630859375,156.44369506835938,2941.5927734375,1466.6435546875,3415.699951171875,646.5,12273.0,705.4500122070312,236.2213592529297
2025-08-08,2177.126708984375,1319.4393310546875,7066.0625,2471.742431640625,1058.0999755859375,8109.8671875,1919.199951171875,877.1500244140625,1858.5999755859375,304.3531799316406,5387.0,1471.990478515625,359.97576904296875,5914.5,1211.4000244140625,5663.0,2681.843994140625,1426.1778564453125,986.9500122070312,761.5499877929688,4511.857421875,672.75,2479.11181640625,1424.9053955078125,782.4500122070312,1371.9542236328125,395.22418212890625,1049.199951171875,390.5400085449219,3572.7041015625,4926.349609375,3144.199951171875,12590.0,1090.6116943359375,326.1427307128906,221.45388793945312,275.8348083496094,1356.0888671875,1831.0545654296875,790.0591430664062,1576.6583251953125,1042.181396484375,154.75843811035156,2931.359375,1465.0601806640625,3460.199951171875,633.7000122070312,12157.0,688.75,233.0336456298828
2025-08-11,2282.37939453125,1333.7789306640625,7240.10888671875,2485.221435546875,1073.300048828125,8160.15966796875,1922.800048828125,877.7999877929688,1857.4000244140625,305.78228759765625,5381.5,1490.81396484375,362.63031005859375,5992.0,1219.5,5671.5,2748.89990234375,1438.065185546875,997.7999877929688,764.75,4474.9765625,672.8499755859375,2498.757080078125,1425.5999755859375,783.25,1376.8709716796875,397.46490478515625,1052.699951171875,395.17999267578125,3632.916015625,4979.91845703125,3186.199951171875,12597.0,1099.0660400390625,327.5067443847656,221.78590393066406,275.8348083496094,1374.331298828125,1848.430419921875,808.8700561523438,1598.0196533203125,1050.21337890625,155.3169403076172,2935.607421875,1465.7528076171875,3467.89990234375,653.75,12405.0,693.7000122070312,235.53895568847656
2025-08-12,2287.17724609375,1324.916259765625,7217.66748046875,2474.438232421875,1070.0,8082.7490234375,1908.0,853.0,1850.300048828125,308.40234375,5338.0,1507.457763671875,365.3322448730469,5961.0,1220.300048828125,5658.0,2740.39990234375,1448.792724609375,984.9500122070312,766.2000122070312,4556.3896484375,667.0499877929688,2464.42724609375,1422.0,783.0499877929688,1372.918212890625,396.9881591796875,1048.199951171875,391.79998779296875,3650.44482421875,5019.72607421875,3236.5,12840.0,1085.2406005859375,331.3551940917969,223.4270782470703,275.64111328125,1368.5810546875,1835.448486328125,806.0704956054688,1611.73046875,1038.0167236328125,156.92379760742188,2930.393798828125,1493.6607666015625,3486.800048828125,654.0999755859375,12449.0,688.6500244140625,235.63644409179688
2025-08-13,2279.0810546875,1314.0618896484375,7788.17822265625,2496.303955078125,1066.0,8134.02734375,1914.4000244140625,860.0,1867.4000244140625,307.259033203125,5375.5,1546.4915771484375,366.0433044433594,6100.5,1253.4000244140625,5714.5,2745.89990234375,1450.7255859375,990.1500244140625,776.5999755859375,4677.5283203125,700.5,2475.63916015625,1420.800048828125,773.4500122070312,1375.328369140625,394.8427734375,1053.699951171875,397.5400085449219,3657.97119140625,5027.09814453125,3282.199951171875,12834.0,1091.009521484375,331.2090759277344,226.4153289794922,279.0787658691406,1370.7620849609375,1837.745361328125,807.29833984375,1629.217041015625,1047.2386474609375,156.94337463378906,2931.166259765625,1490.6917724609375,3466.800048828125,663.75,12401.0,686.1500244140625,235.56820678710938
2025-08-14,2280.580322265625,1294.843017578125,7801.14453125,2524.759521484375,1068.199951171875,8099.51318359375,1925.0999755859375,861.4500122070312,1873.800048828125,303.0193176269531,5302.5,1549.463623046875,364.47900390625,6132.5,1260.4000244140625,5764.0,2764.89990234375,1439.804931640625,995.5499877929688,788.75,4618.0869140625,695.25,2461.252197265625,1427.300048828125,769.75,1395.6700439453125,392.3160095214844,1045.5,395.6400146484375,3641.432861328125,5020.708984375,3265.39990234375,12936.0,1083.5498046875,330.62445068359375,224.774169921875,279.5629577636719,1367.4774169921875,1838.044921875,811.9151611328125,1630.806640625,1042.379638671875,152.16200256347656,2917.7470703125,1471.2947998046875,3489.39990234375,664.5999755859375,12317.0,683.75,240.5983428955078
2025-08-18,2332.55712890625,1321.6300048828125,7802.1416015625,2583.3681640625,1082.5999755859375,8469.30859375,1993.5,905.2000122070312,1892.300048828125,299.1607360839844,5439.0,1550.6524658203125,367.65496826171875,6164.5,1262.699951171875,5912.0,2845.89990234375,1435.165771484375,1001.7999877929688,791.0,4888.7119140625,714.1500244140625,2548.06982421875,1434.5999755859375,788.6500244140625,1384.1978759765625,387.4054870605469,1079.800048828125,400.2799987792969,3599.938232421875,5002.52490234375,3383.10009765625,14068.0,1137.9560546875,327.4093017578125,225.93153381347656,281.1607360839844,1375.3409423828125,1860.413818359375,812.9957275390625,1622.1627197265625,1062.3111572265625,154.76824951171875,2907.03125,1455.9554443359375,3554.800048828125,676.0,12765.0,690.9500122070312,239.0386199951172
2025-08-19,2387.33251953125,1363.6529541015625,7813.12744140625,2575.380615234375,1083.199951171875,8673.4365234375,1972.199951171875,902.2999877929688,1909.699951171875,306.2586669921875,5499.0,1534.5040283203125,365.3322448730469,6079.5,1244.199951171875,5938.5,2828.300048828125,1426.5645751953125,995.5499877929688,793.75,5020.34619140625,706.7000122070312,2584.4833984375,1436.300048828125,785.5,1388.246826171875,390.0753173828125,1073.4000244140625,405.9800109863281,3578.052001953125,5023.65771484375,3354.0,14250.0,1155.1630859375,326.4350280761719,225.72283935546875,280.0909423828125,1413.564208984375,1851.526123046875,815.697021484375,1616.10205078125,1076.689453125,156.0125732421875,2911.858154296875,1481.191162109375,3568.10009765625,700.25,12863.0,707.2999877929688,240.7445831298828
2025-08-20,2386.033203125,1364.847900390625,7872.54833984375,2566.09521484375,1080.199951171875,8704.9921875,1958.5,887.7999877929688,1928.4000244140625,304.8295593261719,5701.0,1531.72998046875,364.7160339355469,6005.0,1245.4000244140625,5937.5,2864.89990234375,1445.7967529296875,994.0999755859375,796.5499877929688,5037.80615234375,700.8499755859375,2648.9765625,1430.5999755859375,778.2000122070312,1442.427001953125,387.1671142578125,1082.5999755859375,403.5,3557.55224609375,5091.9697265625,3395.60009765625,14221.0,1183.907958984375,333.206298828125,225.7133331298828,280.4799499511719,1406.4969482421875,1855.9200439453125,814.272705078125,1622.5601806640625,1096.02587890625,158.64822387695312,2991.40771484375,1508.3072509765625,3595.0,689.5999755859375,12874.0,713.4500122070312,244.52691650390625
2025-08-21,2376.137451171875,1356.0848388671875,7915.99072265625,2562.6005859375,1078.9000244140625,8563.9765625,1980.0,895.5999755859375,1929.9000244140625,304.8295593261719,5597.5,1577.99609375,363.3707580566406,6028.0,1276.5999755859375,5975.0,2881.199951171875,1443.3807373046875,995.5999755859375,795.4500122070312,4999.64990234375,707.2999877929688,2627.346435546875,1446.0,767.4500122070312,1442.619873046875,386.69036865234375,1071.800048828125,403.55999755859375,3577.65576171875,5145.53857421875,3375.10009765625,14280.0,1173.0665283203125,330.08856201171875,226.0548553466797,276.2007751464844,1418.24267578125,1874.6939697265625,811.0802612304688,1629.6142578125,1078.9700927734375,158.2465057373047,2995.269287109375,1505.536376953125,3616.300048828125,685.4000244140625,12870.0,712.4500122070312,243.62033081054688
2025-08-22,2323.86083984375,1335.5712890625,7911.99609375,2500.597412109375,1070.9000244140625,8559.0458984375,1965.9000244140625,894.5,1933.300048828125,301.4949645996094,5545.5,1577.99609375,359.81536865234375,6151.5,1277.5999755859375,5924.5,2813.800048828125,1417.093505859375,982.2999877929688,788.75,4902.34619140625,704.2000122070312,2609.387451171875,1436.4000244140625,760.0999755859375,1434.0396728515625,379.77752685546875,1054.5999755859375,397.32000732421875,3561.018310546875,5135.2177734375,3403.0,14349.0,1156.655029296875,328.3348693847656,224.15753173828125,275.5686340332031,1402.71435546875,1856.4193115234375,801.7975463867188,1631.2041015625,1075.003662109375,155.34632873535156,2948.3505859375,1489.4052734375,3621.0,680.2999877929688,12589.0,716.4500122070312,242.38229370117188
2025-08-25,2301.87060546875,1334.774658203125,7840.5908203125,2489.015380859375,1070.0,8629.060546875,1963.800048828125,900.7999877929688,1930.699951171875,300.87567138671875,5550.5,1586.31787109375,365.1484680175781,6248.5,1283.9000244140625,5990.5,2811.39990234375,1453.7215576171875,982.0499877929688,787.0,4966.986328125,715.8499755859375,2611.074462890625,1433.199951171875,770.8499755859375,1477.0367431640625,380.7787170410156,1057.800048828125,396.6600036621094,3568.247802734375,5202.54736328125,3398.89990234375,14452.0,1146.8082275390625,329.16302490234375,224.6033935546875,276.3466796875,1406.0987548828125,1844.236328125,801.9940185546875,1646.0078125,1072.524658203125,156.40451049804688,3031.954833984375,1511.2762451171875,3651.39990234375,686.7999877929688,12606.0,722.7999877929688,247.451416015625
2025-08-26,2270.984619140625,1309.879638671875,7783.1669921875,2477.533203125,1050.0999755859375,8570.8798828125,1924.199951171875,876.25,1904.699951171875,297.35052490234375,5765.5,1565.1168212890625,357.8935241699219,6190.5,1263.199951171875,6151.0,2796.199951171875,1442.7042236328125,973.4000244140625,776.5999755859375,4976.40283203125,705.7000122070312,2671.5986328125,1416.5999755859375,756.4000244140625,1474.6265869140625,384.5926818847656,1047.0999755859375,393.1400146484375,3507.04541015625,5077.2265625,3330.800048828125,14714.0,1155.958740234375,324.6325988769531,222.16537475585938,272.21337890625,1378.5262451171875,1814.078125,793.5462646484375,1589.971923828125,1070.8389892578125,151.89744567871094,3047.980224609375,1486.6341552734375,3594.0,681.6500244140625,12610.0,723.0999755859375,245.6869659423828
2025-08-28,2274.18310546875,1309.879638671875,7717.75390625,2485.12158203125,1051.9000244140625,8568.9072265625,1917.5999755859375,876.8499755859375,1881.0999755859375,296.0166931152344,5721.0,1565.6121826171875,359.6712341308594,6132.0,1259.800048828125,6133.0,2784.300048828125,1401.147216796875,957.7999877929688,775.3499755859375,4994.35302734375,701.4000244140625,2633.696533203125,1399.0999755859375,746.5999755859375,1446.1868896484375,382.2566223144531,1035.800048828125,388.94000244140625,3525.66357421875,5035.453125,3295.300048828125,14752.0,1156.15771484375,322.2942810058594,221.4064483642578,266.9130554199219,1379.521728515625,1814.2779541015625,787.750732421875,1575.466064453125,1053.48583984375,150.52574157714844,2986.677001953125,1480.1026611328125,3637.699951171875,675.4500122070312,12521.0,716.7000122070312,244.34169006347656
2025-08-29,2243.69677734375,1307.29052734375,7599.91015625,2514.675537109375,1045.199951171875,8511.7119140625,1913.5,877.8499755859375,1888.800048828125,293.6348571777344,5824.0,1574.6275634765625,360.15167236328125,6131.5,1260.0999755859375,6103.0,2775.60009765625,1405.9793701171875,951.5999755859375,772.0499877929688,4990.4296875,703.9500122070312,2639.054443359375,1397.800048828125,739.5,1416.782958984375,390.695068359375,1026.5999755859375,392.05999755859375,3566.16796875,5045.77294921875,3199.5,14791.0,1149.990966796875,319.1278381347656,221.7100067138672,267.6910705566406,1350.9537353515625,1802.99365234375,788.291015625,1584.2093505859375,1056.4605712890625,151.35855102539062,2977.988525390625,1466.0498046875,3628.800048828125,669.0,12640.0,715.75,243.13291931152344
2025-09-01,2283.17919921875,1329.6961669921875,7661.32861328125,2566.195068359375,1061.5,8842.5556640625,1943.5,889.3499755859375,1900.5999755859375,299.8752746582031,5846.5,1572.447998046875,363.1304931640625,6093.0,1279.9000244140625,6280.0,2803.89990234375,1419.123046875,950.5999755859375,781.7999877929688,5143.7412109375,719.5999755859375,2628.834716796875,1411.0,752.8499755859375,1445.511962890625,386.9764404296875,1035.5,393.7200012207031,3563.593017578125,5108.18798828125,3315.39990234375,14887.0,1168.0933837890625,322.1968994140625,226.46278381347656,272.1647644042969,1347.6689453125,1807.2877197265625,791.7781372070312,1553.210693359375,1066.674072265625,153.01441955566406,3004.923583984375,1489.9000244140625,3618.60009765625,690.1500244140625,12826.0,727.9500122070312,244.0590057373047
2025-09-02,2273.18359375,1330.59228515625,7671.81494140625,2536.0419921875,1056.199951171875,8905.1748046875,1955.9000244140625,890.0999755859375,1887.199951171875,300.06585693359375,5891.5,1554.615234375,365.2445373535156,6120.5,1253.699951171875,6349.0,2779.800048828125,1416.5135498046875,944.5,782.75,5210.44091796875,720.9500122070312,2656.120361328125,1394.199951171875,751.2000122070312,1444.837158203125,387.8345947265625,1044.0,388.5,3540.3203125,5153.8935546875,3234.5,14842.0,1194.4510498046875,327.6528625488281,227.1932373046875,278.8266296386719,1360.2109375,1811.9810791015625,789.666259765625,1555.098388671875,1091.5635986328125,155.18955993652344,3003.861572265625,1497.12451171875,3620.60009765625,684.4000244140625,12730.0,710.6500244140625,244.61463928222656
2025-09-03,2287.677001953125,1326.8082275390625,7725.7431640625,2549.92041015625,1054.699951171875,8989.48828125,1966.0999755859375,896.2999877929688,1883.9000244140625,299.9705810546875,5908.0,1563.7298583984375,374.5654296875,6164.0,1262.199951171875,6371.5,2781.39990234375,1416.900146484375,954.4500122070312,776.4500122070312,5246.7333984375,742.9500122070312,2643.916015625,1397.0,768.0999755859375,1425.941650390625,392.6020812988281,1072.199951171875,392.0400085449219,3565.969970703125,5102.29052734375,3286.0,14927.0,1188.3837890625,325.6556091308594,226.79481506347656,278.1944580078125,1366.2828369140625,1808.1864013671875,797.7701416015625,1568.51123046875,1095.1334228515625,164.4584197998047,2990.345703125,1492.572021484375,3690.60009765625,692.0499877929688,12733.0,715.5999755859375,243.2791290283203
2025-09-04,2277.78173828125,1322.6258544921875,7889.52587890625,2564.59765625,1050.4000244140625,8945.1123046875,2002.199951171875,934.75,1880.4000244140625,298.1127014160156,6083.0,1563.135498046875,376.15093994140625,6133.5,1253.0,6425.0,2809.800048828125,1394.8653564453125,961.25,754.25,5248.6953125,739.0499877929688,2645.801513671875,1405.5,754.8499755859375,1410.420166015625,396.5590515136719,1072.4000244140625,389.94000244140625,3557.849365234375,5120.96630859375,3481.5,14662.0,1206.088134765625,324.81903076171875,224.7921600341797,274.0611877441406,1353.0440673828125,1788.613525390625,795.06884765625,1572.088134765625,1062.11279296875,163.43942260742188,2988.60791015625,1484.8529052734375,3691.10009765625,687.5,12651.0,695.4000244140625,238.80465698242188
2025-09-05,2280.38037109375,1316.2528076171875,7794.15234375,2575.8798828125,1055.9000244140625,8958.42578125,2014.4000244140625,937.5999755859375,1895.300048828125,297.73162841796875,6076.0,1538.962158203125,377.30401611328125,6009.0,1268.0999755859375,6580.5,2804.0,1371.3807373046875,963.4000244140625,759.5499877929688,5260.4658203125,743.7999877929688,2612.860107421875,1402.800048828125,757.0499877929688,1392.6815185546875,388.40667724609375,1073.0999755859375,389.1000061035156,3519.2265625,5106.7138671875,3561.300048828125,14895.0,1202.0101318359375,323.490478515625,223.27587890625,277.5137023925781,1368.671875,1802.7939453125,792.318359375,1583.3150634765625,1063.40185546875,164.29183959960938,2942.847900390625,1462.5860595703125,3665.300048828125,691.7000122070312,12601.0,688.8499755859375,237.53736877441406
2025-09-08,2309.8671875,1342.6416015625,7776.17626953125,2526.8564453125,1055.5,9302.58203125,2008.4000244140625,944.2999877929688,1887.699951171875,301.4949645996094,6115.5,1526.87548828125,371.92291259765625,6027.5,1250.5999755859375,6815.0,2804.10009765625,1355.9176025390625,966.0,753.75,5338.9365234375,738.75,2603.434326171875,1402.699951171875,750.75,1381.4019775390625,388.5973815917969,1101.4000244140625,390.0199890136719,3495.458740234375,5002.03369140625,3561.300048828125,15258.0,1181.32177734375,321.5221862792969,221.7500457763672,275.0337219238281,1372.15576171875,1778.427734375,794.4794311523438,1570.79638671875,1065.1866455078125,165.4088134765625,2914.561279296875,1445.564208984375,3658.0,719.5,12664.0,705.7999877929688,236.41632080078125
2025-09-09,2310.56689453125,1375.104736328125,7815.12451171875,2533.346435546875,1052.199951171875,9252.783203125,2025.300048828125,948.4000244140625,1893.699951171875,299.1131286621094,6142.5,1537.1788330078125,372.7877502441406,6002.5,1291.300048828125,6874.5,2795.89990234375,1379.2088623046875,965.1500244140625,761.0999755859375,5319.80908203125,742.9000244140625,2621.393310546875,1403.699951171875,746.1500244140625,1450.2359619140625,390.9811096191406,1104.5,392.0799865722656,3490.903076171875,5096.88427734375,3696.300048828125,15365.0,1195.7440185546875,318.9633483886719,220.6056671142578,276.0549011230469,1369.8662109375,1803.1932373046875,794.528564453125,1581.4273681640625,1074.40869140625,165.7321319580078,2943.90966796875,1482.6756591796875,3630.10009765625,715.5499877929688,12572.0,704.0,242.8794403076172
2025-09-10,2339.154052734375,1383.270263671875,7918.4873046875,2539.3369140625,1070.0999755859375,9115.7119140625,2038.199951171875,967.9500122070312,1891.4000244140625,302.924072265625,6199.0,1549.265625,376.5833435058594,6031.5,1304.199951171875,6836.5,2785.800048828125,1414.7740478515625,965.9000244140625,777.5999755859375,5248.205078125,743.1500244140625,2622.881591796875,1403.9000244140625,751.25,1477.518798828125,393.8415832519531,1101.199951171875,394.6600036621094,3515.661376953125,5216.30859375,3604.39990234375,15108.0,1210.9619140625,320.4888000488281,220.9966583251953,275.17962646484375,1370.66259765625,1831.1544189453125,803.7130126953125,1583.116455078125,1091.7618408203125,166.0064697265625,3002.413330078125,1510.1876220703125,3620.60009765625,709.0999755859375,12478.0,696.9500122070312,249.31333923339844
2025-09-11,2397.72802734375,1387.25341796875,7869.05322265625,2551.917236328125,1087.4000244140625,8987.0234375,2037.800048828125,970.25,1913.0,304.877197265625,6300.5,1546.29345703125,377.9766845703125,6015.5,1303.0999755859375,6758.0,2799.0,1418.4464111328125,967.7999877929688,774.25,5200.63232421875,742.6500244140625,2601.54931640625,1401.5999755859375,748.5999755859375,1455.4417724609375,395.74859619140625,1099.0,394.4599914550781,3505.4609375,5201.0732421875,3595.699951171875,15095.0,1214.244140625,325.8031921386719,222.9230194091797,278.92388916015625,1376.9337158203125,1811.6815185546875,809.0665283203125,1599.3111572265625,1096.02587890625,165.9868927001953,3016.1220703125,1505.4373779296875,3584.199951171875,705.8499755859375,12392.0,701.6500244140625,247.5196533203125
2025-09-12,2390.930908203125,1387.25341796875,7864.0595703125,2542.332275390625,1105.300048828125,8874.60546875,2081.5,1003.25,1902.5999755859375,302.9717102050781,6247.0,1559.965087890625,378.9376220703125,6026.5,1316.699951171875,6875.0,2802.0,1417.963134765625,967.2999877929688,779.6500244140625,5200.1416015625,758.0499877929688,2560.372802734375,1417.699951171875,740.5,1470.7703857421875,394.5090637207031,1099.0,394.4599914550781,3545.173095703125,5241.37255859375,3589.89990234375,15325.0,1211.061279296875,326.44293212890625,222.43666076660156,279.7505187988281,1388.579833984375,1827.6593017578125,808.96826171875,1606.1666259765625,1094.6375732421875,166.3494110107422,3025.00390625,1509.69287109375,3571.89990234375,715.25,12370.0,693.0999755859375,245.5992431640625
2025-09-15,2382.334716796875,1389.3446044921875,7806.13671875,2498.700439453125,1104.4000244140625,8899.7509765625,2080.0,1009.8499755859375,1904.5,302.7335205078125,6212.0,1533.90966796875,379.3219909667969,6057.0,1300.800048828125,6801.0,2802.39990234375,1417.2867431640625,967.0499877929688,777.2000122070312,5187.39013671875,753.6500244140625,2560.868896484375,1419.4000244140625,739.9000244140625,1454.1885986328125,393.4601745605469,1100.9000244140625,394.1600036621094,3551.510986328125,5250.21875,3530.300048828125,15265.0,1205.9886474609375,325.8524475097656,221.4925537109375,278.3890075683594,1392.8599853515625,1819.67041015625,810.1470336914062,1591.660888671875,1093.348388671875,165.81051635742188,3004.24755859375,1504.0518798828125,3534.10009765625,712.9000244140625,12435.0,693.5999755859375,244.95584106445312
2025-09-16,2398.32763671875,1402.2900390625,7842.0888671875,2477.033935546875,1121.199951171875,8946.591796875,2080.300048828125,1003.25,1939.5,303.20989990234375,6202.5,1544.5101318359375,380.3309326171875,6099.5,1310.4000244140625,6927.5,2843.0,1433.32958984375,966.8499755859375,774.3499755859375,5214.36474609375,755.9500122070312,2560.769775390625,1421.5999755859375,742.25,1456.9844970703125,393.8892822265625,1115.199951171875,404.3399963378906,3632.32177734375,5283.6376953125,3608.0,15573.0,1197.7332763671875,329.73980712890625,224.1913604736328,280.43133544921875,1398.8323974609375,1816.275146484375,816.82666015625,1600.1060791015625,1082.9365234375,168.54415893554688,3036.878173828125,1515.630615234375,3556.800048828125,713.25,12578.0,702.7000122070312,247.61712646484375
2025-09-17,2400.926513671875,1400.1988525390625,7877.54150390625,2489.71435546875,1126.0,8957.9326171875,2057.0,1007.5,1941.300048828125,308.2593994140625,6097.5,1545.1044921875,384.1265563964844,6051.5,1311.4000244140625,6890.5,2865.39990234375,1431.783447265625,966.5,768.0499877929688,5247.71435546875,750.0999755859375,2549.656982421875,1419.199951171875,739.0499877929688,1467.685546875,390.2659912109375,1111.0,410.05999755859375,3649.8505859375,5330.32568359375,3633.199951171875,15801.0,1197.832763671875,331.06842041015625,225.89837646484375,279.2642517089844,1407.2933349609375,1801.4957275390625,841.973388671875,1609.743408203125,1126.7657470703125,167.89749145507812,3063.041015625,1531.16796875,3523.0,719.1500244140625,12721.0,704.6500244140625,247.75360107421875
2025-09-18,2400.926513671875,1406.870849609375,7840.09130859375,2474.837646484375,1133.0,8949.0576171875,2069.199951171875,996.5,1941.0999755859375,310.3078308105469,6100.5,1563.5316162109375,377.7845153808594,6112.0,1322.699951171875,6924.5,2878.800048828125,1443.6705322265625,976.9000244140625,784.5999755859375,5267.33203125,750.1500244140625,2566.623779296875,1421.699951171875,735.4500122070312,1485.2313232421875,392.4113464355469,1121.0999755859375,410.9200134277344,3650.345703125,5430.09130859375,3642.199951171875,15817.0,1202.60693359375,331.6097106933594,224.6681671142578,281.1607360839844,1408.4876708984375,1819.27099609375,839.222900390625,1637.9600830078125,1119.824462890625,168.55393981933594,3066.805908203125,1534.631591796875,3511.300048828125,711.2000122070312,12626.0,698.9500122070312,250.46363830566406
2025-09-19,2522.8720703125,1421.807861328125,7796.14990234375,2477.832763671875,1135.9000244140625,8846.9931640625,2067.300048828125,992.4500122070312,1962.4000244140625,313.975830078125,6069.5,1561.154052734375,379.08172607421875,6200.0,1321.699951171875,6973.5,2877.89990234375,1418.1566162109375,966.9000244140625,782.2000122070312,5304.60546875,743.2999877929688,2539.635986328125,1402.199951171875,744.4000244140625,1484.845703125,391.55322265625,1122.800048828125,406.20001220703125,3639.84814453125,5415.34765625,3592.10009765625,15864.0,1188.0853271484375,333.28277587890625,225.71719360351562,278.34039306640625,1400.9227294921875,1839.143310546875,847.081298828125,1645.3123779296875,1117.345458984375,168.0150604248047,3059.5654296875,1537.6995849609375,3467.199951171875,707.4500122070312,12508.0,691.0999755859375,249.44007873535156
2025-09-22,2628.324951171875,1438.1390380859375,7728.7392578125,2478.831298828125,1144.4000244140625,8928.841796875,2069.5,1006.5,1956.199951171875,310.02197265625,6056.5,1527.8662109375,379.27392578125,6092.5,1301.4000244140625,6946.0,2854.10009765625,1391.5794677734375,964.2000122070312,787.7999877929688,5325.6943359375,745.7000122070312,2552.1376953125,1401.5,734.2999877929688,1445.6083984375,388.0252990722656,1117.0,404.3399963378906,3609.2470703125,5170.11181640625,3584.800048828125,15816.0,1181.918701171875,333.8240661621094,226.46102905273438,278.7779846191406,1384.199951171875,1855.12109375,840.1069946289062,1633.389892578125,1120.61767578125,167.9268798828125,2967.465576171875,1489.8011474609375,3457.5,696.25,12650.0,682.7999877929688,244.02975463867188
2025-09-23,2675.203857421875,1435.5499267578125,7673.81201171875,2443.0869140625,1170.800048828125,8859.8134765625,2084.39990234375,1025.5,1938.699951171875,314.78570556640625,5934.0,1512.9066162109375,378.6493225097656,6051.0,1308.4000244140625,6990.5,2813.5,1381.818359375,957.2000122070312,775.0499877929688,5267.82275390625,745.9000244140625,2502.527587890625,1394.300048828125,755.25,1443.6802978515625,384.4496765136719,1138.4000244140625,409.5400085449219,3622.220458984375,5172.56884765625,3614.60009765625,16097.0,1162.1256103515625,337.5638427734375,225.68858337402344,280.6744689941406,1383.40380859375,1816.8743896484375,855.1851806640625,1620.67236328125,1119.0311279296875,169.78848266601562,2956.4599609375,1456.648193359375,3439.199951171875,701.3499755859375,12401.0,677.2000122070312,243.34738159179688
2025-09-24,2618.629150390625,1425.5919189453125,7633.36572265625,2453.37109375,1158.9000244140625,8716.33203125,2069.199951171875,1029.75,1931.0999755859375,314.7380676269531,5970.5,1523.705322265625,377.4962463378906,5984.0,1298.0999755859375,7011.5,2807.39990234375,1393.8988037109375,951.0499877929688,770.25,5176.1103515625,741.0499877929688,2529.61474609375,1382.699951171875,740.75,1440.884521484375,382.35198974609375,1149.0999755859375,406.260009765625,3638.263916015625,5118.01708984375,3574.89990234375,16249.0,1172.270751953125,342.0909118652344,227.4623565673828,285.245361328125,1376.635009765625,1814.5775146484375,850.8631591796875,1616.598876953125,1130.5338134765625,169.1712188720703,2930.393798828125,1437.350341796875,3418.300048828125,682.9500122070312,12214.0,676.1500244140625,238.43421936035156
2025-09-25,2575.24853515625,1401.2943115234375,7613.8916015625,2400.25390625,1166.5999755859375,8719.7841796875,2035.5999755859375,1012.75,1935.5999755859375,314.07110595703125,5953.5,1495.6683349609375,377.159912109375,5897.0,1275.199951171875,6986.0,2778.60009765625,1376.019775390625,949.8499755859375,765.0499877929688,5252.12841796875,745.6500244140625,2518.502197265625,1375.800048828125,740.75,1431.4368896484375,381.49383544921875,1148.5,402.70001220703125,3609.14794921875,5124.89794921875,3530.0,16269.0,1167.1981201171875,335.10345458984375,228.5590362548828,276.58978271484375,1366.0838623046875,1807.2877197265625,845.902587890625,1616.89697265625,1124.6832275390625,168.89688110351562,2855.092529296875,1429.334228515625,3378.5,664.2999877929688,12141.0,669.0999755859375,235.90940856933594
2025-09-26,2542.563232421875,1386.1580810546875,7500.04296875,2339.1494140625,1154.0,8581.2333984375,2003.199951171875,985.0999755859375,1916.5999755859375,309.0216064453125,5920.5,1485.464111328125,373.9408264160156,5689.5,1253.0999755859375,7047.0,2746.800048828125,1348.4761962890625,945.0499877929688,764.4000244140625,5226.13525390625,743.8499755859375,2492.208740234375,1359.5999755859375,712.75,1396.8270263671875,386.2613220214844,1130.800048828125,398.9599914550781,3693.425048828125,4988.27294921875,3396.5,16286.0,1156.356689453125,332.5446472167969,226.98553466796875,274.49884033203125,1371.2598876953125,1796.302978515625,841.7769165039062,1576.4595947265625,1109.61083984375,164.01748657226562,2798.80908203125,1393.1134033203125,3327.300048828125,672.9000244140625,12070.0,648.0,229.8166961669922
2025-09-29,2508.37841796875,1377.39501953125,7434.13037109375,2338.94970703125,1132.199951171875,8596.5185546875,2024.699951171875,990.9500122070312,1902.199951171875,322.121826171875,5929.0,1474.1700439453125,373.1240539550781,5697.5,1234.5999755859375,6985.0,2746.89990234375,1340.8411865234375,950.2999877929688,756.5999755859375,5199.16064453125,753.7999877929688,2478.4169921875,1348.0999755859375,723.4000244140625,1389.982177734375,388.3113098144531,1122.199951171875,398.32000732421875,3652.722412109375,5069.8544921875,3418.10009765625,15984.0,1146.3109130859375,335.54632568359375,228.8546600341797,272.8941650390625,1366.48193359375,1786.2169189453125,855.3325805664062,1579.04296875,1113.6763916015625,165.56556701660156,2795.9130859375,1396.082275390625,3401.199951171875,672.5,12041.0,654.2000122070312,233.60879516601562
2025-09-30,2504.780029296875,1397.60986328125,7399.1767578125,2346.338134765625,1131.5999755859375,8558.0595703125,2006.4000244140625,998.9000244140625,1878.4000244140625,323.5985412597656,5991.0,1489.327880859375,374.7095947265625,5689.5,1223.699951171875,7005.5,2756.89990234375,1338.618408203125,951.0,756.4500122070312,5367.87255859375,761.9500122070312,2494.788330078125,1348.0,735.5499877929688,1389.982177734375,382.87640380859375,1142.699951171875,398.5400085449219,3623.60693359375,5069.36328125,3427.0,16029.0,1146.708740234375,335.05426025390625,228.39691162109375,272.5537414550781,1357.722412109375,1788.1142578125,857.0025024414062,1584.0106201171875,1119.824462890625,165.3598175048828,2788.47900390625,1385.7901611328125,3367.0,680.2000122070312,12222.0,655.7999877929688,233.3455810546875
2025-10-01,2591.541259765625,1416.729248046875,7431.13427734375,2332.160400390625,1159.5,8506.78125,2007.0,987.7000122070312,1867.5999755859375,323.6462097167969,5966.5,1498.9376220703125,373.3162536621094,5710.0,1244.699951171875,7021.5,2789.699951171875,1342.87060546875,965.25,764.0,5328.63720703125,765.9500122070312,2516.41845703125,1372.0,743.1500244140625,1393.8385009765625,386.7380676269531,1146.0999755859375,412.6600036621094,3634.797607421875,5035.453125,3463.39990234375,15965.0,1160.1363525390625,334.857421875,231.77279663085938,272.9427795410156,1362.4007568359375,1798.5997314453125,848.80029296875,1625.64013671875,1135.1944580078125,164.12527465820312,2813.386962890625,1401.327392578125,3408.300048828125,718.3499755859375,12095.0,661.4500122070312,235.0028076171875
2025-10-03,2588.742431640625,1413.1444091796875,7439.623046875,2354.1259765625,1181.0,8559.0458984375,2000.9000244140625,989.75,1896.699951171875,325.40875244140625,5992.5,1503.593994140625,368.3675231933594,5866.0,1248.0999755859375,6941.0,2791.39990234375,1346.736572265625,965.1500244140625,759.2000122070312,5444.38134765625,780.3499755859375,2525.050537109375,1365.199951171875,747.4000244140625,1394.609619140625,385.4985046386719,1161.699951171875,420.1000061035156,3696.990234375,5032.50390625,3462.0,15806.0,1163.6175537109375,336.57965087890625,232.3640594482422,281.7442626953125,1357.125244140625,1782.6219482421875,851.9436645507812,1620.67236328125,1127.95556640625,169.71011352539062,2801.51220703125,1386.0870361328125,3453.300048828125,716.0999755859375,12019.0,674.0,234.91506958007812
2025-10-06,2572.349853515625,1394.6224365234375,7651.84130859375,2351.130615234375,1212.800048828125,8669.984375,2033.199951171875,1008.9000244140625,1903.0999755859375,327.36187744140625,6011.0,1499.0367431640625,366.97418212890625,5826.5,1248.5999755859375,6880.0,2807.39990234375,1370.124267578125,973.4500122070312,763.0499877929688,5474.78857421875,776.7000122070312,2521.974853515625,1363.4000244140625,739.2999877929688,1422.9530029296875,382.11358642578125,1159.9000244140625,429.20001220703125,3700.8525390625,5183.8720703125,3472.0,15998.0,1175.35400390625,333.7256164550781,234.4620819091797,279.0211181640625,1368.671875,1768.441650390625,858.5741577148438,1644.020751953125,1132.5169677734375,166.62374877929688,2885.019775390625,1424.3861083984375,3425.39990234375,712.6500244140625,12055.0,681.3499755859375,236.0361328125
2025-10-07,2541.063720703125,1393.6265869140625,7689.791015625,2349.1337890625,1186.800048828125,8780.4306640625,2032.5999755859375,1016.5499877929688,1929.0,325.7422180175781,5887.0,1499.2349853515625,369.6647644042969,6104.5,1248.5,6957.0,2808.0,1385.297607421875,982.5,755.5999755859375,5507.64794921875,767.7999877929688,2497.566650390625,1375.9000244140625,749.0,1406.0819091796875,381.2077941894531,1156.800048828125,425.3800048828125,3693.623046875,5178.95751953125,3492.800048828125,16108.0,1170.48046875,332.64306640625,233.94711303710938,281.0634460449219,1378.4267578125,1781.623291015625,849.3897094726562,1642.4310302734375,1110.6024169921875,167.966064453125,2870.828369140625,1423.990234375,3418.199951171875,698.0499877929688,12184.0,679.8499755859375,237.40089416503906
2025-10-08,2522.971923828125,1388.448486328125,7651.84130859375,2324.87158203125,1180.5999755859375,8669.984375,2013.5999755859375,1023.1500244140625,1943.5,328.7909851074219,5836.0,1480.7086181640625,367.1663818359375,6120.5,1234.5,6902.5,2778.199951171875,1404.4329833984375,978.7000122070312,747.2999877929688,5407.10791015625,768.2000122070312,2480.60009765625,1370.300048828125,740.9500122070312,1441.2701416015625,381.16009521484375,1145.199951171875,423.55999755859375,3693.72216796875,5251.20166015625,3426.5,16012.0,1174.1605224609375,328.5096435546875,230.59982299804688,277.4650573730469,1361.1068115234375,1770.4388427734375,843.0538940429688,1621.06982421875,1110.80078125,168.46575927734375,2922.4775390625,1443.090087890625,3565.60009765625,681.5499877929688,11991.0,674.7999877929688,238.1222686767578
2025-10-09,2541.263671875,1389.742919921875,7684.7978515625,2332.75927734375,1167.4000244140625,8687.7353515625,2014.5999755859375,1024.0999755859375,1942.0,327.74298095703125,5876.0,1499.0367431640625,368.3675231933594,6132.0,1246.0999755859375,6896.5,2810.60009765625,1436.615478515625,977.0999755859375,754.3499755859375,5406.6171875,774.0999755859375,2497.963623046875,1376.199951171875,749.1500244140625,1455.0562744140625,381.3031311035156,1175.199951171875,428.9200134277344,3732.740966796875,5341.13818359375,3442.89990234375,15985.0,1181.42138671875,330.5271301269531,232.10658264160156,278.2917175292969,1371.458984375,1807.2877197265625,846.835693359375,1647.7962646484375,1108.6192626953125,172.85523986816406,2955.783935546875,1451.403076171875,3550.60009765625,681.0999755859375,12192.0,675.0499877929688,240.1986541748047
2025-10-10,2549.759765625,1403.485107421875,7670.81640625,2336.553466796875,1180.4000244140625,8822.3408203125,2004.300048828125,1023.8499755859375,1939.9000244140625,322.6934509277344,5871.5,1547.2841796875,369.47259521484375,6474.5,1264.4000244140625,6965.0,2811.0,1445.3134765625,980.9000244140625,747.2999877929688,5394.8466796875,773.9500122070312,2509.17529296875,1380.300048828125,763.3499755859375,1460.4549560546875,384.0682373046875,1167.800048828125,430.0199890136719,3747.397705078125,5377.9970703125,3454.89990234375,16265.0,1193.0584716796875,334.3161315917969,234.91981506347656,281.2093505859375,1375.3409423828125,1807.8868408203125,865.0573120117188,1660.1162109375,1117.0479736328125,170.3469696044922,2923.539794921875,1442.1004638671875,3531.89990234375,678.9500122070312,12281.0,681.2999877929688,242.44078063964844
2025-10-13,2526.270263671875,1431.7659912109375,7660.82958984375,2338.849853515625,1189.5999755859375,8940.1826171875,2020.4000244140625,1036.75,1954.9000244140625,321.9789123535156,5862.0,1549.0673828125,366.6378479003906,6556.0,1262.4000244140625,6912.0,2798.0,1444.5404052734375,977.0,746.5499877929688,5452.71875,770.2000122070312,2473.35693359375,1379.4000244140625,759.9000244140625,1439.5347900390625,380.683349609375,1161.4000244140625,430.4200134277344,3733.0380859375,5404.04443359375,3459.699951171875,16323.0,1181.7197265625,336.2844543457031,232.7741241455078,278.2917175292969,1368.671875,1812.780029296875,867.3165893554688,1657.63232421875,1107.627685546875,169.5337371826172,2903.16943359375,1435.8658447265625,3533.60009765625,660.75,12172.0,673.7999877929688,238.96063232421875
2025-10-14,2515.875,1423.0028076171875,7748.712890625,2314.488037109375,1176.800048828125,8976.17578125,2019.4000244140625,1019.1500244140625,1946.5999755859375,316.73883056640625,5800.5,1537.8724365234375,366.0613098144531,6561.0,1237.300048828125,6887.0,2775.800048828125,1445.217041015625,977.1500244140625,743.5499877929688,5464.9794921875,760.0999755859375,2482.782958984375,1384.0999755859375,750.4000244140625,1436.353515625,378.3472900390625,1147.800048828125,430.3599853515625,3708.081787109375,5375.53955078125,3459.800048828125,16261.0,1169.1873779296875,331.314453125,233.3463134765625,279.60467529296875,1369.5677490234375,1813.6787109375,861.4227905273438,1643.7227783203125,1109.51171875,167.0646514892578,2857.89208984375,1452.78857421875,3537.39990234375,395.45001220703125,12070.0,669.9500122070312,242.16781616210938
2025-10-15,2531.668212890625,1444.6116943359375,7815.6240234375,2371.399169921875,1169.5999755859375,8873.1259765625,2084.10009765625,1059.9000244140625,1968.5,321.9312438964844,5857.5,1544.212890625,369.23236083984375,6573.0,1232.4000244140625,6895.0,2816.800048828125,1445.5067138671875,978.25,761.1500244140625,5431.6298828125,764.25,2499.3525390625,1398.4000244140625,740.0999755859375,1421.4105224609375,381.3031311035156,1160.800048828125,429.9200134277344,3791.665283203125,5513.638671875,3497.199951171875,16212.0,1214.8409423828125,333.8732604980469,236.23583984375,282.9599304199219,1367.97509765625,1838.044921875,870.4107666015625,1644.418212890625,1104.85107421875,169.739501953125,2877.756591796875,1443.8818359375,3549.0,390.8500061035156,12311.0,677.6500244140625,243.91278076171875
2025-10-16,2556.45703125,1473.2908935546875,7823.11376953125,2405.945068359375,1196.300048828125,9024.4951171875,2090.199951171875,1065.75,1967.4000244140625,320.0257568359375,6025.5,1554.8134765625,372.451416015625,6600.5,1240.199951171875,6988.0,2859.800048828125,1464.1591796875,994.3499755859375,742.8499755859375,5472.82666015625,780.0999755859375,2541.52099609375,1417.300048828125,739.5,1418.61474609375,386.3089599609375,1172.0999755859375,441.0799865722656,3824.4453125,5526.4169921875,3560.800048828125,16298.0,1269.7445068359375,336.08758544921875,236.83665466308594,283.8352355957031,1391.8646240234375,1833.151611328125,871.2457275390625,1648.29296875,1139.6566162109375,170.48414611816406,2878.628662109375,1448.6322021484375,3640.300048828125,396.79998779296875,12358.0,680.4000244140625,247.4221649169922
2025-10-17,2548.260498046875,1473.1912841796875,7891.02392578125,2503.892333984375,1200.199951171875,9023.509765625,2083.699951171875,1070.0999755859375,2012.0,319.9781188964844,6083.0,1562.937255859375,373.6044921875,6621.5,1255.9000244140625,7042.5,2836.199951171875,1447.7933349609375,1002.5499877929688,745.9500122070312,5485.578125,772.7999877929688,2583.391845703125,1436.5999755859375,751.0,1389.3072509765625,392.98345947265625,1163.300048828125,441.1600036621094,3802.261962890625,5509.2158203125,3647.199951171875,16401.0,1282.5751953125,335.59552001953125,236.2072296142578,281.7928771972656,1410.279541015625,1841.5400390625,873.4067993164062,1668.2633056640625,1156.2164306640625,168.7401123046875,2870.391845703125,1432.5999755859375,3674.800048828125,396.6000061035156,12370.0,674.1500244140625,234.8370819091797
2025-10-20,2546.96142578125,1460.8433837890625,7999.3798828125,2512.079345703125,1226.0,8997.8701171875,2139.800048828125,1081.0,2051.5,321.74072265625,6070.0,1623.8656005859375,375.33416748046875,6604.0,1282.0,7013.5,2854.0,1456.755615234375,1002.9500122070312,742.25,5533.15087890625,786.3499755859375,2574.164306640625,1390.300048828125,759.75,1408.395751953125,393.8415832519531,1145.199951171875,442.760009765625,3835.23974609375,5500.86083984375,3599.10009765625,16424.0,1278.4971923828125,336.5304870605469,237.20855712890625,280.2854309082031,1460.04931640625,1837.1461181640625,891.431884765625,1677.7020263671875,1166.529296875,168.47555541992188,2921.749267578125,1444.4000244140625,3737.199951171875,399.75,12346.0,680.7999877929688,235.1685333251953
2025-10-21,2548.76025390625,1467.3160400390625,8001.37744140625,2500.697265625,1237.300048828125,8991.4609375,2169.10009765625,1086.5,2043.5,323.0268859863281,6075.0,1648.137939453125,375.81463623046875,6587.0,1288.699951171875,7018.5,2870.699951171875,1447.598388671875,1007.7000122070312,743.7000122070312,5538.5458984375,784.9500122070312,2571.485595703125,1382.0,758.4500122070312,1419.482421875,393.6509094238281,1152.5,439.3999938964844,3850.58984375,5465.9677734375,3621.199951171875,16396.0,1280.3870849609375,336.57965087890625,236.61729431152344,280.6744689941406,1458.4566650390625,1838.4443359375,891.775634765625,1679.5897216796875,1164.7442626953125,169.28878784179688,2913.512939453125,1448.699951171875,3729.0,401.8500061035156,12342.0,680.9500122070312,235.28550720214844
2025-10-23,2544.662353515625,1447.001708984375,7957.93505859375,2498.50048828125,1258.800048828125,8921.4462890625,2176.60009765625,1094.1500244140625,2007.9000244140625,315.64312744140625,6068.0,1629.809814453125,377.30401611328125,6565.5,1279.4000244140625,6884.5,2864.60009765625,1484.51904296875,1008.7999877929688,743.6500244140625,5481.65478515625,792.4000244140625,2581.308349609375,1363.699951171875,759.5999755859375,1473.566162109375,396.60675048828125,1138.199951171875,445.1199951171875,3880.794921875,5521.0107421875,3623.60009765625,16393.0,1265.9649658203125,337.2193603515625,240.61305236816406,281.69561767578125,1441.7340087890625,1850.1280517578125,895.41015625,1678.99365234375,1151.2584228515625,170.6409149169922,2977.95166015625,1463.4000244140625,3772.300048828125,405.8500061035156,12145.0,675.6500244140625,238.15151977539062
2025-10-24,2503.080810546875,1423.0028076171875,7827.10888671875,2497.701904296875,1241.9000244140625,8950.5361328125,2159.5,1089.75,2029.300048828125,314.8333435058594,6053.0,1569.674072265625,378.6493225097656,6593.0,1283.5999755859375,6840.0,2841.300048828125,1484.421630859375,994.75,734.9500122070312,5434.572265625,824.4500122070312,2496.772705078125,1377.699951171875,755.0499877929688,1470.57763671875,397.4172058105469,1141.4000244140625,437.3999938964844,3867.128173828125,5472.65869140625,3625.0,16274.0,1275.115478515625,334.21771240234375,243.14019775390625,280.5771789550781,1444.9193115234375,1837.24609375,888.4849853515625,1688.034912109375,1145.6063232421875,170.91525268554688,2968.26171875,1453.699951171875,3714.89990234375,403.29998779296875,11918.0,672.0499877929688,236.86473083496094
2025-10-27,2491.68603515625,1414.6380615234375,7835.09814453125,2514.875244140625,1254.0999755859375,8969.2724609375,2170.199951171875,1084.4000244140625,2080.10009765625,326.7902526855469,5912.0,1569.27783203125,381.1957702636719,6490.0,1284.300048828125,6906.5,2923.89990234375,1493.8709716796875,1002.9500122070312,737.25,5538.5458984375,840.8499755859375,2492.208740234375,1377.5999755859375,770.0499877929688,1472.633056640625,401.0881652832031,1150.5999755859375,429.7200012207031,3885.845703125,5565.41552734375,3611.60009765625,16388.0,1276.110107421875,336.3336486816406,241.52854919433594,283.0571594238281,1477.2696533203125,1900.4581298828125,906.411865234375,1682.669677734375,1160.083740234375,173.09039306640625,2989.2890625,1462.800048828125,3739.800048828125,410.04998779296875,12015.0,679.8499755859375,237.77133178710938
2025-10-28,2493.28515625,1411.949462890625,7870.0517578125,2505.389892578125,1246.300048828125,8931.7998046875,2140.199951171875,1072.75,2090.199951171875,324.55126953125,5861.0,1553.5255126953125,376.1029052734375,6438.5,1289.4000244140625,7002.5,2932.89990234375,1482.7655029296875,1003.5499877929688,747.0,5502.2529296875,848.9500122070312,2477.62353515625,1363.0999755859375,799.75,1468.4241943359375,398.466064453125,1184.199951171875,432.1600036621094,3934.37158203125,5521.99755859375,3579.10009765625,16311.0,1264.174560546875,333.77484130859375,238.92510986328125,280.3340759277344,1480.056884765625,1934.1114501953125,913.779052734375,1676.1123046875,1159.0921630859375,178.13632202148438,2963.1259765625,1447.4000244140625,3717.0,411.5,11931.0,702.5999755859375,236.27984619140625
2025-10-29,2536.265869140625,1448.694580078125,7848.0810546875,2534.744140625,1248.800048828125,8908.6259765625,2137.0,1062.949951171875,2100.60009765625,331.6492004394531,5852.5,1566.4046630859375,367.0702819824219,6512.0,1250.9000244140625,6952.0,2958.699951171875,1517.055908203125,1007.8499755859375,761.2999877929688,5445.36181640625,856.25,2468.693603515625,1370.4000244140625,807.4500122070312,1478.408203125,401.9940185546875,1207.9000244140625,430.1000061035156,3919.81396484375,5598.9658203125,3534.699951171875,16138.0,1266.163818359375,341.99249267578125,243.78866577148438,287.23907470703125,1497.277099609375,1967.6646728515625,923.11083984375,1704.8258056640625,1167.2232666015625,181.44802856445312,2962.83544921875,1452.199951171875,3748.300048828125,411.3500061035156,11999.0,720.0499877929688,236.18235778808594
2025-10-30,2525.7705078125,1451.7816162109375,7779.671875,2519.56787109375,1238.5999755859375,8799.1669921875,2114.60009765625,1052.300048828125,2066.300048828125,340.70025634765625,5859.5,1525.7857666015625,372.5475158691406,6655.0,1202.199951171875,6889.0,2950.39990234375,1509.749755859375,998.1500244140625,746.5999755859375,5409.56005859375,861.3499755859375,2450.337890625,1362.4000244140625,800.9500122070312,1462.1597900390625,399.2765197753906,1210.0,427.44000244140625,3948.929443359375,5623.63525390625,3502.10009765625,16206.0,1273.0267333984375,339.67974853515625,242.73013305664062,283.49481201171875,1481.6494140625,1965.66748046875,917.8064575195312,1692.406494140625,1166.7275390625,180.62501525878906,2941.2265625,1433.800048828125,3750.699951171875,412.45001220703125,12053.0,721.3499755859375,235.83140563964844
2025-10-31,2479.89111328125,1445.408447265625,7670.81640625,2506.8876953125,1232.800048828125,8769.08984375,2088.300048828125,1042.800048828125,2054.5,339.93804931640625,5836.5,1487.346435546875,373.46038818359375,6738.0,1197.5999755859375,7007.0,2891.699951171875,1501.664306640625,987.2999877929688,731.8499755859375,5438.00537109375,847.8499755859375,2446.269775390625,1345.300048828125,794.7999877929688,1450.9034423828125,400.8021240234375,1206.0,420.44000244140625,3991.909423828125,5609.3271484375,3487.199951171875,16186.0,1264.7713623046875,331.6097106933594,243.53118896484375,280.23681640625,1479.5592041015625,1952.985107421875,920.4095458984375,1679.788330078125,1155.224853515625,179.1455078125,2963.222900390625,1424.4000244140625,3746.699951171875,410.0,11947.0,720.0999755859375,234.6128692626953
2025-11-03,2465.8974609375,1438.6368408203125,7814.1259765625,2508.285400390625,1233.699951171875,8798.673828125,2081.60009765625,1043.0999755859375,2074.0,349.94183349609375,5820.5,1497.45166015625,373.3642578125,6804.0,1196.0,7023.5,2899.89990234375,1503.612548828125,992.6500244140625,736.0,5433.10107421875,847.2000122070312,2440.812744140625,1346.4000244140625,796.9000244140625,1454.0355224609375,394.69976806640625,1195.0,422.70001220703125,3941.9970703125,5629.0625,3548.89990234375,15651.0,1259.8975830078125,329.887451171875,245.610107421875,280.0909423828125,1477.866943359375,1966.8658447265625,932.8847045898438,1695.3870849609375,1187.4521484375,178.9789581298828,2923.300048828125,1419.800048828125,3724.5,417.0,11950.0,730.5999755859375,234.44715881347656
2025-11-04,2418.718505859375,1438.3382568359375,7800.14453125,2482.824951171875,1226.5999755859375,8629.5537109375,2073.199951171875,1057.0,2113.300048828125,355.3248596191406,5892.5,1489.327880859375,372.6240539550781,6804.5,1200.0,6930.0,2882.0,1489.584716796875,985.25,742.4500122070312,5207.49853515625,831.4000244140625,2426.624267578125,1336.9000244140625,790.2000122070312,1436.808349609375,389.88458251953125,1181.4000244140625,419.32000732421875,3886.439697265625,5545.68017578125,3581.199951171875,15374.0,1258.206787109375,325.3603515625,240.6511993408203,271.38671875,1466.3203125,1968.76318359375,940.644775390625,1679.093017578125,1169.4049072265625,175.667236328125,2897.524169921875,1409.199951171875,3813.5,406.5,11819.0,731.3499755859375,231.9320831298828
2025-11-06,2313.265869140625,1430.7701416015625,7771.68212890625,2598.843994140625,1228.5,8599.4765625,2063.199951171875,1041.9000244140625,2094.89990234375,350.5611267089844,6013.5,1487.5445556640625,368.2814636230469,6883.5,1205.199951171875,6806.5,2700.10009765625,1486.9544677734375,984.6500244140625,736.0499877929688,5224.17333984375,788.4000244140625,2417.0,1320.4000244140625,786.2000122070312,1435.6336669921875,388.5497131347656,1168.800048828125,416.6400146484375,3844.053955078125,5577.2568359375,3618.5,15452.0,1259.30078125,321.4729309082031,239.84060668945312,262.7797546386719,1489.2144775390625,1968.064208984375,943.739013671875,1675.0194091796875,1180.4117431640625,173.6880645751953,2917.58251953125,1413.5999755859375,3774.39990234375,407.8500061035156,11910.0,733.3499755859375,234.00848388671875
2025-11-07,2368.341064453125,1442.221923828125,7631.86767578125,2609.72705078125,1222.800048828125,8600.462890625,2102.10009765625,1066.5999755859375,2001.199951171875,357.0773010253906,6157.5,1491.7054443359375,371.09429931640625,6656.5,1205.4000244140625,6886.0,2724.60009765625,1473.3162841796875,982.2999877929688,749.25,5194.7470703125,790.4000244140625,2414.0,1343.0,797.25,1445.5198974609375,385.2601318359375,1171.699951171875,417.6600036621094,3844.945068359375,5493.87451171875,3690.199951171875,15479.0,1255.9190673828125,323.6564636230469,240.50814819335938,264.53033447265625,1471.19775390625,1996.1251220703125,938.92578125,1680.48388671875,1157.4063720703125,177.70521545410156,2899.074951171875,1386.699951171875,3769.300048828125,405.70001220703125,11849.0,747.9500122070312,230.5380859375
2025-11-10,2297.3310546875,1438.836181640625,7519.51708984375,2646.27001953125,1217.0,8650.2626953125,2118.300048828125,1085.0,2019.800048828125,355.1321716308594,6133.5,1497.45166015625,376.3744812011719,6691.5,1198.699951171875,6866.5,2762.89990234375,1500.690185546875,984.5,750.7000122070312,5257.03271484375,785.2000122070312,2408.800048828125,1348.0,799.3499755859375,1481.4425048828125,386.69036865234375,1179.300048828125,418.5400085449219,3880.596923828125,5568.3759765625,3663.89990234375,15583.0,1256.1180419921875,323.0113525390625,239.7452392578125,265.2225646972656,1482.44580078125,1986.53857421875,934.3090209960938,1686.8426513671875,1133.1119384765625,177.81298828125,2931.439453125,1397.800048828125,3803.0,410.45001220703125,11728.0,750.6500244140625,233.8037567138672
2025-11-11,2293.5517578125,1468.2122802734375,7491.0546875,2653.059326171875,1222.5,8771.5556640625,1989.4000244140625,1005.2000122070312,2042.300048828125,363.88525390625,5950.5,1500.820068359375,377.8055725097656,6539.5,1211.5,6873.0,2775.800048828125,1529.427734375,991.7000122070312,763.9000244140625,5313.923828125,793.75,2427.5,1358.300048828125,826.0999755859375,1497.88671875,387.929931640625,1191.5,417.3800048828125,3916.74365234375,5634.9833984375,3749.10009765625,15645.0,1261.2901611328125,324.20233154296875,237.88563537597656,264.67864990234375,1486.5269775390625,1994.5274658203125,936.4209594726562,1705.0245361328125,1146.4986572265625,177.3818817138672,2952.56396484375,1408.0,3812.39990234375,407.6000061035156,11825.0,752.3499755859375,235.60720825195312
2025-11-12,2407.609130859375,1500.575927734375,7488.05859375,2765.484130859375,1221.5999755859375,8744.9296875,2035.5,1013.2000122070312,2073.800048828125,365.14959716796875,5880.0,1505.17919921875,381.4573059082031,6520.0,1229.5999755859375,6879.0,2767.39990234375,1552.8074951171875,989.5,783.0999755859375,5428.19677734375,794.4000244140625,2424.5,1358.9000244140625,864.4000244140625,1518.8333740234375,388.07293701171875,1181.800048828125,416.8999938964844,3916.34765625,5815.5634765625,3754.300048828125,15696.0,1271.3358154296875,324.6986083984375,242.0816650390625,264.134765625,1504.5435791015625,1993.9281005859375,940.2028198242188,1720.9212646484375,1152.25,175.00099182128906,3034.735595703125,1456.0999755859375,3851.10009765625,402.1499938964844,11921.0,760.5999755859375,239.04835510253906
2025-11-13,2411.194580078125,1492.7091064453125,7430.63525390625,2874.9130859375,1225.199951171875,8744.4365234375,2056.199951171875,1005.4000244140625,2091.800048828125,364.663330078125,5851.5,1511.6187744140625,378.20037841796875,6593.5,1234.9000244140625,6855.0,2777.800048828125,1557.1912841796875,986.6500244140625,782.2000122070312,5403.18408203125,811.9500122070312,2407.60009765625,1385.9000244140625,863.4500122070312,1509.14306640625,386.8334045410156,1183.9000244140625,415.0400085449219,3963.7841796875,5769.67822265625,3699.5,15749.0,1268.3519287109375,324.5001220703125,239.2207489013672,266.854248046875,1503.9464111328125,1985.140380859375,937.1085815429688,1726.18701171875,1145.1104736328125,173.08058166503906,3009.4443359375,1451.4000244140625,3839.199951171875,397.95001220703125,11934.0,758.1500244140625,239.1555938720703
2025-11-14,2438.909423828125,1506.3515625,7410.66162109375,2901.87109375,1241.5999755859375,8720.27734375,2065.800048828125,1018.5,2100.699951171875,360.9675598144531,5803.5,1517.860107421875,381.90142822265625,6511.5,1246.0,6695.0,2783.39990234375,1553.3919677734375,989.5999755859375,773.7000122070312,5432.61083984375,803.6500244140625,2427.699951171875,1373.0,848.25,1470.9691162109375,389.1694641113281,1167.800048828125,415.94000244140625,3965.665771484375,5732.1806640625,3698.60009765625,15684.0,1264.7713623046875,325.9888610839844,241.9075164794922,268.2881164550781,1511.9095458984375,1998.1224365234375,950.7133178710938,1745.7598876953125,1148.0853271484375,170.73887634277344,3009.7353515625,1439.199951171875,3829.199951171875,391.20001220703125,11874.0,758.5999755859375,238.21974182128906
2025-11-17,2460.899658203125,1501.27294921875,7477.57275390625,2883.39990234375,1249.5999755859375,8821.3544921875,2079.60009765625,1026.800048828125,2112.199951171875,363.9825134277344,5830.5,1521.32763671875,382.7897033691406,6518.5,1244.4000244140625,6799.0,2790.300048828125,1564.8870849609375,996.5499877929688,770.25,5687.6396484375,807.1500244140625,2425.0,1379.0,854.0499877929688,1475.66748046875,388.1683044433594,1175.5,420.5799865722656,3988.740478515625,5771.158203125,3734.89990234375,15878.0,1263.4783935546875,327.72576904296875,242.34716796875,270.5131530761719,1511.3123779296875,1993.2291259765625,956.1159057617188,1752.5159912109375,1169.00830078125,169.67091369628906,3006.052978515625,1452.800048828125,3868.60009765625,372.70001220703125,11778.0,773.2000122070312,237.90780639648438
2025-11-18,2435.7109375,1488.725830078125,7375.7080078125,2906.0,1265.4000244140625,8797.1943359375,2050.199951171875,1013.5999755859375,2149.199951171875,361.64837646484375,5840.0,1500.4237060546875,378.9405822753906,6473.5,1243.800048828125,6814.5,2762.0,1553.9764404296875,992.4500122070312,761.7999877929688,5688.62060546875,797.1500244140625,2404.0,1373.4000244140625,847.9500122070312,1454.91650390625,386.9764404296875,1163.0,418.6199951171875,3960.912353515625,5679.8818359375,3694.800048828125,15930.0,1258.30615234375,325.9888610839844,241.2724609375,271.15594482421875,1512.4072265625,1990.532958984375,955.2318725585938,1747.448974609375,1144.416259765625,168.9654541015625,2991.421142578125,1422.0,3879.199951171875,371.29998779296875,11707.0,759.6500244140625,234.8370819091797
2025-11-19,2432.0126953125,1477.9710693359375,7449.1103515625,2893.699951171875,1270.4000244140625,8761.201171875,2050.199951171875,1005.5999755859375,2159.800048828125,355.6184387207031,5874.5,1512.6094970703125,374.1044921875,6454.0,1250.199951171875,6896.5,2744.699951171875,1619.634765625,994.5999755859375,761.0999755859375,5764.1484375,790.9500122070312,2441.60009765625,1383.0999755859375,839.5999755859375,1508.4578857421875,384.78338623046875,1164.9000244140625,421.17999267578125,3980.718994140625,5893.025390625,3722.5,15768.0,1272.131591796875,324.1527404785156,243.27532958984375,272.09539794921875,1511.9095458984375,2002.0169677734375,965.3494873046875,1772.5855712890625,1152.3492431640625,169.71011352539062,3050.142822265625,1433.9000244140625,3933.10009765625,360.8500061035156,11666.0,752.6500244140625,239.87696838378906
2025-11-20,2445.0068359375,1484.8421630859375,7413.158203125,2859.800048828125,1285.199951171875,8854.8828125,2095.60009765625,1028.5999755859375,2158.300048828125,355.034912109375,5819.0,1514.987060546875,374.6966552734375,6462.5,1248.5999755859375,7125.5,2748.60009765625,1602.8792724609375,1008.8499755859375,762.2000122070312,5884.796875,799.7999877929688,2428.39990234375,1383.0,829.4000244140625,1503.955322265625,386.59503173828125,1170.0,419.739990234375,3998.3466796875,5947.2978515625,3716.699951171875,15801.0,1272.3304443359375,324.1527404785156,242.34716796875,274.1226501464844,1541.9705810546875,2024.2860107421875,964.1707153320312,1765.928955078125,1164.0501708984375,168.9752655029297,3047.332763671875,1456.0,3902.39990234375,359.79998779296875,11753.0,753.5,240.0621795654297
2025-11-21,2421.217529296875,1473.5897216796875,7381.20068359375,2876.60009765625,1275.800048828125,8768.5966796875,2052.39990234375,1004.0999755859375,2162.699951171875,354.5486145019531,5813.0,1497.7489013671875,373.2655944824219,6373.0,1243.9000244140625,7134.5,2734.800048828125,1566.4456787109375,998.0499877929688,764.0,5887.7392578125,777.7000122070312,2433.699951171875,1369.5,846.5499877929688,1512.2752685546875,388.8834228515625,1140.300048828125,417.55999755859375,3985.967529296875,5847.63330078125,3749.60009765625,15977.0,1273.8223876953125,324.20233154296875,241.2724609375,274.5181884765625,1539.4820556640625,2019.6923828125,955.3792114257812,1768.2139892578125,1173.1729736328125,164.60537719726562,3052.953125,1461.5,3904.199951171875,362.25,11729.0,750.8499755859375,238.3367462158203
2025-11-24,2398.127685546875,1479.6640625,7344.7490234375,2879.199951171875,1269.0,8882.494140625,2030.800048828125,994.0,2152.10009765625,349.7830505371094,5815.5,1490.0213623046875,367.6893005371094,6359.0,1226.199951171875,7258.5,2688.699951171875,1568.7838134765625,999.1500244140625,761.6500244140625,5867.63134765625,774.6500244140625,2424.199951171875,1368.4000244140625,836.0499877929688,1515.2117919921875,384.78338623046875,1106.0,417.4599914550781,3974.47998046875,5843.6865234375,3690.800048828125,15958.0,1262.3841552734375,321.0263366699219,240.1000518798828,272.7381591796875,1528.831298828125,2012.003173828125,953.4146118164062,1769.3070068359375,1176.0487060546875,162.0187225341797,3043.84423828125,1494.699951171875,3874.300048828125,358.29998779296875,11584.0,742.7000122070312,241.04676818847656
2025-11-25,2331.857177734375,1477.6724853515625,7320.78076171875,2875.800048828125,1266.300048828125,8922.431640625,2030.199951171875,986.2000122070312,2161.60009765625,346.0873107910156,5867.0,1493.48876953125,365.221923828125,6412.0,1236.0999755859375,7218.5,2686.800048828125,1559.7239990234375,989.7999877929688,766.5499877929688,5965.22900390625,789.3499755859375,2414.10009765625,1357.800048828125,839.9000244140625,1498.1802978515625,382.1612854003906,1112.0,413.9800109863281,3958.040283203125,5755.86328125,3669.300048828125,15889.0,1256.4163818359375,321.27447509765625,239.70925903320312,270.4142761230469,1532.61376953125,2028.1805419921875,966.1844482421875,1765.332763671875,1167.8182373046875,162.9691162109375,3022.526123046875,1494.699951171875,3855.10009765625,352.45001220703125,11580.0,749.7000122070312,239.45779418945312
2025-11-26,2313.96533203125,1499.8787841796875,7383.1982421875,2874.0,1290.199951171875,9036.822265625,2085.10009765625,1010.7000122070312,2126.800048828125,357.5635681152344,5880.5,1509.6373291015625,372.42669677734375,6510.0,1248.0,7198.5,2744.0,1576.0899658203125,1003.9000244140625,787.5499877929688,6019.177734375,800.7999877929688,2425.199951171875,1375.0,850.7000122070312,1524.902099609375,383.5915222167969,1154.4000244140625,420.760009765625,4022.708740234375,5812.109375,3686.39990234375,16156.0,1269.9434814453125,323.6564636230469,242.00521850585938,271.9964904785156,1562.6748046875,2026.283203125,966.4791870117188,1793.25146484375,1175.3546142578125,166.2416229248047,3064.87158203125,1520.4000244140625,3897.699951171875,359.25,11759.0,760.5999755859375,243.89328002929688
2025-11-27,2253.9921875,1502.7666015625,7312.79150390625,2879.10009765625,1287.300048828125,8897.2861328125,2103.199951171875,1033.800048828125,2115.60009765625,354.69451904296875,5826.5,1511.0242919921875,373.1175231933594,6490.5,1249.300048828125,6999.0,2740.0,1586.9029541015625,1009.5,777.7999877929688,6033.400390625,807.5499877929688,2451.699951171875,1392.199951171875,857.4500122070312,1533.2220458984375,385.4985046386719,1160.5999755859375,422.0400085449219,4041.822021484375,5945.81787109375,3681.199951171875,15903.0,1259.5992431640625,324.8970947265625,238.39028930664062,270.6614990234375,1556.2047119140625,2001.7174072265625,955.624755859375,1798.6165771484375,1167.8182373046875,164.73275756835938,3039.386962890625,1509.800048828125,3903.300048828125,357.79998779296875,11617.0,758.6500244140625,243.2791290283203
2025-11-28,2279.180908203125,1510.533935546875,7325.7744140625,2874.39990234375,1279.699951171875,8947.578125,2094.0,1037.5,2101.60009765625,349.2481689453125,5846.0,1517.067626953125,371.2423400878906,6477.0,1258.800048828125,7053.5,2739.39990234375,1582.22705078125,1007.5999755859375,764.2999877929688,6056.451171875,808.4000244140625,2466.60009765625,1388.800048828125,858.5499877929688,1527.055419921875,385.4508361816406,1160.300048828125,424.8800048828125,4030.2353515625,6015.87890625,3757.300048828125,15900.0,1254.32763671875,324.00384521484375,237.65753173828125,266.953125,1560.285888671875,1963.2708740234375,961.6658935546875,1819.779052734375,1162.5628662109375,164.56619262695312,3040.259033203125,1517.300048828125,3907.699951171875,356.79998779296875,11600.0,758.6500244140625,243.24989318847656
2025-12-01,2260.989013671875,1524.076904296875,7277.837890625,2867.60009765625,1275.699951171875,8969.765625,2081.800048828125,1021.0999755859375,2089.699951171875,344.2880859375,5813.5,1508.9437255859375,374.6966552734375,6422.5,1260.0999755859375,7125.5,2731.5,1600.44384765625,1002.0999755859375,766.75,6175.1376953125,810.7999877929688,2464.5,1390.0999755859375,847.1500244140625,1530.872802734375,385.4508361816406,1168.4000244140625,429.5199890136719,4033.80029296875,6071.13818359375,3741.60009765625,16097.0,1253.830322265625,324.64898681640625,239.20120239257812,266.65643310546875,1558.892333984375,1968.863037109375,955.870361328125,1795.7353515625,1154.0350341796875,165.22265625,3036.2861328125,1529.5,3894.89990234375,363.79998779296875,11662.0,750.8499755859375,243.98101806640625
2025-12-02,2238.59912109375,1511.7288818359375,7232.3984375,2954.39990234375,1258.0,8959.4111328125,2065.89990234375,1025.5,2104.0,348.9077453613281,5875.5,1502.504150390625,374.0058288574219,6417.5,1275.199951171875,7112.5,2735.0,1593.235107421875,989.7999877929688,759.0,6150.61572265625,806.8499755859375,2477.800048828125,1373.0,850.2999877929688,1527.9364013671875,382.3043212890625,1162.0,428.4800109863281,3991.513427734375,6082.486328125,3716.5,16239.0,1252.1395263671875,326.13775634765625,237.94085693359375,264.48089599609375,1539.1834716796875,1978.749267578125,950.1730346679688,1787.88623046875,1152.4483642578125,164.3898162841797,3038.514892578125,1536.699951171875,3885.800048828125,361.75,11666.0,746.75,243.873779296875
2025-12-03,2188.8212890625,1491.4144287109375,7174.47509765625,2953.5,1270.699951171875,8875.5908203125,2046.0,1021.4000244140625,2086.0,348.5673522949219,5824.5,1493.984130859375,370.35406494140625,6455.0,1280.699951171875,7081.5,2720.300048828125,1598.10595703125,1000.5,751.9500122070312,6092.74365234375,816.2999877929688,2448.0,1391.5,846.9000244140625,1545.261474609375,381.8752136230469,1143.5999755859375,429.2200012207031,3949.424560546875,6077.55224609375,3649.39990234375,16082.0,1235.2308349609375,320.53009033203125,234.5017852783203,265.46978759765625,1531.718017578125,1970.0614013671875,934.2107543945312,1795.039794921875,1130.4346923828125,163.5471954345703,3081.441650390625,1541.699951171875,3817.800048828125,356.8500061035156,11591.0,743.0,248.280029296875
2025-12-04,2216.90869140625,1499.2813720703125,7191.45263671875,2957.199951171875,1280.0,8958.9189453125,2049.199951171875,1029.0999755859375,2103.800048828125,346.23321533203125,5876.5,1506.86328125,374.1044921875,6469.0,1277.5999755859375,7100.0,2730.39990234375,1611.8414306640625,997.2000122070312,760.7999877929688,6218.787109375,810.7999877929688,2462.199951171875,1386.699951171875,863.0,1563.7611083984375,384.3066101074219,1150.5999755859375,427.0799865722656,3945.067138671875,6183.13720703125,3671.60009765625,15994.0,1235.7281494140625,320.53009033203125,236.6609649658203,266.1125793457031,1528.53271484375,2000.11962890625,931.31298828125,1806.56494140625,1138.76416015625,163.40023803710938,3129.11669921875,1562.300048828125,3800.39990234375,356.45001220703125,11608.0,756.4500122070312,250.46363830566406
2025-12-05,2264.387451171875,1503.0654296875,7179.9677734375,2968.5,1282.5,8982.5849609375,2096.5,1048.0,2108.800048828125,350.41522216796875,5961.0,1506.665283203125,374.9927673339844,6473.5,1275.199951171875,7208.0,2747.0,1639.507568359375,1003.2999877929688,768.2999877929688,6229.0859375,823.25,2338.60009765625,1392.5,870.0999755859375,1581.9671630859375,386.1182861328125,1162.199951171875,430.9800109863281,3999.138916015625,6208.79345703125,3717.10009765625,16282.0,1240.2039794921875,320.87744140625,235.6839599609375,266.8047790527344,1533.5096435546875,2020.890625,954.2987060546875,1793.64892578125,1153.142578125,163.7333526611328,3137.837890625,1570.800048828125,3813.300048828125,353.6000061035156,11597.0,759.0999755859375,253.36865234375
2025-12-08,2215.20947265625,1474.2867431640625,7086.591796875,2928.300048828125,1273.800048828125,8900.7373046875,2059.199951171875,1026.4000244140625,2086.199951171875,347.74066162109375,5847.5,1483.6807861328125,372.42669677734375,6328.5,1266.5,7142.0,2744.199951171875,1644.962890625,1003.0999755859375,764.0499877929688,6049.09423828125,819.4500122070312,2314.0,1389.5999755859375,841.4000244140625,1576.681640625,383.5915222167969,1119.0999755859375,426.32000732421875,3958.040283203125,6173.26953125,3681.699951171875,16187.0,1208.2763671875,317.1059265136719,233.03627014160156,262.255859375,1535.898681640625,2017.894775390625,939.466064453125,1784.6075439453125,1136.18603515625,160.1669158935547,3136.190673828125,1591.800048828125,3767.0,348.29998779296875,11540.0,739.8499755859375,254.80165100097656
2025-12-09,2244.196533203125,1490.91650390625,7081.5986328125,2796.0,1275.9000244140625,8836.6396484375,2069.5,1016.7000122070312,2089.699951171875,345.30926513671875,5884.0,1476.745849609375,374.40057373046875,6294.0,1246.199951171875,7123.0,2746.0,1614.763916015625,997.0999755859375,762.9000244140625,5886.26806640625,812.9000244140625,2306.5,1375.199951171875,844.3499755859375,1565.1314697265625,382.3996276855469,1107.800048828125,425.5400085449219,3958.832763671875,6162.908203125,3635.89990234375,16020.0,1209.27099609375,317.45330810546875,234.325927734375,261.6130676269531,1522.3612060546875,2003.4149169921875,942.3638305664062,1764.5379638671875,1137.078369140625,157.42349243164062,3108.864501953125,1561.5999755859375,3849.0,344.70001220703125,11414.0,739.7000122070312,250.9315643310547
2025-12-10,2210.61181640625,1491.812744140625,7009.1943359375,2804.5,1278.5999755859375,8866.22265625,2065.800048828125,1010.2999877929688,2067.0,345.4065246582031,5828.5,1477.0430908203125,377.1640319824219,6294.5,1250.800048828125,7228.5,2746.800048828125,1622.94677734375,989.7999877929688,771.0499877929688,5831.8291015625,821.75,2301.699951171875,1363.5999755859375,833.8499755859375,1551.2322998046875,384.4019775390625,1096.800048828125,425.8999938964844,3952.692626953125,6138.23876953125,3630.0,16019.0,1202.805908203125,319.190185546875,233.78855895996094,262.5525207519531,1529.8267822265625,2011.7034912109375,942.7567749023438,1773.9765625,1130.5338134765625,158.95196533203125,3090.356689453125,1550.800048828125,3845.699951171875,343.3999938964844,11317.0,736.9000244140625,251.4872283935547
2025-12-11,2276.68212890625,1497.6881103515625,7000.20654296875,2779.39990234375,1272.699951171875,8927.85546875,2065.800048828125,1006.4000244140625,2053.199951171875,341.6621398925781,5847.0,1498.2442626953125,378.98992919921875,6430.0,1273.5,7256.0,2797.800048828125,1629.1815185546875,1000.2999877929688,775.2000122070312,5865.17919921875,824.3499755859375,2305.60009765625,1360.0,835.5499877929688,1564.1527099609375,384.16363525390625,1105.4000244140625,436.0400085449219,3965.170654296875,6211.26025390625,3665.199951171875,16248.0,1208.4752197265625,320.1827087402344,232.92880249023438,261.86029052734375,1537.889404296875,2004.114013671875,946.1947631835938,1795.5364990234375,1132.5169677734375,163.0181121826172,3092.972900390625,1568.199951171875,3844.800048828125,346.6499938964844,11472.0,745.8499755859375,252.72525024414062
2025-12-12,2281.3798828125,1516.4091796875,7091.5849609375,2764.800048828125,1286.0999755859375,8889.8896484375,2083.10009765625,1017.2999877929688,2083.39990234375,355.034912109375,5915.5,1503.2967529296875,378.348388671875,6426.5,1279.300048828125,7229.0,2836.699951171875,1629.960693359375,1001.5,777.5,5846.05224609375,852.0999755859375,2260.60009765625,1366.0,846.1500244140625,1564.348388671875,381.49383544921875,1125.5,435.32000732421875,4034.69189453125,6201.392578125,3679.60009765625,16522.0,1231.650146484375,322.61431884765625,232.5477752685547,260.6736145019531,1549.3365478515625,2023.087646484375,946.0965576171875,1781.9249267578125,1139.6566162109375,168.41677856445312,3120.6865234375,1578.4000244140625,3880.199951171875,347.45001220703125,11723.0,748.3499755859375,254.04129028320312
2025-12-15,2277.88134765625,1506.251953125,7077.1044921875,2780.199951171875,1284.800048828125,8815.9306640625,2070.5,1012.7000122070312,2069.699951171875,356.9314270019531,6038.0,1493.984130859375,379.4340515136719,6347.5,1280.5999755859375,7121.5,2821.0,1640.481689453125,996.0999755859375,772.7000122070312,5845.5615234375,847.8499755859375,2293.5,1365.199951171875,851.25,1572.766357421875,383.5915222167969,1114.800048828125,436.260009765625,4052.7158203125,6186.5908203125,3608.0,16415.0,1236.822265625,321.5225830078125,229.9391632080078,259.2891845703125,1549.037841796875,2032.0751953125,950.1239624023438,1785.501708984375,1147.688720703125,169.37696838378906,3130.085693359375,1575.4000244140625,3866.199951171875,347.1499938964844,11728.0,765.6500244140625,255.15257263183594
2025-12-16,2246.895263671875,1492.7091064453125,7042.15087890625,2790.89990234375,1219.5999755859375,8882.9873046875,2035.199951171875,998.4000244140625,2102.0,358.04986572265625,6066.0,1485.6622314453125,376.6212463378906,6335.5,1276.9000244140625,7061.5,2799.10009765625,1609.016357421875,994.2999877929688,764.3499755859375,5832.81005859375,837.1500244140625,2281.10009765625,1366.0,845.0499877929688,1559.1607666015625,383.0194091796875,1082.5999755859375,436.4800109863281,4024.491455078125,6133.79833984375,3621.0,16354.0,1233.937744140625,318.5946960449219,226.87135314941406,257.459716796875,1535.201904296875,2033.173583984375,944.1319580078125,1769.8037109375,1160.083740234375,166.39840698242188,3105.763916015625,1578.199951171875,3929.5,345.45001220703125,11528.0,749.9000244140625,252.69601440429688
2025-12-17,2231.502197265625,1480.0623779296875,6912.3232421875,2785.699951171875,1224.699951171875,8771.5556640625,2021.199951171875,999.5999755859375,2108.0,358.244384765625,6096.0,1482.9873046875,379.7301330566406,6293.0,1272.0,7134.5,2806.60009765625,1612.2310791015625,984.0,753.5,5705.7861328125,848.7999877929688,2275.60009765625,1352.4000244140625,833.8499755859375,1568.0679931640625,381.2077941894531,1079.300048828125,434.6400146484375,4023.104736328125,6169.81591796875,3612.800048828125,16398.0,1227.969970703125,318.8428039550781,227.5552520751953,258.2013854980469,1537.292236328125,2007.409423828125,958.5716552734375,1781.328857421875,1169.9007568359375,166.89808654785156,3118.0703125,1579.4000244140625,3907.89990234375,346.3500061035156,11540.0,746.2999877929688,254.5677032470703
2025-12-18,2228.3037109375,1489.4228515625,6909.3271484375,2759.699951171875,1229.800048828125,8708.443359375,2026.300048828125,1000.2999877929688,2092.0,353.3815612792969,6040.5,1484.96875,380.27294921875,6380.0,1280.0,7106.5,2807.60009765625,1618.4656982421875,979.7000122070312,757.0,5638.595703125,856.7000122070312,2265.5,1356.800048828125,834.9000244140625,1592.3427734375,381.7798767089844,1082.199951171875,432.9200134277344,3992.107666015625,6162.4150390625,3586.60009765625,16329.0,1226.8759765625,316.1134033203125,226.66616821289062,255.0863494873047,1537.292236328125,2011.6036376953125,960.2415771484375,1734.6322021484375,1161.6702880859375,164.7229461669922,3179.11767578125,1605.5999755859375,3919.300048828125,345.79998779296875,11461.0,744.4000244140625,257.2095031738281
2025-12-19,2237.999267578125,1490.1199951171875,7003.20263671875,2799.89990234375,1230.5999755859375,8877.0703125,2043.800048828125,1008.2999877929688,2097.699951171875,355.9102478027344,6103.0,1502.99951171875,380.56903076171875,6478.5,1278.199951171875,7217.0,2812.5,1599.956787109375,985.5,766.4500122070312,5670.47412109375,852.0,2280.0,1354.0999755859375,844.7000122070312,1603.9906005859375,382.3996276855469,1079.5999755859375,431.8999938964844,4034.097412109375,6115.54296875,3603.60009765625,16414.0,1237.7174072265625,317.5029296875,227.53570556640625,260.5252990722656,1557.8968505859375,2025.584228515625,962.94287109375,1733.638671875,1174.0654296875,165.28143310546875,3180.280517578125,1612.5,3930.10009765625,352.6499938964844,11496.0,751.5499877929688,257.7944030761719
2025-12-22,2262.488525390625,1502.3682861328125,7044.6474609375,2807.60009765625,1233.199951171875,9036.822265625,2049.800048828125,1007.7999877929688,2147.60009765625,359.7518615722656,6083.0,1498.838623046875,381.2105712890625,6511.5,1283.4000244140625,7291.5,2809.699951171875,1627.1358642578125,987.7000122070312,761.7999877929688,5590.53271484375,864.5499877929688,2289.5,1368.5,856.4000244140625,1653.8125,383.9729309082031,1094.9000244140625,429.94000244140625,4033.008056640625,6109.62255859375,3616.699951171875,16649.0,1250.4486083984375,318.29693603515625,228.79605102539062,262.0580749511719,1568.1495361328125,2019.49267578125,957.0491333007812,1758.3779296875,1168.9091796875,165.80072021484375,3221.8505859375,1646.699951171875,3933.800048828125,359.1499938964844,11532.0,776.5499877929688,265.8075256347656
2025-12-23,2247.794921875,1487.3316650390625,7064.12158203125,2807.800048828125,1225.0,8972.724609375,2047.5999755859375,1011.4000244140625,2122.89990234375,359.84912109375,6061.0,1486.751953125,395.1759338378906,6476.5,1283.5,7303.0,2829.800048828125,1636.4876708984375,996.5999755859375,763.9500122070312,5634.181640625,863.8499755859375,2302.60009765625,1363.0,849.9000244140625,1632.9637451171875,388.40667724609375,1096.800048828125,432.5400085449219,4019.539794921875,6120.47705078125,3625.10009765625,16585.0,1249.75244140625,320.82781982421875,230.07594299316406,264.0358581542969,1563.4710693359375,2021.9892578125,954.691650390625,1744.567626953125,1175.6519775390625,167.44677734375,3207.41259765625,1633.0,3925.800048828125,363.25,11678.0,781.0,264.5694580078125
2025-12-24,2221.70654296875,1488.02880859375,7162.4912109375,2785.5,1226.300048828125,9042.7392578125,2035.699951171875,1011.7000122070312,2123.699951171875,355.8616027832031,6030.0,1482.3929443359375,397.1004943847656,6496.5,1265.800048828125,7312.5,2826.89990234375,1631.4219970703125,997.2000122070312,755.3499755859375,5589.5517578125,864.4500122070312,2282.199951171875,1359.800048828125,848.0499877929688,1628.16748046875,387.6915588378906,1091.300048828125,432.739990234375,4014.39013671875,6081.49951171875,3636.699951171875,16703.0,1252.9351806640625,320.133056640625,228.39547729492188,265.0741882324219,1551.0286865234375,2022.58837890625,951.7938842773438,1725.7896728515625,1169.3056640625,166.63356018066406,3216.1337890625,1631.5,3909.300048828125,359.20001220703125,11764.0,772.7000122070312,261.31353759765625
2025-12-26,2228.9033203125,1480.8590087890625,7146.51220703125,2746.5,1228.199951171875,8938.703125,2017.5999755859375,1000.0,2105.39990234375,355.9588623046875,6032.5,1492.002685546875,396.9031066894531,6427.5,1269.300048828125,7324.0,2817.699951171875,1617.9786376953125,992.0999755859375,748.4500122070312,5529.2275390625,872.9000244140625,2285.39990234375,1350.4000244140625,849.8499755859375,1621.0220947265625,385.35546875,1094.4000244140625,432.8399963378906,4008.15087890625,5955.685546875,3623.10009765625,16596.0,1265.7659912109375,321.67144775390625,229.13800048828125,262.5030822753906,1552.0240478515625,2016.297119140625,949.1907348632812,1708.402587890625,1165.8350830078125,165.70274353027344,3178.342529296875,1612.300048828125,3992.0,358.79998779296875,11794.0,774.0499877929688,259.5978088378906
2025-12-29,2202.21533203125,1448.2962646484375,7075.10693359375,2775.39990234375,1232.0,8960.890625,2012.0999755859375,998.0,2081.60009765625,361.40521240234375,6041.5,1480.1142578125,395.42266845703125,6390.5,1268.5999755859375,7272.0,2842.39990234375,1588.656494140625,991.7000122070312,746.4500122070312,5459.5849609375,865.0,2293.300048828125,1343.300048828125,839.5999755859375,1609.863525390625,383.8775634765625,1092.5999755859375,431.7200012207031,3999.634033203125,5953.7119140625,3592.10009765625,16542.0,1273.126220703125,323.06097412109375,229.4213409423828,257.7069396972656,1538.4866943359375,2007.010009765625,947.962890625,1706.1173095703125,1185.17138671875,168.81849670410156,3150.7255859375,1612.4000244140625,3983.699951171875,358.6000061035156,11799.0,770.9500122070312,257.58966064453125
2025-12-30,2213.710205078125,1455.067626953125,6980.732421875,2758.300048828125,1246.0,9153.1845703125,2026.4000244140625,989.2999877929688,2099.800048828125,359.3628234863281,6013.0,1478.628173828125,392.8072509765625,6360.5,1265.800048828125,7192.5,2841.699951171875,1573.4595947265625,990.9000244140625,743.0,5601.8125,884.1500244140625,2290.199951171875,1342.5,841.5,1587.2528076171875,381.9705810546875,1111.5999755859375,430.5400085449219,4012.805419921875,5993.67626953125,3660.300048828125,16647.0,1267.2579345703125,322.4654541015625,229.2845458984375,257.459716796875,1532.71337890625,1992.7298583984375,956.2141723632812,1709.0980224609375,1169.107421875,172.24777221679688,3146.171630859375,1604.5999755859375,3974.10009765625,361.75,11705.0,787.3499755859375,257.0145263671875
